
 Brazil 
Projecao:  10  dias
Gerado em:  2020-08-16 20:41:50
RMSE(%):  21.4 , BIAS(%): 7.06

Taxa de Mortalidade 3.23 %

    country       dias otimista casos_estimados pessimista estimativa_mortes casos_confirmados mortes_confirmadas latitude longitude
222  Brazil 2020-08-07  2386838         3036068    3685298             98032           2962442             100477        0         0
223  Brazil 2020-08-08  2444689         3109655    3774621            100408           3012412             101049        0         0
224  Brazil 2020-08-09  2503942         3185025    3866108            102842           3035422             101752        0         0
225  Brazil 2020-08-10  2564631         3262222    3959813            105334           3057470             103026        0         0
226  Brazil 2020-08-11  2626791         3341290    4055789            107887           3109630             104201        0         0
227  Brazil 2020-08-12  2690459         3422275    4154091            110502           3164785             105463        0         0
228  Brazil 2020-08-13  2755668         3505222    4254776            113181           3224876             106523        0         0
229  Brazil 2020-08-14  2822459         3590180    4357901            115924           3275520             107232        0         0
230  Brazil 2020-08-15  2890868         3677197    4463526            118733           3317096             107852        0         0
231  Brazil 2020-08-16  2960936         3766323    4571710            121611           3340197             107852        0         0
232  Brazil 2020-08-17  3032701         3857609    4682517            124559                NA                 NA        0         0
233  Brazil 2020-08-18  3106206         3951108    4796010            127578                NA                 NA        0         0
234  Brazil 2020-08-19  3181493         4046873    4912253            130670                NA                 NA        0         0
235  Brazil 2020-08-20  3258605         4144959    5031313            133837                NA                 NA        0         0
236  Brazil 2020-08-21  3337585         4245422    5153259            137081                NA                 NA        0         0
237  Brazil 2020-08-22  3418480         4348321    5278162            140403                NA                 NA        0         0
238  Brazil 2020-08-23  3501335         4453713    5406091            143806                NA                 NA        0         0
239  Brazil 2020-08-24  3586199         4561660    5537121            147292                NA                 NA        0         0
240  Brazil 2020-08-25  3673119         4672223    5671327            150862                NA                 NA        0         0
241  Brazil 2020-08-26  3762146         4785466    5808786            154518                NA                 NA        0         0

Total de casos no mundo:  21815756 6559263 5282580 5659772 3165263 1122708 25449 721 21815756

Estimados a partir dos dados da OMS:
    day       date       x    xest
1     1 2019-12-30       0   15267
2     2 2019-12-31       0   15637
3     3 2020-01-01       0   16016
4     4 2020-01-02       0   16405
5     5 2020-01-03       0   16802
6     6 2020-01-04       0   17209
7     7 2020-01-05       0   17627
8     8 2020-01-06       0   18054
9     9 2020-01-07       0   18491
10   10 2020-01-08       0   18940
11   11 2020-01-09       0   19399
12   12 2020-01-10       0   19869
13   13 2020-01-11       0   20350
14   14 2020-01-12       0   20844
15   15 2020-01-13       0   21349
16   16 2020-01-14       0   21866
17   17 2020-01-15       0   22396
18   18 2020-01-16       0   22939
19   19 2020-01-17       0   23495
20   20 2020-01-18       0   24064
21   21 2020-01-19       0   24648
22   22 2020-01-20       0   25245
23   23 2020-01-21       0   25857
24   24 2020-01-22       0   26484
25   25 2020-01-23       0   27126
26   26 2020-01-24       0   27783
27   27 2020-01-25       0   28456
28   28 2020-01-26       0   29146
29   29 2020-01-27       0   29853
30   30 2020-01-28       0   30576
31   31 2020-01-29       0   31317
32   32 2020-01-30       0   32076
33   33 2020-01-31       0   32854
34   34 2020-02-01       0   33650
35   35 2020-02-02       0   34466
36   36 2020-02-03       0   35301
37   37 2020-02-04       0   36157
38   38 2020-02-05       0   37033
39   39 2020-02-06       0   37931
40   40 2020-02-07       0   38850
41   41 2020-02-08       0   39791
42   42 2020-02-09       0   40756
43   43 2020-02-10       0   41744
44   44 2020-02-11       0   42755
45   45 2020-02-12       0   43792
46   46 2020-02-13       0   44853
47   47 2020-02-14       0   45940
48   48 2020-02-15       0   47054
49   49 2020-02-16       0   48194
50   50 2020-02-17       0   49362
51   51 2020-02-18       0   50559
52   52 2020-02-19       0   51784
53   53 2020-02-20       0   53039
54   54 2020-02-21       0   54325
55   55 2020-02-22       0   55642
56   56 2020-02-23       0   56990
57   57 2020-02-24       0   58371
58   58 2020-02-25       1   59786
59   59 2020-02-26       1   61235
60   60 2020-02-27       1   62720
61   61 2020-02-28       1   64240
62   62 2020-02-29       2   65797
63   63 2020-03-01       2   67391
64   64 2020-03-02       2   69025
65   65 2020-03-03       2   70698
66   66 2020-03-04       3   72411
67   67 2020-03-05       8   74166
68   68 2020-03-06      13   75964
69   69 2020-03-07      13   77805
70   70 2020-03-08      25   79691
71   71 2020-03-09      25   81623
72   72 2020-03-10      34   83601
73   73 2020-03-11      52   85627
74   74 2020-03-12      77   87703
75   75 2020-03-13      98   89828
76   76 2020-03-14     121   92005
77   77 2020-03-15     200   94235
78   78 2020-03-16     234   96519
79   79 2020-03-17     291   98859
80   80 2020-03-18     428  101255
81   81 2020-03-19     621  103709
82   82 2020-03-20     904  106223
83   83 2020-03-21    1128  108797
84   84 2020-03-22    1546  111434
85   85 2020-03-23    1891  114135
86   86 2020-03-24    2201  116902
87   87 2020-03-25    2433  119735
88   88 2020-03-26    2915  122637
89   89 2020-03-27    3417  125609
90   90 2020-03-28    3904  128654
91   91 2020-03-29    4256  131772
92   92 2020-03-30    4579  134966
93   93 2020-03-31    5717  138237
94   94 2020-04-01    6836  141588
95   95 2020-04-02    7910  145019
96   96 2020-04-03    9056  148534
97   97 2020-04-04   10278  152134
98   98 2020-04-05   11130  155822
99   99 2020-04-06   12056  159599
100 100 2020-04-07   13717  163467
101 101 2020-04-08   15927  167429
102 102 2020-04-09   17857  171487
103 103 2020-04-10   19638  175643
104 104 2020-04-11   20727  179900
105 105 2020-04-12   22169  184261
106 106 2020-04-13   23430  188727
107 107 2020-04-14   25262  193301
108 108 2020-04-15   28320  197986
109 109 2020-04-16   30425  202785
110 110 2020-04-17   33682  207700
111 111 2020-04-18   36599  212734
112 112 2020-04-19   38654  217890
113 113 2020-04-20   40581  223171
114 114 2020-04-21   43079  228580
115 115 2020-04-22   45757  234121
116 116 2020-04-23   49492  239795
117 117 2020-04-24   52995  245607
118 118 2020-04-25   58509  251560
119 119 2020-04-26   61888  257657
120 120 2020-04-27   66501  263902
121 121 2020-04-28   71886  270299
122 122 2020-04-29   78162  276850
123 123 2020-04-30   85380  283560
124 124 2020-05-01   91589  290433
125 125 2020-05-02   96559  297472
126 126 2020-05-03  101147  304682
127 127 2020-05-04  107780  312067
128 128 2020-05-05  114715  319631
129 129 2020-05-06  125218  327378
130 130 2020-05-07  135106  335312
131 131 2020-05-08  145328  343440
132 132 2020-05-09  155939  351764
133 133 2020-05-10  162699  360290
134 134 2020-05-11  168331  369022
135 135 2020-05-12  177589  377966
136 136 2020-05-13  188974  387127
137 137 2020-05-14  202918  396510
138 138 2020-05-15  218223  406121
139 139 2020-05-16  233142  415964
140 140 2020-05-17  241080  426046
141 141 2020-05-18  254220  436372
142 142 2020-05-19  271628  446949
143 143 2020-05-20  291579  457782
144 144 2020-05-21  310087  468877
145 145 2020-05-22  330890  480242
146 146 2020-05-23  347398  491881
147 147 2020-05-24  363211  503803
148 148 2020-05-25  374898  516014
149 149 2020-05-26  391222  528521
150 150 2020-05-27  411821  541331
151 151 2020-05-28  438238  554452
152 152 2020-05-29  465166  567890
153 153 2020-05-30  498440  581655
154 154 2020-05-31  514849  595752
155 155 2020-06-01  526447  610192
156 156 2020-06-02  555383  624982
157 157 2020-06-03  584016  640130
158 158 2020-06-04  614932  655645
159 159 2020-06-05  645762  671536
160 160 2020-06-06  672837  687812
161 161 2020-06-07  691758  704483
162 162 2020-06-08  707412  721558
163 163 2020-06-09  739503  739047
164 164 2020-06-10  772416  756959
165 165 2020-06-11  802828  775306
166 166 2020-06-12  828810  794098
167 167 2020-06-13  850514  813345
168 168 2020-06-14  867624  833058
169 169 2020-06-15  888271  853249
170 170 2020-06-16  923189  873930
171 171 2020-06-17  955377  895112
172 172 2020-06-18  978142  916807
173 173 2020-06-19 1032913  939028
174 174 2020-06-20 1067579  961788
175 175 2020-06-21 1085038  985099
176 176 2020-06-22 1106470 1008976
177 177 2020-06-23 1145906 1033431
178 178 2020-06-24 1188631 1058478
179 179 2020-06-25 1228114 1084133
180 180 2020-06-26 1274974 1110410
181 181 2020-06-27 1313667 1137323
182 182 2020-06-28 1344143 1164889
183 183 2020-06-29 1368195 1193123
184 184 2020-06-30 1402041 1222042
185 185 2020-07-01 1448753 1251661
186 186 2020-07-02 1496858 1281998
187 187 2020-07-03 1539081 1313070
188 188 2020-07-04 1577004 1344896
189 189 2020-07-05 1603055 1377493
190 190 2020-07-06 1623284 1410880
191 191 2020-07-07 1668589 1445076
192 192 2020-07-08 1713160 1480101
193 193 2020-07-09 1755779 1515975
194 194 2020-07-10 1800827 1552718
195 195 2020-07-11 1839850 1590352
196 196 2020-07-12 1864681 1628899
197 197 2020-07-13 1884967 1668379
198 198 2020-07-14 1926824 1708816
199 199 2020-07-15 1966748 1750234
200 200 2020-07-16 2012151 1792655
201 201 2020-07-17 2046328 1836105
202 202 2020-07-18 2074860 1880607
203 203 2020-07-19 2098389 1926188
204 204 2020-07-20 2118646 1972874
205 205 2020-07-21 2159654 2020692
206 206 2020-07-22 2227514 2069668
207 207 2020-07-23 2287475 2119832
208 208 2020-07-24 2343366 2171211
209 209 2020-07-25 2394513 2223836
210 210 2020-07-26 2419091 2277736
211 211 2020-07-27 2442375 2332943
212 212 2020-07-28 2483191 2389488
213 213 2020-07-29 2552265 2447403
214 214 2020-07-30 2610102 2506722
215 215 2020-07-31 2662485 2567478
216 216 2020-08-01 2707877 2629708
217 217 2020-08-02 2733677 2693445
218 218 2020-08-03 2750318 2758728
219 219 2020-08-04 2801921 2825592
220 220 2020-08-05 2859073 2894078
221 221 2020-08-06 2912212 2964223
222 222 2020-08-07 2962442 3036068
223 223 2020-08-08 3012412 3109655
224 224 2020-08-09 3035422 3185025
225 225 2020-08-10 3057470 3262222
226 226 2020-08-11 3109630 3341290
227 227 2020-08-12 3164785 3422275
228 228 2020-08-13 3224876 3505222
229 229 2020-08-14 3275520 3590180
230 230 2020-08-15 3317096 3677197
231 231 2020-08-16 3340197 3766323

Intervalo de Confianca
          2.5%       97.5%
b  12884.25475 17169.66482
y0    40.59246    42.95562


Formula: x ~ SSexp(day, b, y0)

Parameters:
     Estimate Std. Error t value      Pr(>|t|)    
b  130708.026  15665.932   8.343 0.00003222669 ***
y0     71.196      2.679  26.573 0.00000000433 ***
---
Signif. codes:  0 ‘***’ 0.001 ‘**’ 0.01 ‘*’ 0.05 ‘.’ 0.1 ‘ ’ 1

Residual standard error: 15110 on 8 degrees of freedom

Number of iterations to convergence: 35 
Achieved convergence tolerance: 0.0000000149

Considerando os casos dos últimos 10 dias, temos:
Número de dias para dobrar:  71.2
Razao de crescimento:  130708

Todos os dados gerados
    country       dias otimista casos_estimados pessimista estimativa_mortes casos_confirmados mortes_confirmadas latitude longitude
1    Brazil 2019-12-30    12002           15267      18532               493                 0                  0        0         0
2    Brazil 2019-12-31    12293           15637      18981               505                 0                  0        0         0
3    Brazil 2020-01-01    12591           16016      19441               517                 0                  0        0         0
4    Brazil 2020-01-02    12897           16405      19913               530                 0                  0        0         0
5    Brazil 2020-01-03    13209           16802      20395               543                 0                  0        0         0
6    Brazil 2020-01-04    13529           17209      20889               556                 0                  0        0         0
7    Brazil 2020-01-05    13858           17627      21396               569                 0                  0        0         0
8    Brazil 2020-01-06    14193           18054      21915               583                 0                  0        0         0
9    Brazil 2020-01-07    14537           18491      22445               597                 0                  0        0         0
10   Brazil 2020-01-08    14890           18940      22990               612                 0                  0        0         0
11   Brazil 2020-01-09    15251           19399      23547               626                 0                  0        0         0
12   Brazil 2020-01-10    15620           19869      24118               642                 0                  0        0         0
13   Brazil 2020-01-11    15998           20350      24702               657                 0                  0        0         0
14   Brazil 2020-01-12    16387           20844      25301               673                 0                  0        0         0
15   Brazil 2020-01-13    16784           21349      25914               689                 0                  0        0         0
16   Brazil 2020-01-14    17190           21866      26542               706                 0                  0        0         0
17   Brazil 2020-01-15    17607           22396      27185               723                 0                  0        0         0
18   Brazil 2020-01-16    18034           22939      27844               741                 0                  0        0         0
19   Brazil 2020-01-17    18471           23495      28519               759                 0                  0        0         0
20   Brazil 2020-01-18    18918           24064      29210               777                 0                  0        0         0
21   Brazil 2020-01-19    19377           24648      29919               796                 0                  0        0         0
22   Brazil 2020-01-20    19847           25245      30643               815                 0                  0        0         0
23   Brazil 2020-01-21    20328           25857      31386               835                 0                  0        0         0
24   Brazil 2020-01-22    20821           26484      32147               855                 0                  0        0         0
25   Brazil 2020-01-23    21325           27126      32927               876                 0                  0        0         0
26   Brazil 2020-01-24    21842           27783      33724               897                 0                  0        0         0
27   Brazil 2020-01-25    22371           28456      34541               919                 0                  0        0         0
28   Brazil 2020-01-26    22913           29146      35379               941                 0                  0        0         0
29   Brazil 2020-01-27    23469           29853      36237               964                 0                  0        0         0
30   Brazil 2020-01-28    24038           30576      37114               987                 0                  0        0         0
31   Brazil 2020-01-29    24620           31317      38014              1011                 0                  0        0         0
32   Brazil 2020-01-30    25217           32076      38935              1036                 0                  0        0         0
33   Brazil 2020-01-31    25829           32854      39879              1061                 0                  0        0         0
34   Brazil 2020-02-01    26454           33650      40846              1087                 0                  0        0         0
35   Brazil 2020-02-02    27096           34466      41836              1113                 0                  0        0         0
36   Brazil 2020-02-03    27752           35301      42850              1140                 0                  0        0         0
37   Brazil 2020-02-04    28425           36157      43889              1167                 0                  0        0         0
38   Brazil 2020-02-05    29114           37033      44952              1196                 0                  0        0         0
39   Brazil 2020-02-06    29820           37931      46042              1225                 0                  0        0         0
40   Brazil 2020-02-07    30542           38850      47158              1254                 0                  0        0         0
41   Brazil 2020-02-08    31282           39791      48300              1285                 0                  0        0         0
42   Brazil 2020-02-09    32041           40756      49471              1316                 0                  0        0         0
43   Brazil 2020-02-10    32817           41744      50671              1348                 0                  0        0         0
44   Brazil 2020-02-11    33612           42755      51898              1381                 0                  0        0         0
45   Brazil 2020-02-12    34428           43792      53156              1414                 0                  0        0         0
46   Brazil 2020-02-13    35262           44853      54444              1448                 0                  0        0         0
47   Brazil 2020-02-14    36116           45940      55764              1483                 0                  0        0         0
48   Brazil 2020-02-15    36992           47054      57116              1519                 0                  0        0         0
49   Brazil 2020-02-16    37888           48194      58500              1556                 0                  0        0         0
50   Brazil 2020-02-17    38806           49362      59918              1594                 0                  0        0         0
51   Brazil 2020-02-18    39748           50559      61370              1633                 0                  0        0         0
52   Brazil 2020-02-19    40711           51784      62857              1672                 0                  0        0         0
53   Brazil 2020-02-20    41697           53039      64381              1713                 0                  0        0         0
54   Brazil 2020-02-21    42708           54325      65942              1754                 0                  0        0         0
55   Brazil 2020-02-22    43744           55642      67540              1797                 0                  0        0         0
56   Brazil 2020-02-23    44803           56990      69177              1840                 0                  0        0         0
57   Brazil 2020-02-24    45889           58371      70853              1885                 0                  0        0         0
58   Brazil 2020-02-25    47001           59786      72571              1930                 1                  0        0         0
59   Brazil 2020-02-26    48141           61235      74329              1977                 1                  0        0         0
60   Brazil 2020-02-27    49308           62720      76132              2025                 1                  0        0         0
61   Brazil 2020-02-28    50503           64240      77977              2074                 1                  0        0         0
62   Brazil 2020-02-29    51727           65797      79867              2125                 2                  0        0         0
63   Brazil 2020-03-01    52980           67391      81802              2176                 2                  0        0         0
64   Brazil 2020-03-02    54265           69025      83785              2229                 2                  0        0         0
65   Brazil 2020-03-03    55580           70698      85816              2283                 2                  0        0         0
66   Brazil 2020-03-04    56927           72411      87895              2338                 3                  0        0         0
67   Brazil 2020-03-05    58306           74166      90026              2395                 8                  0        0         0
68   Brazil 2020-03-06    59720           75964      92208              2453                13                  0        0         0
69   Brazil 2020-03-07    61167           77805      94443              2512                13                  0        0         0
70   Brazil 2020-03-08    62650           79691      96732              2573                25                  0        0         0
71   Brazil 2020-03-09    64169           81623      99077              2636                25                  0        0         0
72   Brazil 2020-03-10    65724           83601     101478              2699                34                  0        0         0
73   Brazil 2020-03-11    67317           85627     103937              2765                52                  0        0         0
74   Brazil 2020-03-12    68949           87703     106457              2832                77                  0        0         0
75   Brazil 2020-03-13    70619           89828     109037              2900                98                  0        0         0
76   Brazil 2020-03-14    72331           92005     111679              2971               121                  0        0         0
77   Brazil 2020-03-15    74084           94235     114386              3043               200                  0        0         0
78   Brazil 2020-03-16    75879           96519     117159              3117               234                  1        0         0
79   Brazil 2020-03-17    77719           98859     119999              3192               291                  4        0         0
80   Brazil 2020-03-18    79603          101255     122907              3269               428                  6        0         0
81   Brazil 2020-03-19    81532          103709     125886              3349               621                 11        0         0
82   Brazil 2020-03-20    83508          106223     128938              3430               904                 18        0         0
83   Brazil 2020-03-21    85532          108797     132062              3513              1128                 25        0         0
84   Brazil 2020-03-22    87605          111434     135263              3598              1546                 34        0         0
85   Brazil 2020-03-23    89728          114135     138542              3685              1891                 46        0         0
86   Brazil 2020-03-24    91904          116902     141900              3775              2201                 57        0         0
87   Brazil 2020-03-25    94131          119735     145339              3866              2433                 77        0         0
88   Brazil 2020-03-26    96412          122637     148862              3960              2915                 92        0         0
89   Brazil 2020-03-27    98749          125609     152469              4056              3417                114        0         0
90   Brazil 2020-03-28   101143          128654     156165              4154              3904                136        0         0
91   Brazil 2020-03-29   103594          131772     159950              4255              4256                159        0         0
92   Brazil 2020-03-30   106105          134966     163827              4358              4579                201        0         0
93   Brazil 2020-03-31   108677          138237     167797              4464              5717                241        0         0
94   Brazil 2020-04-01   111311          141588     171865              4572              6836                299        0         0
95   Brazil 2020-04-02   114008          145019     176030              4683              7910                359        0         0
96   Brazil 2020-04-03   116772          148534     180296              4796              9056                432        0         0
97   Brazil 2020-04-04   119602          152134     184666              4912             10278                486        0         0
98   Brazil 2020-04-05   122501          155822     189143              5031             11130                553        0         0
99   Brazil 2020-04-06   125470          159599     193728              5153             12056                667        0         0
100  Brazil 2020-04-07   128511          163467     198423              5278             13717                800        0         0
101  Brazil 2020-04-08   131626          167429     203232              5406             15927                941        0         0
102  Brazil 2020-04-09   134816          171487     208158              5537             17857               1056        0         0
103  Brazil 2020-04-10   138084          175643     213202              5671             19638               1124        0         0
104  Brazil 2020-04-11   141430          179900     218370              5809             20727               1223        0         0
105  Brazil 2020-04-12   144859          184261     223663              5950             22169               1328        0         0
106  Brazil 2020-04-13   148370          188727     229084              6094             23430               1532        0         0
107  Brazil 2020-04-14   151966          193301     234636              6242             25262               1736        0         0
108  Brazil 2020-04-15   155649          197986     240323              6393             28320               1924        0         0
109  Brazil 2020-04-16   159422          202785     246148              6548             30425               2141        0         0
110  Brazil 2020-04-17   163286          207700     252114              6706             33682               2347        0         0
111  Brazil 2020-04-18   167243          212734     258225              6869             36599               2462        0         0
112  Brazil 2020-04-19   171297          217890     264483              7035             38654               2575        0         0
113  Brazil 2020-04-20   175448          223171     270894              7206             40581               2741        0         0
114  Brazil 2020-04-21   179701          228580     277459              7381             43079               2906        0         0
115  Brazil 2020-04-22   184057          234121     284185              7560             45757               3313        0         0
116  Brazil 2020-04-23   188517          239795     291073              7743             49492               3670        0         0
117  Brazil 2020-04-24   193087          245607     298127              7930             52995               4016        0         0
118  Brazil 2020-04-25   197767          251560     305353              8123             58509               4205        0         0
119  Brazil 2020-04-26   202560          257657     312754              8320             61888               4543        0         0
120  Brazil 2020-04-27   207469          263902     320335              8521             66501               5017        0         0
121  Brazil 2020-04-28   212498          270299     328100              8728             71886               5466        0         0
122  Brazil 2020-04-29   217649          276850     336051              8939             78162               5901        0         0
123  Brazil 2020-04-30   222924          283560     344196              9156             85380               6329        0         0
124  Brazil 2020-05-01   228327          290433     352539              9378             91589               6750        0         0
125  Brazil 2020-05-02   233861          297472     361083              9605             96559               7025        0         0
126  Brazil 2020-05-03   239529          304682     369835              9838            101147               7321        0         0
127  Brazil 2020-05-04   245335          312067     378799             10076            107780               7921        0         0
128  Brazil 2020-05-05   251281          319631     387981             10321            114715               8536        0         0
129  Brazil 2020-05-06   257372          327378     397384             10571            125218               9146        0         0
130  Brazil 2020-05-07   263609          335312     407015             10827            135106               9897        0         0
131  Brazil 2020-05-08   269999          343440     416881             11089            145328              10627        0         0
132  Brazil 2020-05-09   276543          351764     426985             11358            155939              11123        0         0
133  Brazil 2020-05-10   283246          360290     437334             11633            162699              11519        0         0
134  Brazil 2020-05-11   290111          369022     447933             11915            168331              12400        0         0
135  Brazil 2020-05-12   297142          377966     458790             12204            177589              13149        0         0
136  Brazil 2020-05-13   304344          387127     469910             12500            188974              13993        0         0
137  Brazil 2020-05-14   311721          396510     481299             12803            202918              14817        0         0
138  Brazil 2020-05-15   319276          406121     492966             13113            218223              15633        0         0
139  Brazil 2020-05-16   327015          415964     504913             13431            233142              16118        0         0
140  Brazil 2020-05-17   334941          426046     517151             13757            241080              16792        0         0
141  Brazil 2020-05-18   343059          436372     529685             14090            254220              17971        0         0
142  Brazil 2020-05-19   351374          446949     542524             14432            271628              18859        0         0
143  Brazil 2020-05-20   359890          457782     555674             14781            291579              20047        0         0
144  Brazil 2020-05-21   368613          468877     569141             15140            310087              21048        0         0
145  Brazil 2020-05-22   377547          480242     582937             15507            330890              22013        0         0
146  Brazil 2020-05-23   386698          491881     597064             15882            347398              22666        0         0
147  Brazil 2020-05-24   396070          503803     611536             16267            363211              23473        0         0
148  Brazil 2020-05-25   405670          516014     626358             16662            374898              24512        0         0
149  Brazil 2020-05-26   415503          528521     641539             17065            391222              25598        0         0
150  Brazil 2020-05-27   425573          541331     657089             17479            411821              26754        0         0
151  Brazil 2020-05-28   435888          554452     673016             17903            438238              27878        0         0
152  Brazil 2020-05-29   446453          567890     689327             18337            465166              28834        0         0
153  Brazil 2020-05-30   457274          581655     706036             18781            498440              29314        0         0
154  Brazil 2020-05-31   468357          595752     723147             19236            514849              29937        0         0
155  Brazil 2020-06-01   479709          610192     740675             19703            526447              31199        0         0
156  Brazil 2020-06-02   491336          624982     758628             20180            555383              32548        0         0
157  Brazil 2020-06-03   503245          640130     777015             20669            584016              34021        0         0
158  Brazil 2020-06-04   515442          655645     795848             21170            614932              35026        0         0
159  Brazil 2020-06-05   527935          671536     815137             21683            645762              35930        0         0
160  Brazil 2020-06-06   540731          687812     834893             22209            672837              36455        0         0
161  Brazil 2020-06-07   553837          704483     855129             22747            691758              37134        0         0
162  Brazil 2020-06-08   567261          721558     875855             23298            707412              38406        0         0
163  Brazil 2020-06-09   581010          739047     897084             23863            739503              39680        0         0
164  Brazil 2020-06-10   595092          756959     918826             24442            772416              40919        0         0
165  Brazil 2020-06-11   609515          775306     941097             25034            802828              41828        0         0
166  Brazil 2020-06-12   624289          794098     963907             25641            828810              42720        0         0
167  Brazil 2020-06-13   639420          813345     987270             26262            850514              43332        0         0
168  Brazil 2020-06-14   654918          833058    1011198             26899            867624              43959        0         0
169  Brazil 2020-06-15   670791          853249    1035707             27551            888271              45241        0         0
170  Brazil 2020-06-16   687050          873930    1060810             28218            923189              46510        0         0
171  Brazil 2020-06-17   703702          895112    1086522             28902            955377              47748        0         0
172  Brazil 2020-06-18   720758          916807    1112856             29603            978142              48954        0         0
173  Brazil 2020-06-19   738227          939028    1139829             30320           1032913              49976        0         0
174  Brazil 2020-06-20   756120          961788    1167456             31055           1067579              50617        0         0
175  Brazil 2020-06-21   774446          985099    1195752             31808           1085038              51271        0         0
176  Brazil 2020-06-22   793217         1008976    1224735             32579           1106470              52645        0         0
177  Brazil 2020-06-23   812443         1033431    1254419             33369           1145906              53830        0         0
178  Brazil 2020-06-24   832134         1058478    1284822             34177           1188631              54971        0         0
179  Brazil 2020-06-25   852303         1084133    1315963             35006           1228114              55961        0         0
180  Brazil 2020-06-26   872961         1110410    1347859             35854           1274974              57070        0         0
181  Brazil 2020-06-27   894119         1137323    1380527             36723           1313667              57622        0         0
182  Brazil 2020-06-28   915790         1164889    1413988             37613           1344143              58314        0         0
183  Brazil 2020-06-29   937987         1193123    1448259             38525           1368195              59594        0         0
184  Brazil 2020-06-30   960722         1222042    1483362             39459           1402041              60632        0         0
185  Brazil 2020-07-01   984007         1251661    1519315             40415           1448753              61884        0         0
186  Brazil 2020-07-02  1007857         1281998    1556139             41395           1496858              63174        0         0
187  Brazil 2020-07-03  1032284         1313070    1593856             42398           1539081              64265        0         0
188  Brazil 2020-07-04  1057305         1344896    1632487             43425           1577004              64867        0         0
189  Brazil 2020-07-05  1082931         1377493    1672055             44478           1603055              65487        0         0
190  Brazil 2020-07-06  1109179         1410880    1712581             45556           1623284              66741        0         0
191  Brazil 2020-07-07  1136062         1445076    1754090             46660           1668589              67964        0         0
192  Brazil 2020-07-08  1163597         1480101    1796605             47791           1713160              69184        0         0
193  Brazil 2020-07-09  1191800         1515975    1840150             48949           1755779              70398        0         0
194  Brazil 2020-07-10  1220686         1552718    1884750             50136           1800827              71469        0         0
195  Brazil 2020-07-11  1250272         1590352    1930432             51351           1839850              72100        0         0
196  Brazil 2020-07-12  1280577         1628899    1977221             52596           1864681              72833        0         0
197  Brazil 2020-07-13  1311614         1668379    2025144             53870           1884967              74133        0         0
198  Brazil 2020-07-14  1343404         1708816    2074228             55176           1926824              75366        0         0
199  Brazil 2020-07-15  1375965         1750234    2124503             56514           1966748              76688        0         0
200  Brazil 2020-07-16  1409315         1792655    2175995             57883           2012151              77851        0         0
201  Brazil 2020-07-17  1443474         1836105    2228736             59286           2046328              78772        0         0
202  Brazil 2020-07-18  1478460         1880607    2282754             60723           2074860              79488        0         0
203  Brazil 2020-07-19  1514294         1926188    2338082             62195           2098389              80120        0         0
204  Brazil 2020-07-20  1550996         1972874    2394752             63702           2118646              81487        0         0
205  Brazil 2020-07-21  1588589         2020692    2452795             65246           2159654              82771        0         0
206  Brazil 2020-07-22  1627092         2069668    2512244             66828           2227514              84082        0         0
207  Brazil 2020-07-23  1666529         2119832    2573135             68447           2287475              85238        0         0
208  Brazil 2020-07-24  1706921         2171211    2635501             70106           2343366              86449        0         0
209  Brazil 2020-07-25  1748293         2223836    2699379             71806           2394513              87004        0         0
210  Brazil 2020-07-26  1790667         2277736    2764805             73546           2419091              87618        0         0
211  Brazil 2020-07-27  1834068         2332943    2831818             75329           2442375              88539        0         0
212  Brazil 2020-07-28  1878522         2389488    2900454             77154           2483191              90134        0         0
213  Brazil 2020-07-29  1924052         2447403    2970754             79024           2552265              91263        0         0
214  Brazil 2020-07-30  1970687         2506722    3042757             80940           2610102              92475        0         0
215  Brazil 2020-07-31  2018451         2567478    3116505             82902           2662485              93563        0         0
216  Brazil 2020-08-01  2067374         2629708    3192042             84911           2707877              94104        0         0
217  Brazil 2020-08-02  2117481         2693445    3269409             86969           2733677              94665        0         0
218  Brazil 2020-08-03  2168804         2758728    3348652             89077           2750318              95819        0         0
219  Brazil 2020-08-04  2221370         2825592    3429814             91236           2801921              97256        0         0
220  Brazil 2020-08-05  2275211         2894078    3512945             93447           2859073              98493        0         0
221  Brazil 2020-08-06  2330356         2964223    3598090             95712           2912212              99572        0         0
222  Brazil 2020-08-07  2386838         3036068    3685298             98032           2962442             100477        0         0
223  Brazil 2020-08-08  2444689         3109655    3774621            100408           3012412             101049        0         0
224  Brazil 2020-08-09  2503942         3185025    3866108            102842           3035422             101752        0         0
225  Brazil 2020-08-10  2564631         3262222    3959813            105334           3057470             103026        0         0
226  Brazil 2020-08-11  2626791         3341290    4055789            107887           3109630             104201        0         0
227  Brazil 2020-08-12  2690459         3422275    4154091            110502           3164785             105463        0         0
228  Brazil 2020-08-13  2755668         3505222    4254776            113181           3224876             106523        0         0
229  Brazil 2020-08-14  2822459         3590180    4357901            115924           3275520             107232        0         0
230  Brazil 2020-08-15  2890868         3677197    4463526            118733           3317096             107852        0         0
231  Brazil 2020-08-16  2960936         3766323    4571710            121611           3340197             107852        0         0
232  Brazil 2020-08-17  3032701         3857609    4682517            124559                NA                 NA        0         0
233  Brazil 2020-08-18  3106206         3951108    4796010            127578                NA                 NA        0         0
234  Brazil 2020-08-19  3181493         4046873    4912253            130670                NA                 NA        0         0
235  Brazil 2020-08-20  3258605         4144959    5031313            133837                NA                 NA        0         0
236  Brazil 2020-08-21  3337585         4245422    5153259            137081                NA                 NA        0         0
237  Brazil 2020-08-22  3418480         4348321    5278162            140403                NA                 NA        0         0
238  Brazil 2020-08-23  3501335         4453713    5406091            143806                NA                 NA        0         0
239  Brazil 2020-08-24  3586199         4561660    5537121            147292                NA                 NA        0         0
240  Brazil 2020-08-25  3673119         4672223    5671327            150862                NA                 NA        0         0
241  Brazil 2020-08-26  3762146         4785466    5808786            154518                NA                 NA        0         0

Fontes:
	OMS - https://ourworldindata.org/coronavirus-source-data
	Worldometers - https://www.worldometers.info/coronavirus