
 Brazil 
Projecao:  10  dias
Gerado em:  2020-08-13 20:28:05
RMSE(%):  21.3 , BIAS(%): 7.04

Taxa de Mortalidade 3.27 %

    country       dias otimista casos_estimados pessimista estimativa_mortes casos_confirmados mortes_confirmadas latitude longitude
219  Brazil 2020-08-04  2274104         2890599    3507094             94531           2801921              97256        0         0
220  Brazil 2020-08-05  2330756         2962609    3594462             96886           2859073              98493        0         0
221  Brazil 2020-08-06  2388820         3036413    3684006             99300           2912212              99572        0         0
222  Brazil 2020-08-07  2448330         3112056    3775782            101773           2962442             100477        0         0
223  Brazil 2020-08-08  2509322         3189583    3869844            104309           3012412             101049        0         0
224  Brazil 2020-08-09  2571834         3269041    3966248            106907           3035422             101752        0         0
225  Brazil 2020-08-10  2635902         3350478    4065054            109571           3057470             103026        0         0
226  Brazil 2020-08-11  2701568         3433945    4166322            112300           3109630             104201        0         0
227  Brazil 2020-08-12  2768869         3519491    4270113            115098           3164785             105463        0         0
228  Brazil 2020-08-13  2837846         3607167    4376488            117965           3224876             105463        0         0
229  Brazil 2020-08-14  2908541         3697028    4485515            120904                NA                 NA        0         0
230  Brazil 2020-08-15  2980999         3789128    4597257            123916                NA                 NA        0         0
231  Brazil 2020-08-16  3055261         3883522    4711783            127003                NA                 NA        0         0
232  Brazil 2020-08-17  3131372         3980267    4829162            130167                NA                 NA        0         0
233  Brazil 2020-08-18  3209381         4079423    4949465            133409                NA                 NA        0         0
234  Brazil 2020-08-19  3289332         4181049    5072766            136733                NA                 NA        0         0
235  Brazil 2020-08-20  3371275         4285206    5199137            140139                NA                 NA        0         0
236  Brazil 2020-08-21  3455260         4391958    5328656            143630                NA                 NA        0         0
237  Brazil 2020-08-22  3541337         4501370    5461403            147208                NA                 NA        0         0
238  Brazil 2020-08-23  3629558         4613507    5597456            150875                NA                 NA        0         0

Total de casos no mundo:  21052207 6369277 5049649 5392294 3127505 1088337 24424 721 21052207

Estimados a partir dos dados da OMS:
    day       date       x    xest
1     1 2019-12-30       0   13531
2     2 2019-12-31       0   13868
3     3 2020-01-01       0   14214
4     4 2020-01-02       0   14568
5     5 2020-01-03       0   14931
6     6 2020-01-04       0   15303
7     7 2020-01-05       0   15684
8     8 2020-01-06       0   16075
9     9 2020-01-07       0   16475
10   10 2020-01-08       0   16885
11   11 2020-01-09       0   17306
12   12 2020-01-10       0   17737
13   13 2020-01-11       0   18179
14   14 2020-01-12       0   18632
15   15 2020-01-13       0   19096
16   16 2020-01-14       0   19572
17   17 2020-01-15       0   20059
18   18 2020-01-16       0   20559
19   19 2020-01-17       0   21071
20   20 2020-01-18       0   21596
21   21 2020-01-19       0   22134
22   22 2020-01-20       0   22686
23   23 2020-01-21       0   23251
24   24 2020-01-22       0   23830
25   25 2020-01-23       0   24424
26   26 2020-01-24       0   25032
27   27 2020-01-25       0   25656
28   28 2020-01-26       0   26295
29   29 2020-01-27       0   26950
30   30 2020-01-28       0   27621
31   31 2020-01-29       0   28309
32   32 2020-01-30       0   29014
33   33 2020-01-31       0   29737
34   34 2020-02-01       0   30478
35   35 2020-02-02       0   31237
36   36 2020-02-03       0   32016
37   37 2020-02-04       0   32813
38   38 2020-02-05       0   33631
39   39 2020-02-06       0   34468
40   40 2020-02-07       0   35327
41   41 2020-02-08       0   36207
42   42 2020-02-09       0   37109
43   43 2020-02-10       0   38033
44   44 2020-02-11       0   38981
45   45 2020-02-12       0   39952
46   46 2020-02-13       0   40947
47   47 2020-02-14       0   41967
48   48 2020-02-15       0   43013
49   49 2020-02-16       0   44084
50   50 2020-02-17       0   45183
51   51 2020-02-18       0   46308
52   52 2020-02-19       0   47462
53   53 2020-02-20       0   48644
54   54 2020-02-21       0   49856
55   55 2020-02-22       0   51098
56   56 2020-02-23       0   52371
57   57 2020-02-24       0   53676
58   58 2020-02-25       1   55013
59   59 2020-02-26       1   56383
60   60 2020-02-27       1   57788
61   61 2020-02-28       1   59227
62   62 2020-02-29       2   60703
63   63 2020-03-01       2   62215
64   64 2020-03-02       2   63765
65   65 2020-03-03       2   65353
66   66 2020-03-04       3   66982
67   67 2020-03-05       8   68650
68   68 2020-03-06      13   70360
69   69 2020-03-07      13   72113
70   70 2020-03-08      25   73910
71   71 2020-03-09      25   75751
72   72 2020-03-10      34   77638
73   73 2020-03-11      52   79572
74   74 2020-03-12      77   81554
75   75 2020-03-13      98   83586
76   76 2020-03-14     121   85668
77   77 2020-03-15     200   87802
78   78 2020-03-16     234   89990
79   79 2020-03-17     291   92232
80   80 2020-03-18     428   94529
81   81 2020-03-19     621   96884
82   82 2020-03-20     904   99298
83   83 2020-03-21    1128  101771
84   84 2020-03-22    1546  104307
85   85 2020-03-23    1891  106905
86   86 2020-03-24    2201  109568
87   87 2020-03-25    2433  112298
88   88 2020-03-26    2915  115095
89   89 2020-03-27    3417  117963
90   90 2020-03-28    3904  120901
91   91 2020-03-29    4256  123913
92   92 2020-03-30    4579  127000
93   93 2020-03-31    5717  130164
94   94 2020-04-01    6836  133406
95   95 2020-04-02    7910  136730
96   96 2020-04-03    9056  140136
97   97 2020-04-04   10278  143627
98   98 2020-04-05   11130  147205
99   99 2020-04-06   12056  150872
100 100 2020-04-07   13717  154631
101 101 2020-04-08   15927  158483
102 102 2020-04-09   17857  162431
103 103 2020-04-10   19638  166477
104 104 2020-04-11   20727  170625
105 105 2020-04-12   22169  174875
106 106 2020-04-13   23430  179232
107 107 2020-04-14   25262  183697
108 108 2020-04-15   28320  188273
109 109 2020-04-16   30425  192963
110 110 2020-04-17   33682  197770
111 111 2020-04-18   36599  202697
112 112 2020-04-19   38654  207746
113 113 2020-04-20   40581  212922
114 114 2020-04-21   43079  218226
115 115 2020-04-22   45757  223662
116 116 2020-04-23   49492  229234
117 117 2020-04-24   52995  234945
118 118 2020-04-25   58509  240798
119 119 2020-04-26   61888  246797
120 120 2020-04-27   66501  252945
121 121 2020-04-28   71886  259246
122 122 2020-04-29   78162  265704
123 123 2020-04-30   85380  272323
124 124 2020-05-01   91589  279107
125 125 2020-05-02   96559  286061
126 126 2020-05-03  101147  293187
127 127 2020-05-04  107780  300491
128 128 2020-05-05  114715  307976
129 129 2020-05-06  125218  315649
130 130 2020-05-07  135106  323512
131 131 2020-05-08  145328  331571
132 132 2020-05-09  155939  339831
133 133 2020-05-10  162699  348297
134 134 2020-05-11  168331  356974
135 135 2020-05-12  177589  365867
136 136 2020-05-13  188974  374981
137 137 2020-05-14  202918  384322
138 138 2020-05-15  218223  393897
139 139 2020-05-16  233142  403709
140 140 2020-05-17  241080  413766
141 141 2020-05-18  254220  424074
142 142 2020-05-19  271628  434639
143 143 2020-05-20  291579  445466
144 144 2020-05-21  310087  456564
145 145 2020-05-22  330890  467937
146 146 2020-05-23  347398  479595
147 147 2020-05-24  363211  491542
148 148 2020-05-25  374898  503787
149 149 2020-05-26  391222  516337
150 150 2020-05-27  411821  529200
151 151 2020-05-28  438238  542384
152 152 2020-05-29  465166  555895
153 153 2020-05-30  498440  569744
154 154 2020-05-31  514849  583937
155 155 2020-06-01  526447  598484
156 156 2020-06-02  555383  613393
157 157 2020-06-03  584016  628674
158 158 2020-06-04  614932  644336
159 159 2020-06-05  645762  660387
160 160 2020-06-06  672837  676838
161 161 2020-06-07  691758  693700
162 162 2020-06-08  707412  710981
163 163 2020-06-09  739503  728693
164 164 2020-06-10  772416  746846
165 165 2020-06-11  802828  765451
166 166 2020-06-12  828810  784520
167 167 2020-06-13  850514  804064
168 168 2020-06-14  867624  824094
169 169 2020-06-15  888271  844624
170 170 2020-06-16  923189  865665
171 171 2020-06-17  955377  887230
172 172 2020-06-18  978142  909333
173 173 2020-06-19 1032913  931986
174 174 2020-06-20 1067579  955203
175 175 2020-06-21 1085038  978999
176 176 2020-06-22 1106470 1003388
177 177 2020-06-23 1145906 1028384
178 178 2020-06-24 1188631 1054003
179 179 2020-06-25 1228114 1080260
180 180 2020-06-26 1274974 1107171
181 181 2020-06-27 1313667 1134753
182 182 2020-06-28 1344143 1163022
183 183 2020-06-29 1368195 1191995
184 184 2020-06-30 1402041 1221689
185 185 2020-07-01 1448753 1252124
186 186 2020-07-02 1496858 1283316
187 187 2020-07-03 1539081 1315286
188 188 2020-07-04 1577004 1348052
189 189 2020-07-05 1603055 1381635
190 190 2020-07-06 1623284 1416054
191 191 2020-07-07 1668589 1451330
192 192 2020-07-08 1713160 1487485
193 193 2020-07-09 1755779 1524541
194 194 2020-07-10 1800827 1562520
195 195 2020-07-11 1839850 1601445
196 196 2020-07-12 1864681 1641340
197 197 2020-07-13 1884967 1682229
198 198 2020-07-14 1926824 1724136
199 199 2020-07-15 1966748 1767088
200 200 2020-07-16 2012151 1811109
201 201 2020-07-17 2046328 1856227
202 202 2020-07-18 2074860 1902469
203 203 2020-07-19 2098389 1949863
204 204 2020-07-20 2118646 1998437
205 205 2020-07-21 2159654 2048222
206 206 2020-07-22 2227514 2099247
207 207 2020-07-23 2287475 2151543
208 208 2020-07-24 2343366 2205142
209 209 2020-07-25 2394513 2260076
210 210 2020-07-26 2419091 2316378
211 211 2020-07-27 2442375 2374083
212 212 2020-07-28 2483191 2433226
213 213 2020-07-29 2552265 2493842
214 214 2020-07-30 2610102 2555968
215 215 2020-07-31 2662485 2619642
216 216 2020-08-01 2707877 2684902
217 217 2020-08-02 2733677 2751788
218 218 2020-08-03 2750318 2820340
219 219 2020-08-04 2801921 2890599
220 220 2020-08-05 2859073 2962609
221 221 2020-08-06 2912212 3036413
222 222 2020-08-07 2962442 3112056
223 223 2020-08-08 3012412 3189583
224 224 2020-08-09 3035422 3269041
225 225 2020-08-10 3057470 3350478
226 226 2020-08-11 3109630 3433945
227 227 2020-08-12 3164785 3519491
228 228 2020-08-13 3224876 3607167

Intervalo de Confianca
          2.5%       97.5%
b  11388.77854 15235.57771
y0    39.50859    41.80417


Formula: x ~ SSexp(day, b, y0)

Parameters:
    Estimate Std. Error t value      Pr(>|t|)    
b  116529.95   14739.74   7.906 0.00004754862 ***
y0     68.73       2.67  25.740 0.00000000557 ***
---
Signif. codes:  0 ‘***’ 0.001 ‘**’ 0.01 ‘*’ 0.05 ‘.’ 0.1 ‘ ’ 1

Residual standard error: 15460 on 8 degrees of freedom

Number of iterations to convergence: 35 
Achieved convergence tolerance: 0.0000000149

Considerando os casos dos últimos 10 dias, temos:
Número de dias para dobrar:  68.7
Razao de crescimento:  116529.9

Todos os dados gerados
    country       dias otimista casos_estimados pessimista estimativa_mortes casos_confirmados mortes_confirmadas latitude longitude
1    Brazil 2019-12-30    10645           13531      16417               443                 0                  0        0         0
2    Brazil 2019-12-31    10910           13868      16826               454                 0                  0        0         0
3    Brazil 2020-01-01    11182           14214      17246               465                 0                  0        0         0
4    Brazil 2020-01-02    11461           14568      17675               476                 0                  0        0         0
5    Brazil 2020-01-03    11747           14931      18115               488                 0                  0        0         0
6    Brazil 2020-01-04    12039           15303      18567               500                 0                  0        0         0
7    Brazil 2020-01-05    12339           15684      19029               513                 0                  0        0         0
8    Brazil 2020-01-06    12647           16075      19503               526                 0                  0        0         0
9    Brazil 2020-01-07    12961           16475      19989               539                 0                  0        0         0
10   Brazil 2020-01-08    13284           16885      20486               552                 0                  0        0         0
11   Brazil 2020-01-09    13615           17306      20997               566                 0                  0        0         0
12   Brazil 2020-01-10    13954           17737      21520               580                 0                  0        0         0
13   Brazil 2020-01-11    14302           18179      22056               595                 0                  0        0         0
14   Brazil 2020-01-12    14658           18632      22606               609                 0                  0        0         0
15   Brazil 2020-01-13    15023           19096      23169               624                 0                  0        0         0
16   Brazil 2020-01-14    15398           19572      23746               640                 0                  0        0         0
17   Brazil 2020-01-15    15781           20059      24337               656                 0                  0        0         0
18   Brazil 2020-01-16    16174           20559      24944               672                 0                  0        0         0
19   Brazil 2020-01-17    16577           21071      25565               689                 0                  0        0         0
20   Brazil 2020-01-18    16990           21596      26202               706                 0                  0        0         0
21   Brazil 2020-01-19    17413           22134      26855               724                 0                  0        0         0
22   Brazil 2020-01-20    17848           22686      27524               742                 0                  0        0         0
23   Brazil 2020-01-21    18292           23251      28210               760                 0                  0        0         0
24   Brazil 2020-01-22    18748           23830      28912               779                 0                  0        0         0
25   Brazil 2020-01-23    19215           24424      29633               799                 0                  0        0         0
26   Brazil 2020-01-24    19693           25032      30371               819                 0                  0        0         0
27   Brazil 2020-01-25    20184           25656      31128               839                 0                  0        0         0
28   Brazil 2020-01-26    20687           26295      31903               860                 0                  0        0         0
29   Brazil 2020-01-27    21202           26950      32698               881                 0                  0        0         0
30   Brazil 2020-01-28    21730           27621      33512               903                 0                  0        0         0
31   Brazil 2020-01-29    22271           28309      34347               926                 0                  0        0         0
32   Brazil 2020-01-30    22826           29014      35202               949                 0                  0        0         0
33   Brazil 2020-01-31    23395           29737      36079               972                 0                  0        0         0
34   Brazil 2020-02-01    23978           30478      36978               997                 0                  0        0         0
35   Brazil 2020-02-02    24575           31237      37899              1022                 0                  0        0         0
36   Brazil 2020-02-03    25188           32016      38844              1047                 0                  0        0         0
37   Brazil 2020-02-04    25815           32813      39811              1073                 0                  0        0         0
38   Brazil 2020-02-05    26458           33631      40804              1100                 0                  0        0         0
39   Brazil 2020-02-06    27117           34468      41819              1127                 0                  0        0         0
40   Brazil 2020-02-07    27793           35327      42861              1155                 0                  0        0         0
41   Brazil 2020-02-08    28485           36207      43929              1184                 0                  0        0         0
42   Brazil 2020-02-09    29195           37109      45023              1214                 0                  0        0         0
43   Brazil 2020-02-10    29921           38033      46145              1244                 0                  0        0         0
44   Brazil 2020-02-11    30667           38981      47295              1275                 0                  0        0         0
45   Brazil 2020-02-12    31431           39952      48473              1307                 0                  0        0         0
46   Brazil 2020-02-13    32214           40947      49680              1339                 0                  0        0         0
47   Brazil 2020-02-14    33016           41967      50918              1372                 0                  0        0         0
48   Brazil 2020-02-15    33839           43013      52187              1407                 0                  0        0         0
49   Brazil 2020-02-16    34682           44084      53486              1442                 0                  0        0         0
50   Brazil 2020-02-17    35547           45183      54819              1478                 0                  0        0         0
51   Brazil 2020-02-18    36432           46308      56184              1514                 0                  0        0         0
52   Brazil 2020-02-19    37340           47462      57584              1552                 0                  0        0         0
53   Brazil 2020-02-20    38269           48644      59019              1591                 0                  0        0         0
54   Brazil 2020-02-21    39223           49856      60489              1630                 0                  0        0         0
55   Brazil 2020-02-22    40200           51098      61996              1671                 0                  0        0         0
56   Brazil 2020-02-23    41202           52371      63540              1713                 0                  0        0         0
57   Brazil 2020-02-24    42228           53676      65124              1755                 0                  0        0         0
58   Brazil 2020-02-25    43280           55013      66746              1799                 1                  0        0         0
59   Brazil 2020-02-26    44358           56383      68408              1844                 1                  0        0         0
60   Brazil 2020-02-27    45463           57788      70113              1890                 1                  0        0         0
61   Brazil 2020-02-28    46595           59227      71859              1937                 1                  0        0         0
62   Brazil 2020-02-29    47757           60703      73649              1985                 2                  0        0         0
63   Brazil 2020-03-01    48946           62215      75484              2035                 2                  0        0         0
64   Brazil 2020-03-02    50165           63765      77365              2085                 2                  0        0         0
65   Brazil 2020-03-03    51415           65353      79291              2137                 2                  0        0         0
66   Brazil 2020-03-04    52696           66982      81268              2191                 3                  0        0         0
67   Brazil 2020-03-05    54009           68650      83291              2245                 8                  0        0         0
68   Brazil 2020-03-06    55354           70360      85366              2301                13                  0        0         0
69   Brazil 2020-03-07    56733           72113      87493              2358                13                  0        0         0
70   Brazil 2020-03-08    58147           73910      89673              2417                25                  0        0         0
71   Brazil 2020-03-09    59595           75751      91907              2477                25                  0        0         0
72   Brazil 2020-03-10    61080           77638      94196              2539                34                  0        0         0
73   Brazil 2020-03-11    62601           79572      96543              2602                52                  0        0         0
74   Brazil 2020-03-12    64161           81554      98947              2667                77                  0        0         0
75   Brazil 2020-03-13    65759           83586     101413              2734                98                  0        0         0
76   Brazil 2020-03-14    67397           85668     103939              2802               121                  0        0         0
77   Brazil 2020-03-15    69076           87802     106528              2871               200                  0        0         0
78   Brazil 2020-03-16    70797           89990     109183              2943               234                  1        0         0
79   Brazil 2020-03-17    72561           92232     111903              3016               291                  4        0         0
80   Brazil 2020-03-18    74368           94529     114690              3091               428                  6        0         0
81   Brazil 2020-03-19    76221           96884     117547              3168               621                 11        0         0
82   Brazil 2020-03-20    78120           99298     120476              3247               904                 18        0         0
83   Brazil 2020-03-21    80066          101771     123476              3328              1128                 25        0         0
84   Brazil 2020-03-22    82061          104307     126553              3411              1546                 34        0         0
85   Brazil 2020-03-23    84105          106905     129705              3496              1891                 46        0         0
86   Brazil 2020-03-24    86200          109568     132936              3583              2201                 57        0         0
87   Brazil 2020-03-25    88348          112298     136248              3672              2433                 77        0         0
88   Brazil 2020-03-26    90548          115095     139642              3764              2915                 92        0         0
89   Brazil 2020-03-27    92804          117963     143122              3858              3417                114        0         0
90   Brazil 2020-03-28    95116          120901     146686              3954              3904                136        0         0
91   Brazil 2020-03-29    97485          123913     150341              4052              4256                159        0         0
92   Brazil 2020-03-30    99914          127000     154086              4153              4579                201        0         0
93   Brazil 2020-03-31   102403          130164     157925              4257              5717                241        0         0
94   Brazil 2020-04-01   104954          133406     161858              4363              6836                299        0         0
95   Brazil 2020-04-02   107569          136730     165891              4471              7910                359        0         0
96   Brazil 2020-04-03   110248          140136     170024              4583              9056                432        0         0
97   Brazil 2020-04-04   112995          143627     174259              4697             10278                486        0         0
98   Brazil 2020-04-05   115810          147205     178600              4814             11130                553        0         0
99   Brazil 2020-04-06   118695          150872     183049              4934             12056                667        0         0
100  Brazil 2020-04-07   121652          154631     187610              5057             13717                800        0         0
 [ reached 'max' / getOption("max.print") -- omitted 138 rows ]

Fontes:
	OMS - https://ourworldindata.org/coronavirus-source-data
	Worldometers - https://www.worldometers.info/coronavirus