
 Brazil 
Projecao:  7  dias
Gerado em:  2020-04-23 23:32:06
RMSE(%):  20.5 , BIAS(%): 5.9

Taxa de Mortalidade 6.66 %

    country       dias otimista casos_estimados pessimista estimativa_mortes casos_confirmados mortes_confirmadas latitude longitude
104  Brazil 2020-04-11    14828           18643      22458              1241             20727               1223        0         0
105  Brazil 2020-04-12    16180           20342      24504              1354             22169               1328        0         0
106  Brazil 2020-04-13    17654           22196      26738              1478             23430               1532        0         0
107  Brazil 2020-04-14    19263           24219      29175              1612             25262               1736        0         0
108  Brazil 2020-04-15    21019           26426      31833              1759             28320               1924        0         0
109  Brazil 2020-04-16    22935           28835      34735              1920             30425               2141        0         0
110  Brazil 2020-04-17    25025           31463      37901              2095             33682               2347        0         0
111  Brazil 2020-04-18    27306           34331      41356              2285             36599               2462        0         0
112  Brazil 2020-04-19    29795           37460      45125              2494             38654               2575        0         0
113  Brazil 2020-04-20    32511           40874      49237              2721             40581               2741        0         0
114  Brazil 2020-04-21    35473           44599      53725              2969             43079               2906        0         0
115  Brazil 2020-04-22    38707           48664      58621              3240             45757               3331        0         0
116  Brazil 2020-04-23    42234           53099      63964              3535             50036               3331        0         0
117  Brazil 2020-04-24    46084           57939      69794              3857                NA                 NA        0         0
118  Brazil 2020-04-25    50284           63219      76154              4209                NA                 NA        0         0
119  Brazil 2020-04-26    54867           68981      83095              4592                NA                 NA        0         0
120  Brazil 2020-04-27    59867           75268      90669              5011                NA                 NA        0         0
121  Brazil 2020-04-28    65324           82128      98932              5467                NA                 NA        0         0
122  Brazil 2020-04-29    71278           89614     107950              5966                NA                 NA        0         0
123  Brazil 2020-04-30    77774           97781     117788              6509                NA                 NA        0         0

Total de casos no mundo:  2718699 949162 1193276 435288 103924 8224 28104 721 2718699

Estimados a partir dos dados da OMS:
    day       date     x  xest
1     1 2019-12-30     0     2
2     2 2019-12-31     0     3
3     3 2020-01-01     0     3
4     4 2020-01-02     0     3
5     5 2020-01-03     0     3
6     6 2020-01-04     0     4
7     7 2020-01-05     0     4
8     8 2020-01-06     0     4
9     9 2020-01-07     0     5
10   10 2020-01-08     0     5
11   11 2020-01-09     0     6
12   12 2020-01-10     0     6
13   13 2020-01-11     0     7
14   14 2020-01-12     0     7
15   15 2020-01-13     0     8
16   16 2020-01-14     0     9
17   17 2020-01-15     0     9
18   18 2020-01-16     0    10
19   19 2020-01-17     0    11
20   20 2020-01-18     0    12
21   21 2020-01-19     0    13
22   22 2020-01-20     0    15
23   23 2020-01-21     0    16
24   24 2020-01-22     0    17
25   25 2020-01-23     0    19
26   26 2020-01-24     0    21
27   27 2020-01-25     0    23
28   28 2020-01-26     0    25
29   29 2020-01-27     0    27
30   30 2020-01-28     0    29
31   31 2020-01-29     0    32
32   32 2020-01-30     0    35
33   33 2020-01-31     0    38
34   34 2020-02-01     0    42
35   35 2020-02-02     0    45
36   36 2020-02-03     0    49
37   37 2020-02-04     0    54
38   38 2020-02-05     0    59
39   39 2020-02-06     0    64
40   40 2020-02-07     0    70
41   41 2020-02-08     0    77
42   42 2020-02-09     0    84
43   43 2020-02-10     0    91
44   44 2020-02-11     0    99
45   45 2020-02-12     0   109
46   46 2020-02-13     0   118
47   47 2020-02-14     0   129
48   48 2020-02-15     0   141
49   49 2020-02-16     0   154
50   50 2020-02-17     0   168
51   51 2020-02-18     0   183
52   52 2020-02-19     0   200
53   53 2020-02-20     0   218
54   54 2020-02-21     0   238
55   55 2020-02-22     0   260
56   56 2020-02-23     0   283
57   57 2020-02-24     0   309
58   58 2020-02-25     1   337
59   59 2020-02-26     1   368
60   60 2020-02-27     1   402
61   61 2020-02-28     1   438
62   62 2020-02-29     2   478
63   63 2020-03-01     2   522
64   64 2020-03-02     2   569
65   65 2020-03-03     2   621
66   66 2020-03-04     3   678
67   67 2020-03-05     8   739
68   68 2020-03-06    13   807
69   69 2020-03-07    13   880
70   70 2020-03-08    25   961
71   71 2020-03-09    25  1048
72   72 2020-03-10    34  1144
73   73 2020-03-11    52  1248
74   74 2020-03-12    77  1362
75   75 2020-03-13    98  1486
76   76 2020-03-14   121  1621
77   77 2020-03-15   200  1769
78   78 2020-03-16   234  1930
79   79 2020-03-17   291  2106
80   80 2020-03-18   428  2298
81   81 2020-03-19   621  2508
82   82 2020-03-20   904  2736
83   83 2020-03-21  1128  2985
84   84 2020-03-22  1546  3258
85   85 2020-03-23  1891  3554
86   86 2020-03-24  2201  3878
87   87 2020-03-25  2433  4232
88   88 2020-03-26  2915  4618
89   89 2020-03-27  3417  5038
90   90 2020-03-28  3904  5498
91   91 2020-03-29  4256  5999
92   92 2020-03-30  4579  6545
93   93 2020-03-31  5717  7142
94   94 2020-04-01  6836  7793
95   95 2020-04-02  7910  8503
96   96 2020-04-03  9056  9278
97   97 2020-04-04 10278 10124
98   98 2020-04-05 11130 11047
99   99 2020-04-06 12056 12053
100 100 2020-04-07 13717 13152
101 101 2020-04-08 15927 14351
102 102 2020-04-09 17857 15659
103 103 2020-04-10 19638 17086
104 104 2020-04-11 20727 18643
105 105 2020-04-12 22169 20342
106 106 2020-04-13 23430 22196
107 107 2020-04-14 25262 24219
108 108 2020-04-15 28320 26426
109 109 2020-04-16 30425 28835
110 110 2020-04-17 33682 31463
111 111 2020-04-18 36599 34331
112 112 2020-04-19 38654 37460
113 113 2020-04-20 40581 40874
114 114 2020-04-21 43079 44599
115 115 2020-04-22 45757 48664
116 116 2020-04-23 50036 53099

Intervalo de Confianca
        2.5%     97.5%
b   1.600466  2.842015
y0 11.129527 11.810029


Formula: x ~ SSexp(day, b, y0)

Parameters:
   Estimate Std. Error t value      Pr(>|t|)    
b   15.2295     4.5781   3.327        0.0104 *  
y0  14.3277     0.5478  26.155 0.00000000491 ***
---
Signif. codes:  0 ‘***’ 0.001 ‘**’ 0.01 ‘*’ 0.05 ‘.’ 0.1 ‘ ’ 1

Residual standard error: 877.6 on 8 degrees of freedom

Number of iterations to convergence: 9 
Achieved convergence tolerance: 0.0000000149

Considerando os casos dos últimos 10 dias, temos:
Número de dias para dobrar:  15.2
Razao de crescimento:  15.23

Todos os dados gerados
    country       dias otimista casos_estimados pessimista estimativa_mortes casos_confirmados mortes_confirmadas latitude longitude
1    Brazil 2019-12-30        2               2          2                 0                 0                  0        0         0
2    Brazil 2019-12-31        2               3          4                 0                 0                  0        0         0
3    Brazil 2020-01-01        2               3          4                 0                 0                  0        0         0
4    Brazil 2020-01-02        2               3          4                 0                 0                  0        0         0
5    Brazil 2020-01-03        2               3          4                 0                 0                  0        0         0
6    Brazil 2020-01-04        3               4          5                 0                 0                  0        0         0
7    Brazil 2020-01-05        3               4          5                 0                 0                  0        0         0
8    Brazil 2020-01-06        3               4          5                 0                 0                  0        0         0
9    Brazil 2020-01-07        4               5          6                 0                 0                  0        0         0
10   Brazil 2020-01-08        4               5          6                 0                 0                  0        0         0
11   Brazil 2020-01-09        5               6          7                 0                 0                  0        0         0
12   Brazil 2020-01-10        5               6          7                 0                 0                  0        0         0
13   Brazil 2020-01-11        6               7          8                 0                 0                  0        0         0
14   Brazil 2020-01-12        6               7          8                 0                 0                  0        0         0
15   Brazil 2020-01-13        6               8         10                 1                 0                  0        0         0
16   Brazil 2020-01-14        7               9         11                 1                 0                  0        0         0
17   Brazil 2020-01-15        7               9         11                 1                 0                  0        0         0
18   Brazil 2020-01-16        8              10         12                 1                 0                  0        0         0
19   Brazil 2020-01-17        9              11         13                 1                 0                  0        0         0
20   Brazil 2020-01-18       10              12         14                 1                 0                  0        0         0
21   Brazil 2020-01-19       10              13         16                 1                 0                  0        0         0
22   Brazil 2020-01-20       12              15         18                 1                 0                  0        0         0
23   Brazil 2020-01-21       13              16         19                 1                 0                  0        0         0
24   Brazil 2020-01-22       14              17         20                 1                 0                  0        0         0
25   Brazil 2020-01-23       15              19         23                 1                 0                  0        0         0
26   Brazil 2020-01-24       17              21         25                 1                 0                  0        0         0
27   Brazil 2020-01-25       18              23         28                 2                 0                  0        0         0
28   Brazil 2020-01-26       20              25         30                 2                 0                  0        0         0
29   Brazil 2020-01-27       21              27         33                 2                 0                  0        0         0
30   Brazil 2020-01-28       23              29         35                 2                 0                  0        0         0
31   Brazil 2020-01-29       25              32         39                 2                 0                  0        0         0
32   Brazil 2020-01-30       28              35         42                 2                 0                  0        0         0
33   Brazil 2020-01-31       30              38         46                 3                 0                  0        0         0
34   Brazil 2020-02-01       33              42         51                 3                 0                  0        0         0
35   Brazil 2020-02-02       36              45         54                 3                 0                  0        0         0
36   Brazil 2020-02-03       39              49         59                 3                 0                  0        0         0
37   Brazil 2020-02-04       43              54         65                 4                 0                  0        0         0
38   Brazil 2020-02-05       47              59         71                 4                 0                  0        0         0
39   Brazil 2020-02-06       51              64         77                 4                 0                  0        0         0
40   Brazil 2020-02-07       56              70         84                 5                 0                  0        0         0
41   Brazil 2020-02-08       61              77         93                 5                 0                  0        0         0
42   Brazil 2020-02-09       67              84        101                 6                 0                  0        0         0
43   Brazil 2020-02-10       72              91        110                 6                 0                  0        0         0
44   Brazil 2020-02-11       79              99        119                 7                 0                  0        0         0
45   Brazil 2020-02-12       87             109        131                 7                 0                  0        0         0
46   Brazil 2020-02-13       94             118        142                 8                 0                  0        0         0
47   Brazil 2020-02-14      103             129        155                 9                 0                  0        0         0
48   Brazil 2020-02-15      112             141        170                 9                 0                  0        0         0
49   Brazil 2020-02-16      122             154        186                10                 0                  0        0         0
50   Brazil 2020-02-17      134             168        202                11                 0                  0        0         0
51   Brazil 2020-02-18      146             183        220                12                 0                  0        0         0
52   Brazil 2020-02-19      159             200        241                13                 0                  0        0         0
53   Brazil 2020-02-20      173             218        263                15                 0                  0        0         0
54   Brazil 2020-02-21      189             238        287                16                 0                  0        0         0
55   Brazil 2020-02-22      207             260        313                17                 0                  0        0         0
56   Brazil 2020-02-23      225             283        341                19                 0                  0        0         0
57   Brazil 2020-02-24      246             309        372                21                 0                  0        0         0
58   Brazil 2020-02-25      268             337        406                22                 1                  0        0         0
59   Brazil 2020-02-26      293             368        443                24                 1                  0        0         0
60   Brazil 2020-02-27      320             402        484                27                 1                  0        0         0
61   Brazil 2020-02-28      348             438        528                29                 1                  0        0         0
62   Brazil 2020-02-29      380             478        576                32                 2                  0        0         0
63   Brazil 2020-03-01      415             522        629                35                 2                  0        0         0
64   Brazil 2020-03-02      453             569        685                38                 2                  0        0         0
65   Brazil 2020-03-03      494             621        748                41                 2                  0        0         0
66   Brazil 2020-03-04      539             678        817                45                 3                  0        0         0
67   Brazil 2020-03-05      588             739        890                49                 8                  0        0         0
68   Brazil 2020-03-06      642             807        972                54                13                  0        0         0
69   Brazil 2020-03-07      700             880       1060                59                13                  0        0         0
70   Brazil 2020-03-08      764             961       1158                64                25                  0        0         0
71   Brazil 2020-03-09      834            1048       1262                70                25                  0        0         0
72   Brazil 2020-03-10      910            1144       1378                76                34                  0        0         0
73   Brazil 2020-03-11      993            1248       1503                83                52                  0        0         0
74   Brazil 2020-03-12     1083            1362       1641                91                77                  0        0         0
75   Brazil 2020-03-13     1182            1486       1790                99                98                  0        0         0
76   Brazil 2020-03-14     1289            1621       1953               108               121                  0        0         0
77   Brazil 2020-03-15     1407            1769       2131               118               200                  0        0         0
78   Brazil 2020-03-16     1535            1930       2325               128               234                  1        0         0
79   Brazil 2020-03-17     1675            2106       2537               140               291                  4        0         0
80   Brazil 2020-03-18     1828            2298       2768               153               428                  6        0         0
81   Brazil 2020-03-19     1995            2508       3021               167               621                 11        0         0
82   Brazil 2020-03-20     2176            2736       3296               182               904                 18        0         0
83   Brazil 2020-03-21     2374            2985       3596               199              1128                 25        0         0
84   Brazil 2020-03-22     2591            3258       3925               217              1546                 34        0         0
85   Brazil 2020-03-23     2827            3554       4281               237              1891                 46        0         0
86   Brazil 2020-03-24     3085            3878       4671               258              2201                 57        0         0
87   Brazil 2020-03-25     3366            4232       5098               282              2433                 77        0         0
88   Brazil 2020-03-26     3673            4618       5563               307              2915                 92        0         0
89   Brazil 2020-03-27     4007            5038       6069               335              3417                114        0         0
90   Brazil 2020-03-28     4373            5498       6623               366              3904                136        0         0
91   Brazil 2020-03-29     4772            5999       7226               399              4256                159        0         0
92   Brazil 2020-03-30     5206            6545       7884               436              4579                201        0         0
93   Brazil 2020-03-31     5681            7142       8603               475              5717                241        0         0
94   Brazil 2020-04-01     6198            7793       9388               519              6836                299        0         0
95   Brazil 2020-04-02     6763            8503      10243               566              7910                359        0         0
96   Brazil 2020-04-03     7380            9278      11176               618              9056                432        0         0
97   Brazil 2020-04-04     8052           10124      12196               674             10278                486        0         0
98   Brazil 2020-04-05     8787           11047      13307               735             11130                553        0         0
99   Brazil 2020-04-06     9587           12053      14519               802             12056                667        0         0
100  Brazil 2020-04-07    10461           13152      15843               876             13717                800        0         0
101  Brazil 2020-04-08    11415           14351      17287               955             15927                941        0         0
102  Brazil 2020-04-09    12455           15659      18863              1042             17857               1056        0         0
103  Brazil 2020-04-10    13590           17086      20582              1137             19638               1124        0         0
104  Brazil 2020-04-11    14828           18643      22458              1241             20727               1223        0         0
105  Brazil 2020-04-12    16180           20342      24504              1354             22169               1328        0         0
106  Brazil 2020-04-13    17654           22196      26738              1478             23430               1532        0         0
107  Brazil 2020-04-14    19263           24219      29175              1612             25262               1736        0         0
108  Brazil 2020-04-15    21019           26426      31833              1759             28320               1924        0         0
109  Brazil 2020-04-16    22935           28835      34735              1920             30425               2141        0         0
110  Brazil 2020-04-17    25025           31463      37901              2095             33682               2347        0         0
111  Brazil 2020-04-18    27306           34331      41356              2285             36599               2462        0         0
112  Brazil 2020-04-19    29795           37460      45125              2494             38654               2575        0         0
113  Brazil 2020-04-20    32511           40874      49237              2721             40581               2741        0         0
114  Brazil 2020-04-21    35473           44599      53725              2969             43079               2906        0         0
115  Brazil 2020-04-22    38707           48664      58621              3240             45757               3331        0         0
116  Brazil 2020-04-23    42234           53099      63964              3535             50036               3331        0         0
117  Brazil 2020-04-24    46084           57939      69794              3857                NA                 NA        0         0
118  Brazil 2020-04-25    50284           63219      76154              4209                NA                 NA        0         0
119  Brazil 2020-04-26    54867           68981      83095              4592                NA                 NA        0         0
120  Brazil 2020-04-27    59867           75268      90669              5011                NA                 NA        0         0
121  Brazil 2020-04-28    65324           82128      98932              5467                NA                 NA        0         0
122  Brazil 2020-04-29    71278           89614     107950              5966                NA                 NA        0         0
123  Brazil 2020-04-30    77774           97781     117788              6509                NA                 NA        0         0

Fontes:
	OMS - https://ourworldindata.org/coronavirus-source-data
	Worldometers - https://www.worldometers.info/coronavirus