
 Italy 
Projecao:  7  dias
Gerado em:  2020-05-08 10:54:42
RMSE(%):  37.7 , BIAS(%): 9.46

Taxa de Mortalidade 13.88 %

    country       dias otimista casos_estimados pessimista estimativa_mortes casos_confirmados mortes_confirmadas latitude longitude
119   Italy 2020-04-26   116386          186668     256950             25907            197675              26977 41.87194  12.56738
120   Italy 2020-04-27   120162          192724     265286             26747            199414              27359 41.87194  12.56738
121   Italy 2020-04-28   124059          198975     273891             27615            201505              27682 41.87194  12.56738
122   Italy 2020-04-29   128083          205429     282775             28511            203591              27967 41.87194  12.56738
123   Italy 2020-04-30   132238          212093     291948             29435            205463              28236 41.87194  12.56738
124   Italy 2020-05-01   136527          218972     301417             30390            207428              28710 41.87194  12.56738
125   Italy 2020-05-02   140956          226075     311194             31376            209328              28884 41.87194  12.56738
126   Italy 2020-05-03   145529          233409     321289             32394            210717              29079 41.87194  12.56738
127   Italy 2020-05-04   150249          240980     331711             33445            211938              29315 41.87194  12.56738
128   Italy 2020-05-05   155123          248797     342471             34529            213013              29684 41.87194  12.56738
129   Italy 2020-05-06   160154          256867     353580             35649            214457              29958 41.87194  12.56738
130   Italy 2020-05-07   165349          265199     365049             36806            215858              29958 41.87194  12.56738
131   Italy 2020-05-08   170713          273801     376889             38000            215858              29958 41.87194  12.56738
132   Italy 2020-05-09   176251          282683     389115             39232                NA                 NA 41.87194  12.56738
133   Italy 2020-05-10   181967          291852     401737             40505                NA                 NA 41.87194  12.56738
134   Italy 2020-05-11   187870          301319     414768             41819                NA                 NA 41.87194  12.56738
135   Italy 2020-05-12   193964          311093     428222             43175                NA                 NA 41.87194  12.56738
136   Italy 2020-05-13   200256          321184     442112             44576                NA                 NA 41.87194  12.56738
137   Italy 2020-05-14   206751          331602     456453             46022                NA                 NA 41.87194  12.56738
138   Italy 2020-05-15   213458          342359     471260             47515                NA                 NA 41.87194  12.56738

Total de casos no mundo:  3947820 1413036 1571342 268613 629928 55672 8508 721 3947820

Estimados a partir dos dados da OMS:
    day       date      x   xest
1     1 2019-12-30      0   4317
2     2 2019-12-31      0   4457
3     3 2020-01-01      0   4601
4     4 2020-01-02      0   4751
5     5 2020-01-03      0   4905
6     6 2020-01-04      0   5064
7     7 2020-01-05      0   5228
8     8 2020-01-06      0   5398
9     9 2020-01-07      0   5573
10   10 2020-01-08      0   5753
11   11 2020-01-09      0   5940
12   12 2020-01-10      0   6133
13   13 2020-01-11      0   6332
14   14 2020-01-12      0   6537
15   15 2020-01-13      0   6749
16   16 2020-01-14      0   6968
17   17 2020-01-15      0   7194
18   18 2020-01-16      0   7427
19   19 2020-01-17      0   7668
20   20 2020-01-18      0   7917
21   21 2020-01-19      0   8174
22   22 2020-01-20      0   8439
23   23 2020-01-21      0   8713
24   24 2020-01-22      0   8995
25   25 2020-01-23      0   9287
26   26 2020-01-24      0   9588
27   27 2020-01-25      0   9899
28   28 2020-01-26      0  10221
29   29 2020-01-27      0  10552
30   30 2020-01-28      0  10894
31   31 2020-01-29      0  11248
32   32 2020-01-30      3  11613
33   33 2020-01-31      3  11989
34   34 2020-02-01      3  12378
35   35 2020-02-02      3  12780
36   36 2020-02-03      3  13194
37   37 2020-02-04      3  13622
38   38 2020-02-05      3  14064
39   39 2020-02-06      3  14520
40   40 2020-02-07      3  14991
41   41 2020-02-08      3  15478
42   42 2020-02-09      3  15980
43   43 2020-02-10      3  16498
44   44 2020-02-11      3  17033
45   45 2020-02-12      3  17586
46   46 2020-02-13      3  18156
47   47 2020-02-14      3  18745
48   48 2020-02-15      3  19353
49   49 2020-02-16      3  19981
50   50 2020-02-17      3  20629
51   51 2020-02-18      3  21298
52   52 2020-02-19      3  21989
53   53 2020-02-20      3  22702
54   54 2020-02-21     17  23439
55   55 2020-02-22     79  24199
56   56 2020-02-23    132  24984
57   57 2020-02-24    229  25794
58   58 2020-02-25    322  26631
59   59 2020-02-26    400  27495
60   60 2020-02-27    650  28387
61   61 2020-02-28    888  29307
62   62 2020-02-29   1128  30258
63   63 2020-03-01   1689  31239
64   64 2020-03-02   2036  32253
65   65 2020-03-03   2502  33299
66   66 2020-03-04   3089  34379
67   67 2020-03-05   3858  35494
68   68 2020-03-06   4636  36646
69   69 2020-03-07   5883  37834
70   70 2020-03-08   7375  39062
71   71 2020-03-09   9172  40329
72   72 2020-03-10  10149  41637
73   73 2020-03-11  12462  42987
74   74 2020-03-12  15113  44382
75   75 2020-03-13  17660  45821
76   76 2020-03-14  21157  47308
77   77 2020-03-15  23980  48842
78   78 2020-03-16  27980  50427
79   79 2020-03-17  31506  52062
80   80 2020-03-18  35713  53751
81   81 2020-03-19  41035  55495
82   82 2020-03-20  47021  57295
83   83 2020-03-21  53578  59153
84   84 2020-03-22  59138  61072
85   85 2020-03-23  63927  63053
86   86 2020-03-24  69176  65098
87   87 2020-03-25  74386  67210
88   88 2020-03-26  80539  69390
89   89 2020-03-27  86498  71641
90   90 2020-03-28  92472  73965
91   91 2020-03-29  97689  76364
92   92 2020-03-30 101739  78841
93   93 2020-03-31 105792  81398
94   94 2020-04-01 110574  84039
95   95 2020-04-02 115242  86765
96   96 2020-04-03 119827  89579
97   97 2020-04-04 124632  92485
98   98 2020-04-05 128948  95485
99   99 2020-04-06 132547  98582
100 100 2020-04-07 135586 101780
101 101 2020-04-08 139422 105081
102 102 2020-04-09 143626 108490
103 103 2020-04-10 147577 112009
104 104 2020-04-11 152271 115642
105 105 2020-04-12 156363 119393
106 106 2020-04-13 159516 123266
107 107 2020-04-14 162488 127264
108 108 2020-04-15 165155 131392
109 109 2020-04-16 168941 135654
110 110 2020-04-17 172434 140055
111 111 2020-04-18 175925 144598
112 112 2020-04-19 178972 149288
113 113 2020-04-20 181228 154131
114 114 2020-04-21 183957 159130
115 115 2020-04-22 187327 164292
116 116 2020-04-23 189973 169621
117 117 2020-04-24 192994 175123
118 118 2020-04-25 195351 180804
119 119 2020-04-26 197675 186668
120 120 2020-04-27 199414 192724
121 121 2020-04-28 201505 198975
122 122 2020-04-29 203591 205429
123 123 2020-04-30 205463 212093
124 124 2020-05-01 207428 218972
125 125 2020-05-02 209328 226075
126 126 2020-05-03 210717 233409
127 127 2020-05-04 211938 240980
128 128 2020-05-05 213013 248797
129 129 2020-05-06 214457 256867
130 130 2020-05-07 215858 265199
131 131 2020-05-08 215858 273801

Intervalo de Confianca
         2.5%      97.5%
b  3178.24534 5394.12654
y0   29.20016   33.62964


Formula: x ~ SSexp(day, b, y0)

Parameters:
   Estimate Std. Error t value     Pr(>|t|)    
b  91266.80    4258.29   21.43 0.0000000236 ***
y0   151.18       8.42   17.95 0.0000000949 ***
---
Signif. codes:  0 ‘***’ 0.001 ‘**’ 0.01 ‘*’ 0.05 ‘.’ 0.1 ‘ ’ 1

Residual standard error: 705.1 on 8 degrees of freedom

Number of iterations to convergence: 36 
Achieved convergence tolerance: 0.0000000149

Considerando os casos dos últimos 10 dias, temos:
Número de dias para dobrar:  151.2
Razao de crescimento:  91266.8

Todos os dados gerados
    country       dias otimista casos_estimados pessimista estimativa_mortes casos_confirmados mortes_confirmadas latitude longitude
1     Italy 2019-12-30     2692            4317       5942               599                 0                  0 41.87194  12.56738
2     Italy 2019-12-31     2779            4457       6135               619                 0                  0 41.87194  12.56738
3     Italy 2020-01-01     2869            4601       6333               639                 0                  0 41.87194  12.56738
4     Italy 2020-01-02     2962            4751       6540               659                 0                  0 41.87194  12.56738
5     Italy 2020-01-03     3058            4905       6752               681                 0                  0 41.87194  12.56738
6     Italy 2020-01-04     3157            5064       6971               703                 0                  0 41.87194  12.56738
7     Italy 2020-01-05     3260            5228       7196               726                 0                  0 41.87194  12.56738
8     Italy 2020-01-06     3366            5398       7430               749                 0                  0 41.87194  12.56738
9     Italy 2020-01-07     3475            5573       7671               773                 0                  0 41.87194  12.56738
10    Italy 2020-01-08     3587            5753       7919               798                 0                  0 41.87194  12.56738
11    Italy 2020-01-09     3704            5940       8176               824                 0                  0 41.87194  12.56738
12    Italy 2020-01-10     3824            6133       8442               851                 0                  0 41.87194  12.56738
13    Italy 2020-01-11     3948            6332       8716               879                 0                  0 41.87194  12.56738
14    Italy 2020-01-12     4076            6537       8998               907                 0                  0 41.87194  12.56738
15    Italy 2020-01-13     4208            6749       9290               937                 0                  0 41.87194  12.56738
16    Italy 2020-01-14     4344            6968       9592               967                 0                  0 41.87194  12.56738
17    Italy 2020-01-15     4485            7194       9903               998                 0                  0 41.87194  12.56738
18    Italy 2020-01-16     4631            7427      10223              1031                 0                  0 41.87194  12.56738
19    Italy 2020-01-17     4781            7668      10555              1064                 0                  0 41.87194  12.56738
20    Italy 2020-01-18     4936            7917      10898              1099                 0                  0 41.87194  12.56738
21    Italy 2020-01-19     5096            8174      11252              1134                 0                  0 41.87194  12.56738
22    Italy 2020-01-20     5262            8439      11616              1171                 0                  0 41.87194  12.56738
23    Italy 2020-01-21     5432            8713      11994              1209                 0                  0 41.87194  12.56738
24    Italy 2020-01-22     5608            8995      12382              1248                 0                  0 41.87194  12.56738
25    Italy 2020-01-23     5790            9287      12784              1289                 0                  0 41.87194  12.56738
26    Italy 2020-01-24     5978            9588      13198              1331                 0                  0 41.87194  12.56738
27    Italy 2020-01-25     6172            9899      13626              1374                 0                  0 41.87194  12.56738
28    Italy 2020-01-26     6373           10221      14069              1419                 0                  0 41.87194  12.56738
29    Italy 2020-01-27     6579           10552      14525              1464                 0                  0 41.87194  12.56738
30    Italy 2020-01-28     6792           10894      14996              1512                 0                  0 41.87194  12.56738
31    Italy 2020-01-29     7013           11248      15483              1561                 0                  0 41.87194  12.56738
32    Italy 2020-01-30     7241           11613      15985              1612                 3                  0 41.87194  12.56738
33    Italy 2020-01-31     7475           11989      16503              1664                 3                  0 41.87194  12.56738
34    Italy 2020-02-01     7718           12378      17038              1718                 3                  0 41.87194  12.56738
35    Italy 2020-02-02     7968           12780      17592              1774                 3                  0 41.87194  12.56738
36    Italy 2020-02-03     8226           13194      18162              1831                 3                  0 41.87194  12.56738
37    Italy 2020-02-04     8493           13622      18751              1891                 3                  0 41.87194  12.56738
38    Italy 2020-02-05     8769           14064      19359              1952                 3                  0 41.87194  12.56738
39    Italy 2020-02-06     9053           14520      19987              2015                 3                  0 41.87194  12.56738
40    Italy 2020-02-07     9347           14991      20635              2081                 3                  0 41.87194  12.56738
41    Italy 2020-02-08     9650           15478      21306              2148                 3                  0 41.87194  12.56738
42    Italy 2020-02-09     9963           15980      21997              2218                 3                  0 41.87194  12.56738
43    Italy 2020-02-10    10286           16498      22710              2290                 3                  0 41.87194  12.56738
44    Italy 2020-02-11    10620           17033      23446              2364                 3                  0 41.87194  12.56738
45    Italy 2020-02-12    10965           17586      24207              2441                 3                  0 41.87194  12.56738
46    Italy 2020-02-13    11320           18156      24992              2520                 3                  0 41.87194  12.56738
47    Italy 2020-02-14    11687           18745      25803              2602                 3                  0 41.87194  12.56738
48    Italy 2020-02-15    12066           19353      26640              2686                 3                  0 41.87194  12.56738
49    Italy 2020-02-16    12458           19981      27504              2773                 3                  0 41.87194  12.56738
50    Italy 2020-02-17    12862           20629      28396              2863                 3                  0 41.87194  12.56738
51    Italy 2020-02-18    13279           21298      29317              2956                 3                  0 41.87194  12.56738
52    Italy 2020-02-19    13710           21989      30268              3052                 3                  0 41.87194  12.56738
53    Italy 2020-02-20    14155           22702      31249              3151                 3                  0 41.87194  12.56738
54    Italy 2020-02-21    14614           23439      32264              3253                17                  2 41.87194  12.56738
55    Italy 2020-02-22    15088           24199      33310              3358                79                  2 41.87194  12.56738
56    Italy 2020-02-23    15577           24984      34391              3467               132                  6 41.87194  12.56738
57    Italy 2020-02-24    16082           25794      35506              3580               229                 11 41.87194  12.56738
58    Italy 2020-02-25    16604           26631      36658              3696               322                 12 41.87194  12.56738
59    Italy 2020-02-26    17143           27495      37847              3816               400                 17 41.87194  12.56738
60    Italy 2020-02-27    17699           28387      39075              3940               650                 21 41.87194  12.56738
61    Italy 2020-02-28    18273           29307      40341              4067               888                 29 41.87194  12.56738
62    Italy 2020-02-29    18866           30258      41650              4199              1128                 35 41.87194  12.56738
63    Italy 2020-03-01    19477           31239      43001              4336              1689                 52 41.87194  12.56738
64    Italy 2020-03-02    20109           32253      44397              4476              2036                 80 41.87194  12.56738
65    Italy 2020-03-03    20762           33299      45836              4621              2502                107 41.87194  12.56738
66    Italy 2020-03-04    21435           34379      47323              4771              3089                148 41.87194  12.56738
67    Italy 2020-03-05    22130           35494      48858              4926              3858                197 41.87194  12.56738
68    Italy 2020-03-06    22848           36646      50444              5086              4636                233 41.87194  12.56738
69    Italy 2020-03-07    23589           37834      52079              5251              5883                366 41.87194  12.56738
70    Italy 2020-03-08    24355           39062      53769              5421              7375                464 41.87194  12.56738
71    Italy 2020-03-09    25145           40329      55513              5597              9172                631 41.87194  12.56738
72    Italy 2020-03-10    25960           41637      57314              5779             10149                827 41.87194  12.56738
73    Italy 2020-03-11    26802           42987      59172              5966             12462               1016 41.87194  12.56738
74    Italy 2020-03-12    27672           44382      61092              6160             15113               1268 41.87194  12.56738
75    Italy 2020-03-13    28569           45821      63073              6359             17660               1441 41.87194  12.56738
76    Italy 2020-03-14    29496           47308      65120              6566             21157               1811 41.87194  12.56738
77    Italy 2020-03-15    30453           48842      67231              6779             23980               2158 41.87194  12.56738
78    Italy 2020-03-16    31441           50427      69413              6999             27980               2505 41.87194  12.56738
79    Italy 2020-03-17    32460           52062      71664              7225             31506               2978 41.87194  12.56738
80    Italy 2020-03-18    33513           53751      73989              7460             35713               3407 41.87194  12.56738
81    Italy 2020-03-19    34601           55495      76389              7702             41035               4032 41.87194  12.56738
82    Italy 2020-03-20    35723           57295      78867              7952             47021               4827 41.87194  12.56738
83    Italy 2020-03-21    36881           59153      81425              8210             53578               5476 41.87194  12.56738
84    Italy 2020-03-22    38078           61072      84066              8476             59138               6077 41.87194  12.56738
85    Italy 2020-03-23    39313           63053      86793              8751             63927               6820 41.87194  12.56738
86    Italy 2020-03-24    40588           65098      89608              9035             69176               7505 41.87194  12.56738
87    Italy 2020-03-25    41905           67210      92515              9328             74386               8165 41.87194  12.56738
88    Italy 2020-03-26    43264           69390      95516              9630             80539               9136 41.87194  12.56738
89    Italy 2020-03-27    44668           71641      98614              9943             86498              10023 41.87194  12.56738
90    Italy 2020-03-28    46117           73965     101813             10265             92472              10781 41.87194  12.56738
91    Italy 2020-03-29    47612           76364     105116             10598             97689              11591 41.87194  12.56738
92    Italy 2020-03-30    49157           78841     108525             10942            101739              12430 41.87194  12.56738
93    Italy 2020-03-31    50751           81398     112045             11297            105792              13157 41.87194  12.56738
94    Italy 2020-04-01    52398           84039     115680             11663            110574              13917 41.87194  12.56738
95    Italy 2020-04-02    54097           86765     119433             12042            115242              14681 41.87194  12.56738
96    Italy 2020-04-03    55852           89579     123306             12432            119827              15362 41.87194  12.56738
97    Italy 2020-04-04    57664           92485     127306             12836            124632              15889 41.87194  12.56738
98    Italy 2020-04-05    59534           95485     131436             13252            128948              16525 41.87194  12.56738
99    Italy 2020-04-06    61465           98582     135699             13682            132547              17129 41.87194  12.56738
100   Italy 2020-04-07    63459          101780     140101             14126            135586              17669 41.87194  12.56738
101   Italy 2020-04-08    65517          105081     144645             14584            139422              18281 41.87194  12.56738
102   Italy 2020-04-09    67643          108490     149337             15057            143626              18851 41.87194  12.56738
103   Italy 2020-04-10    69837          112009     154181             15545            147577              19470 41.87194  12.56738
104   Italy 2020-04-11    72102          115642     159182             16049            152271              19901 41.87194  12.56738
105   Italy 2020-04-12    74441          119393     164345             16570            156363              20465 41.87194  12.56738
106   Italy 2020-04-13    76855          123266     169677             17108            159516              21069 41.87194  12.56738
107   Italy 2020-04-14    79348          127264     175180             17662            162488              21647 41.87194  12.56738
108   Italy 2020-04-15    81922          131392     180862             18235            165155              22172 41.87194  12.56738
109   Italy 2020-04-16    84579          135654     186729             18827            168941              22747 41.87194  12.56738
110   Italy 2020-04-17    87323          140055     192787             19438            172434              23227 41.87194  12.56738
111   Italy 2020-04-18    90156          144598     199040             20068            175925              23660 41.87194  12.56738
112   Italy 2020-04-19    93080          149288     205496             20719            178972              24114 41.87194  12.56738
113   Italy 2020-04-20    96099          154131     212163             21391            181228              24648 41.87194  12.56738
114   Italy 2020-04-21    99216          159130     219044             22085            183957              25085 41.87194  12.56738
115   Italy 2020-04-22   102435          164292     226149             22801            187327              25549 41.87194  12.56738
116   Italy 2020-04-23   105757          169621     233485             23541            189973              25969 41.87194  12.56738
117   Italy 2020-04-24   109188          175123     241058             24305            192994              26384 41.87194  12.56738
118   Italy 2020-04-25   112730          180804     248878             25093            195351              26644 41.87194  12.56738
119   Italy 2020-04-26   116386          186668     256950             25907            197675              26977 41.87194  12.56738
120   Italy 2020-04-27   120162          192724     265286             26747            199414              27359 41.87194  12.56738
121   Italy 2020-04-28   124059          198975     273891             27615            201505              27682 41.87194  12.56738
122   Italy 2020-04-29   128083          205429     282775             28511            203591              27967 41.87194  12.56738
123   Italy 2020-04-30   132238          212093     291948             29435            205463              28236 41.87194  12.56738
124   Italy 2020-05-01   136527          218972     301417             30390            207428              28710 41.87194  12.56738
125   Italy 2020-05-02   140956          226075     311194             31376            209328              28884 41.87194  12.56738
126   Italy 2020-05-03   145529          233409     321289             32394            210717              29079 41.87194  12.56738
127   Italy 2020-05-04   150249          240980     331711             33445            211938              29315 41.87194  12.56738
128   Italy 2020-05-05   155123          248797     342471             34529            213013              29684 41.87194  12.56738
129   Italy 2020-05-06   160154          256867     353580             35649            214457              29958 41.87194  12.56738
130   Italy 2020-05-07   165349          265199     365049             36806            215858              29958 41.87194  12.56738
131   Italy 2020-05-08   170713          273801     376889             38000            215858              29958 41.87194  12.56738
132   Italy 2020-05-09   176251          282683     389115             39232                NA                 NA 41.87194  12.56738
133   Italy 2020-05-10   181967          291852     401737             40505                NA                 NA 41.87194  12.56738
134   Italy 2020-05-11   187870          301319     414768             41819                NA                 NA 41.87194  12.56738
135   Italy 2020-05-12   193964          311093     428222             43175                NA                 NA 41.87194  12.56738
136   Italy 2020-05-13   200256          321184     442112             44576                NA                 NA 41.87194  12.56738
137   Italy 2020-05-14   206751          331602     456453             46022                NA                 NA 41.87194  12.56738
138   Italy 2020-05-15   213458          342359     471260             47515                NA                 NA 41.87194  12.56738

Fontes:
	OMS - https://ourworldindata.org/coronavirus-source-data
	Worldometers - https://www.worldometers.info/coronavirus