
 Brazil 
Projecao:  10  dias
Gerado em:  2020-06-29 08:42:47
RMSE(%):  18 , BIAS(%): 5.8

Taxa de Mortalidade 4.29 %

    country       dias otimista casos_estimados pessimista estimativa_mortes casos_confirmados mortes_confirmadas latitude longitude
174  Brazil 2020-06-20   851284         1038267    1225250             44500           1067579              50617        0         0
175  Brazil 2020-06-21   886199         1080851    1275503             46326           1085038              51271        0         0
176  Brazil 2020-06-22   922545         1125180    1327815             48226           1106470              52645        0         0
177  Brazil 2020-06-23   960383         1171329    1382275             50204           1145906              53830        0         0
178  Brazil 2020-06-24   999771         1219369    1438967             52263           1188631              54971        0         0
179  Brazil 2020-06-25  1040777         1269381    1497985             54406           1228114              55961        0         0
180  Brazil 2020-06-26  1083463         1321443    1559423             56637           1274974              57070        0         0
181  Brazil 2020-06-27  1127899         1375640    1623381             58960           1313667              57622        0         0
182  Brazil 2020-06-28  1174160         1432061    1689962             61379           1344143              57658        0         0
183  Brazil 2020-06-29  1222316         1490795    1759274             63896           1345254              57658        0         0
184  Brazil 2020-06-30  1272449         1551939    1831429             66517                NA                 NA        0         0
185  Brazil 2020-07-01  1324637         1615590    1906543             69245                NA                 NA        0         0
186  Brazil 2020-07-02  1378965         1681852    1984739             72085                NA                 NA        0         0
187  Brazil 2020-07-03  1435522         1750831    2066140             75041                NA                 NA        0         0
188  Brazil 2020-07-04  1494398         1822639    2150880             78119                NA                 NA        0         0
189  Brazil 2020-07-05  1555689         1897393    2239097             81323                NA                 NA        0         0
190  Brazil 2020-07-06  1619495         1975213    2330931             84658                NA                 NA        0         0
191  Brazil 2020-07-07  1685916         2056224    2426532             88130                NA                 NA        0         0
192  Brazil 2020-07-08  1755062         2140558    2526054             91745                NA                 NA        0         0
193  Brazil 2020-07-09  1827045         2228351    2629657             95508                NA                 NA        0         0

Total de casos no mundo:  10273045 3077325 2147683 2422348 2229316 386245 9407 721 10273045

Estimados a partir dos dados da OMS:
    day       date       x    xest
1     1 2019-12-30       0     992
2     2 2019-12-31       0    1032
3     3 2020-01-01       0    1075
4     4 2020-01-02       0    1119
5     5 2020-01-03       0    1165
6     6 2020-01-04       0    1212
7     7 2020-01-05       0    1262
8     8 2020-01-06       0    1314
9     9 2020-01-07       0    1368
10   10 2020-01-08       0    1424
11   11 2020-01-09       0    1482
12   12 2020-01-10       0    1543
13   13 2020-01-11       0    1606
14   14 2020-01-12       0    1672
15   15 2020-01-13       0    1741
16   16 2020-01-14       0    1812
17   17 2020-01-15       0    1886
18   18 2020-01-16       0    1964
19   19 2020-01-17       0    2044
20   20 2020-01-18       0    2128
21   21 2020-01-19       0    2215
22   22 2020-01-20       0    2306
23   23 2020-01-21       0    2401
24   24 2020-01-22       0    2499
25   25 2020-01-23       0    2602
26   26 2020-01-24       0    2709
27   27 2020-01-25       0    2820
28   28 2020-01-26       0    2935
29   29 2020-01-27       0    3056
30   30 2020-01-28       0    3181
31   31 2020-01-29       0    3311
32   32 2020-01-30       0    3447
33   33 2020-01-31       0    3589
34   34 2020-02-01       0    3736
35   35 2020-02-02       0    3889
36   36 2020-02-03       0    4049
37   37 2020-02-04       0    4215
38   38 2020-02-05       0    4388
39   39 2020-02-06       0    4567
40   40 2020-02-07       0    4755
41   41 2020-02-08       0    4950
42   42 2020-02-09       0    5153
43   43 2020-02-10       0    5364
44   44 2020-02-11       0    5584
45   45 2020-02-12       0    5813
46   46 2020-02-13       0    6052
47   47 2020-02-14       0    6300
48   48 2020-02-15       0    6558
49   49 2020-02-16       0    6827
50   50 2020-02-17       0    7107
51   51 2020-02-18       0    7399
52   52 2020-02-19       0    7702
53   53 2020-02-20       0    8018
54   54 2020-02-21       0    8347
55   55 2020-02-22       0    8689
56   56 2020-02-23       0    9046
57   57 2020-02-24       0    9417
58   58 2020-02-25       1    9803
59   59 2020-02-26       1   10205
60   60 2020-02-27       1   10623
61   61 2020-02-28       1   11059
62   62 2020-02-29       2   11513
63   63 2020-03-01       2   11985
64   64 2020-03-02       2   12476
65   65 2020-03-03       2   12988
66   66 2020-03-04       3   13521
67   67 2020-03-05       8   14075
68   68 2020-03-06      13   14653
69   69 2020-03-07      13   15254
70   70 2020-03-08      25   15879
71   71 2020-03-09      25   16530
72   72 2020-03-10      34   17208
73   73 2020-03-11      52   17914
74   74 2020-03-12      77   18649
75   75 2020-03-13      98   19414
76   76 2020-03-14     121   20210
77   77 2020-03-15     200   21039
78   78 2020-03-16     234   21902
79   79 2020-03-17     291   22800
80   80 2020-03-18     428   23735
81   81 2020-03-19     621   24709
82   82 2020-03-20     904   25722
83   83 2020-03-21    1128   26777
84   84 2020-03-22    1546   27875
85   85 2020-03-23    1891   29019
86   86 2020-03-24    2201   30209
87   87 2020-03-25    2433   31448
88   88 2020-03-26    2915   32738
89   89 2020-03-27    3417   34080
90   90 2020-03-28    3904   35478
91   91 2020-03-29    4256   36933
92   92 2020-03-30    4579   38448
93   93 2020-03-31    5717   40025
94   94 2020-04-01    6836   41666
95   95 2020-04-02    7910   43375
96   96 2020-04-03    9056   45154
97   97 2020-04-04   10278   47006
98   98 2020-04-05   11130   48934
99   99 2020-04-06   12056   50941
100 100 2020-04-07   13717   53030
101 101 2020-04-08   15927   55205
102 102 2020-04-09   17857   57470
103 103 2020-04-10   19638   59827
104 104 2020-04-11   20727   62280
105 105 2020-04-12   22169   64835
106 106 2020-04-13   23430   67494
107 107 2020-04-14   25262   70262
108 108 2020-04-15   28320   73144
109 109 2020-04-16   30425   76144
110 110 2020-04-17   33682   79267
111 111 2020-04-18   36599   82518
112 112 2020-04-19   38654   85902
113 113 2020-04-20   40581   89425
114 114 2020-04-21   43079   93093
115 115 2020-04-22   45757   96911
116 116 2020-04-23   49492  100886
117 117 2020-04-24   52995  105023
118 118 2020-04-25   58509  109331
119 119 2020-04-26   61888  113815
120 120 2020-04-27   66501  118483
121 121 2020-04-28   71886  123342
122 122 2020-04-29   78162  128401
123 123 2020-04-30   85380  133667
124 124 2020-05-01   91589  139149
125 125 2020-05-02   96559  144857
126 126 2020-05-03  101147  150798
127 127 2020-05-04  107780  156983
128 128 2020-05-05  114715  163421
129 129 2020-05-06  125218  170124
130 130 2020-05-07  135106  177101
131 131 2020-05-08  145328  184365
132 132 2020-05-09  155939  191926
133 133 2020-05-10  162699  199798
134 134 2020-05-11  168331  207992
135 135 2020-05-12  177589  216523
136 136 2020-05-13  188974  225403
137 137 2020-05-14  202918  234648
138 138 2020-05-15  218223  244272
139 139 2020-05-16  233142  254290
140 140 2020-05-17  241080  264720
141 141 2020-05-18  254220  275577
142 142 2020-05-19  271628  286880
143 143 2020-05-20  291579  298646
144 144 2020-05-21  310087  310894
145 145 2020-05-22  330890  323645
146 146 2020-05-23  347398  336919
147 147 2020-05-24  363211  350738
148 148 2020-05-25  374898  365123
149 149 2020-05-26  391222  380098
150 150 2020-05-27  411821  395687
151 151 2020-05-28  438238  411916
152 152 2020-05-29  465166  428810
153 153 2020-05-30  498440  446397
154 154 2020-05-31  514849  464706
155 155 2020-06-01  526447  483765
156 156 2020-06-02  555383  503606
157 157 2020-06-03  584016  524261
158 158 2020-06-04  614932  545763
159 159 2020-06-05  645762  568147
160 160 2020-06-06  672837  591449
161 161 2020-06-07  691758  615707
162 162 2020-06-08  707412  640959
163 163 2020-06-09  739503  667248
164 164 2020-06-10  772416  694614
165 165 2020-06-11  802828  723103
166 166 2020-06-12  828810  752760
167 167 2020-06-13  850514  783634
168 168 2020-06-14  867624  815774
169 169 2020-06-15  888271  849232
170 170 2020-06-16  923189  884062
171 171 2020-06-17  955377  920321
172 172 2020-06-18  978142  958067
173 173 2020-06-19 1032913  997361
174 174 2020-06-20 1067579 1038267
175 175 2020-06-21 1085038 1080851
176 176 2020-06-22 1106470 1125180
177 177 2020-06-23 1145906 1171329
178 178 2020-06-24 1188631 1219369
179 179 2020-06-25 1228114 1269381
180 180 2020-06-26 1274974 1321443
181 181 2020-06-27 1313667 1375640
182 182 2020-06-28 1344143 1432061
183 183 2020-06-29 1345254 1490795

Intervalo de Confianca
        2.5%     97.5%
b  804.71232 1122.5936
y0  24.28551   25.4865


Formula: x ~ SSexp(day, b, y0)

Parameters:
   Estimate Std. Error t value     Pr(>|t|)    
b  6965.053   1744.377   3.993      0.00399 ** 
y0   34.633      1.678  20.637 0.0000000318 ***
---
Signif. codes:  0 ‘***’ 0.001 ‘**’ 0.01 ‘*’ 0.05 ‘.’ 0.1 ‘ ’ 1

Residual standard error: 15300 on 8 degrees of freedom

Number of iterations to convergence: 22 
Achieved convergence tolerance: 0.0000000149

Considerando os casos dos últimos 10 dias, temos:
Número de dias para dobrar:  34.6
Razao de crescimento:  6965.05

Todos os dados gerados
    country       dias otimista casos_estimados pessimista estimativa_mortes casos_confirmados mortes_confirmadas latitude longitude
1    Brazil 2019-12-30      813             992       1171                43                 0                  0        0         0
2    Brazil 2019-12-31      846            1032       1218                44                 0                  0        0         0
3    Brazil 2020-01-01      881            1075       1269                46                 0                  0        0         0
4    Brazil 2020-01-02      917            1119       1321                48                 0                  0        0         0
5    Brazil 2020-01-03      955            1165       1375                50                 0                  0        0         0
6    Brazil 2020-01-04      994            1212       1430                52                 0                  0        0         0
7    Brazil 2020-01-05     1035            1262       1489                54                 0                  0        0         0
8    Brazil 2020-01-06     1077            1314       1551                56                 0                  0        0         0
9    Brazil 2020-01-07     1122            1368       1614                59                 0                  0        0         0
10   Brazil 2020-01-08     1168            1424       1680                61                 0                  0        0         0
11   Brazil 2020-01-09     1215            1482       1749                64                 0                  0        0         0
12   Brazil 2020-01-10     1265            1543       1821                66                 0                  0        0         0
13   Brazil 2020-01-11     1317            1606       1895                69                 0                  0        0         0
14   Brazil 2020-01-12     1371            1672       1973                72                 0                  0        0         0
15   Brazil 2020-01-13     1427            1741       2055                75                 0                  0        0         0
16   Brazil 2020-01-14     1486            1812       2138                78                 0                  0        0         0
17   Brazil 2020-01-15     1546            1886       2226                81                 0                  0        0         0
18   Brazil 2020-01-16     1610            1964       2318                84                 0                  0        0         0
19   Brazil 2020-01-17     1676            2044       2412                88                 0                  0        0         0
20   Brazil 2020-01-18     1745            2128       2511                91                 0                  0        0         0
21   Brazil 2020-01-19     1816            2215       2614                95                 0                  0        0         0
22   Brazil 2020-01-20     1891            2306       2721                99                 0                  0        0         0
23   Brazil 2020-01-21     1969            2401       2833               103                 0                  0        0         0
24   Brazil 2020-01-22     2049            2499       2949               107                 0                  0        0         0
25   Brazil 2020-01-23     2133            2602       3071               112                 0                  0        0         0
26   Brazil 2020-01-24     2221            2709       3197               116                 0                  0        0         0
27   Brazil 2020-01-25     2312            2820       3328               121                 0                  0        0         0
28   Brazil 2020-01-26     2406            2935       3464               126                 0                  0        0         0
29   Brazil 2020-01-27     2506            3056       3606               131                 0                  0        0         0
30   Brazil 2020-01-28     2608            3181       3754               136                 0                  0        0         0
31   Brazil 2020-01-29     2715            3311       3907               142                 0                  0        0         0
32   Brazil 2020-01-30     2826            3447       4068               148                 0                  0        0         0
33   Brazil 2020-01-31     2943            3589       4235               154                 0                  0        0         0
34   Brazil 2020-02-01     3063            3736       4409               160                 0                  0        0         0
35   Brazil 2020-02-02     3189            3889       4589               167                 0                  0        0         0
36   Brazil 2020-02-03     3320            4049       4778               174                 0                  0        0         0
37   Brazil 2020-02-04     3456            4215       4974               181                 0                  0        0         0
38   Brazil 2020-02-05     3598            4388       5178               188                 0                  0        0         0
39   Brazil 2020-02-06     3745            4567       5389               196                 0                  0        0         0
40   Brazil 2020-02-07     3899            4755       5611               204                 0                  0        0         0
41   Brazil 2020-02-08     4059            4950       5841               212                 0                  0        0         0
42   Brazil 2020-02-09     4225            5153       6081               221                 0                  0        0         0
43   Brazil 2020-02-10     4398            5364       6330               230                 0                  0        0         0
44   Brazil 2020-02-11     4578            5584       6590               239                 0                  0        0         0
45   Brazil 2020-02-12     4766            5813       6860               249                 0                  0        0         0
46   Brazil 2020-02-13     4962            6052       7142               259                 0                  0        0         0
47   Brazil 2020-02-14     5165            6300       7435               270                 0                  0        0         0
48   Brazil 2020-02-15     5377            6558       7739               281                 0                  0        0         0
49   Brazil 2020-02-16     5598            6827       8056               293                 0                  0        0         0
50   Brazil 2020-02-17     5827            7107       8387               305                 0                  0        0         0
51   Brazil 2020-02-18     6067            7399       8731               317                 0                  0        0         0
52   Brazil 2020-02-19     6315            7702       9089               330                 0                  0        0         0
53   Brazil 2020-02-20     6574            8018       9462               344                 0                  0        0         0
54   Brazil 2020-02-21     6844            8347       9850               358                 0                  0        0         0
55   Brazil 2020-02-22     7124            8689      10254               372                 0                  0        0         0
56   Brazil 2020-02-23     7417            9046      10675               388                 0                  0        0         0
57   Brazil 2020-02-24     7721            9417      11113               404                 0                  0        0         0
58   Brazil 2020-02-25     8038            9803      11568               420                 1                  0        0         0
59   Brazil 2020-02-26     8367           10205      12043               437                 1                  0        0         0
60   Brazil 2020-02-27     8710           10623      12536               455                 1                  0        0         0
61   Brazil 2020-02-28     9067           11059      13051               474                 1                  0        0         0
62   Brazil 2020-02-29     9440           11513      13586               493                 2                  0        0         0
63   Brazil 2020-03-01     9827           11985      14143               514                 2                  0        0         0
64   Brazil 2020-03-02    10229           12476      14723               535                 2                  0        0         0
65   Brazil 2020-03-03    10649           12988      15327               557                 2                  0        0         0
66   Brazil 2020-03-04    11086           13521      15956               580                 3                  0        0         0
67   Brazil 2020-03-05    11540           14075      16610               603                 8                  0        0         0
68   Brazil 2020-03-06    12014           14653      17292               628                13                  0        0         0
69   Brazil 2020-03-07    12507           15254      18001               654                13                  0        0         0
70   Brazil 2020-03-08    13019           15879      18739               681                25                  0        0         0
71   Brazil 2020-03-09    13553           16530      19507               708                25                  0        0         0
72   Brazil 2020-03-10    14109           17208      20307               738                34                  0        0         0
73   Brazil 2020-03-11    14688           17914      21140               768                52                  0        0         0
74   Brazil 2020-03-12    15290           18649      22008               799                77                  0        0         0
75   Brazil 2020-03-13    15918           19414      22910               832                98                  0        0         0
76   Brazil 2020-03-14    16570           20210      23850               866               121                  0        0         0
77   Brazil 2020-03-15    17250           21039      24828               902               200                  0        0         0
78   Brazil 2020-03-16    17958           21902      25846               939               234                  1        0         0
79   Brazil 2020-03-17    18694           22800      26906               977               291                  4        0         0
80   Brazil 2020-03-18    19461           23735      28009              1017               428                  6        0         0
81   Brazil 2020-03-19    20259           24709      29159              1059               621                 11        0         0
82   Brazil 2020-03-20    21090           25722      30354              1102               904                 18        0         0
83   Brazil 2020-03-21    21955           26777      31599              1148              1128                 25        0         0
84   Brazil 2020-03-22    22855           27875      32895              1195              1546                 34        0         0
85   Brazil 2020-03-23    23793           29019      34245              1244              1891                 46        0         0
86   Brazil 2020-03-24    24769           30209      35649              1295              2201                 57        0         0
87   Brazil 2020-03-25    25784           31448      37112              1348              2433                 77        0         0
88   Brazil 2020-03-26    26842           32738      38634              1403              2915                 92        0         0
89   Brazil 2020-03-27    27942           34080      40218              1461              3417                114        0         0
90   Brazil 2020-03-28    29089           35478      41867              1521              3904                136        0         0
91   Brazil 2020-03-29    30282           36933      43584              1583              4256                159        0         0
92   Brazil 2020-03-30    31524           38448      45372              1648              4579                201        0         0
93   Brazil 2020-03-31    32817           40025      47233              1715              5717                241        0         0
94   Brazil 2020-04-01    34162           41666      49170              1786              6836                299        0         0
95   Brazil 2020-04-02    35564           43375      51186              1859              7910                359        0         0
96   Brazil 2020-04-03    37022           45154      53286              1935              9056                432        0         0
97   Brazil 2020-04-04    38541           47006      55471              2015             10278                486        0         0
98   Brazil 2020-04-05    40121           48934      57747              2097             11130                553        0         0
99   Brazil 2020-04-06    41767           50941      60115              2183             12056                667        0         0
100  Brazil 2020-04-07    43480           53030      62580              2273             13717                800        0         0
101  Brazil 2020-04-08    45263           55205      65147              2366             15927                941        0         0
102  Brazil 2020-04-09    47120           57470      67820              2463             17857               1056        0         0
103  Brazil 2020-04-10    49053           59827      70601              2564             19638               1124        0         0
104  Brazil 2020-04-11    51064           62280      73496              2669             20727               1223        0         0
105  Brazil 2020-04-12    53159           64835      76511              2779             22169               1328        0         0
106  Brazil 2020-04-13    55339           67494      79649              2893             23430               1532        0         0
107  Brazil 2020-04-14    57608           70262      82916              3011             25262               1736        0         0
108  Brazil 2020-04-15    59971           73144      86317              3135             28320               1924        0         0
109  Brazil 2020-04-16    62431           76144      89857              3264             30425               2141        0         0
110  Brazil 2020-04-17    64992           79267      93542              3397             33682               2347        0         0
111  Brazil 2020-04-18    67657           82518      97379              3537             36599               2462        0         0
112  Brazil 2020-04-19    70432           85902     101372              3682             38654               2575        0         0
113  Brazil 2020-04-20    73320           89425     105530              3833             40581               2741        0         0
114  Brazil 2020-04-21    76328           93093     109858              3990             43079               2906        0         0
115  Brazil 2020-04-22    79458           96911     114364              4154             45757               3313        0         0
116  Brazil 2020-04-23    82717          100886     119055              4324             49492               3670        0         0
117  Brazil 2020-04-24    86109          105023     123937              4501             52995               4016        0         0
118  Brazil 2020-04-25    89641          109331     129021              4686             58509               4205        0         0
119  Brazil 2020-04-26    93318          113815     134312              4878             61888               4543        0         0
120  Brazil 2020-04-27    97145          118483     139821              5078             66501               5017        0         0
121  Brazil 2020-04-28   101129          123342     145555              5286             71886               5466        0         0
122  Brazil 2020-04-29   105277          128401     151525              5503             78162               5901        0         0
123  Brazil 2020-04-30   109595          133667     157739              5729             85380               6329        0         0
124  Brazil 2020-05-01   114089          139149     164209              5964             91589               6750        0         0
125  Brazil 2020-05-02   118770          144857     170944              6209             96559               7025        0         0
126  Brazil 2020-05-03   123641          150798     177955              6463            101147               7321        0         0
127  Brazil 2020-05-04   128712          156983     185254              6728            107780               7921        0         0
128  Brazil 2020-05-05   133990          163421     192852              7004            114715               8536        0         0
129  Brazil 2020-05-06   139486          170124     200762              7292            125218               9146        0         0
130  Brazil 2020-05-07   145207          177101     208995              7591            135106               9897        0         0
131  Brazil 2020-05-08   151162          184365     217568              7902            145328              10627        0         0
132  Brazil 2020-05-09   157362          191926     226490              8226            155939              11123        0         0
133  Brazil 2020-05-10   163816          199798     235780              8563            162699              11519        0         0
134  Brazil 2020-05-11   170534          207992     245450              8915            168331              12400        0         0
135  Brazil 2020-05-12   177529          216523     255517              9280            177589              13149        0         0
136  Brazil 2020-05-13   184810          225403     265996              9661            188974              13993        0         0
137  Brazil 2020-05-14   192390          234648     276906             10057            202918              14817        0         0
138  Brazil 2020-05-15   200281          244272     288263             10470            218223              15633        0         0
139  Brazil 2020-05-16   208495          254290     300085             10899            233142              16118        0         0
140  Brazil 2020-05-17   217046          264720     312394             11346            241080              16792        0         0
141  Brazil 2020-05-18   225948          275577     325206             11811            254220              17971        0         0
142  Brazil 2020-05-19   235215          286880     338545             12296            271628              18859        0         0
143  Brazil 2020-05-20   244863          298646     352429             12800            291579              20047        0         0
144  Brazil 2020-05-21   254905          310894     366883             13325            310087              21048        0         0
145  Brazil 2020-05-22   265359          323645     381931             13872            330890              22013        0         0
146  Brazil 2020-05-23   276243          336919     397595             14440            347398              22666        0         0
147  Brazil 2020-05-24   287573          350738     413903             15033            363211              23473        0         0
148  Brazil 2020-05-25   299368          365123     430878             15649            374898              24512        0         0
149  Brazil 2020-05-26   311646          380098     448550             16291            391222              25598        0         0
150  Brazil 2020-05-27   324427          395687     466947             16959            411821              26754        0         0
151  Brazil 2020-05-28   337734          411916     486098             17655            438238              27878        0         0
152  Brazil 2020-05-29   351585          428810     506035             18379            465166              28834        0         0
153  Brazil 2020-05-30   366005          446397     526789             19133            498440              29314        0         0
154  Brazil 2020-05-31   381017          464706     548395             19917            514849              29937        0         0
155  Brazil 2020-06-01   396643          483765     570887             20734            526447              31199        0         0
156  Brazil 2020-06-02   412911          503606     594301             21585            555383              32548        0         0
157  Brazil 2020-06-03   429846          524261     618676             22470            584016              34021        0         0
158  Brazil 2020-06-04   447476          545763     644050             23392            614932              35026        0         0
159  Brazil 2020-06-05   465829          568147     670465             24351            645762              35930        0         0
160  Brazil 2020-06-06   484934          591449     697964             25350            672837              36455        0         0
161  Brazil 2020-06-07   504824          615707     726590             26389            691758              37134        0         0
162  Brazil 2020-06-08   525528          640959     756390             27472            707412              38406        0         0
163  Brazil 2020-06-09   547083          667248     787413             28598            739503              39680        0         0
164  Brazil 2020-06-10   569520          694614     819708             29771            772416              40919        0         0
165  Brazil 2020-06-11   592879          723103     853327             30992            802828              41828        0         0
166  Brazil 2020-06-12   617195          752760     888325             32264            828810              42720        0         0
167  Brazil 2020-06-13   642508          783634     924760             33587            850514              43332        0         0
168  Brazil 2020-06-14   668860          815774     962688             34964            867624              43959        0         0
169  Brazil 2020-06-15   696293          849232    1002171             36398            888271              45241        0         0
170  Brazil 2020-06-16   724850          884062    1043274             37891            923189              46510        0         0
171  Brazil 2020-06-17   754579          920321    1086063             39445            955377              47748        0         0
172  Brazil 2020-06-18   785528          958067    1130606             41063            978142              48954        0         0
173  Brazil 2020-06-19   817745          997361    1176977             42747           1032913              49976        0         0
174  Brazil 2020-06-20   851284         1038267    1225250             44500           1067579              50617        0         0
175  Brazil 2020-06-21   886199         1080851    1275503             46326           1085038              51271        0         0
176  Brazil 2020-06-22   922545         1125180    1327815             48226           1106470              52645        0         0
177  Brazil 2020-06-23   960383         1171329    1382275             50204           1145906              53830        0         0
178  Brazil 2020-06-24   999771         1219369    1438967             52263           1188631              54971        0         0
179  Brazil 2020-06-25  1040777         1269381    1497985             54406           1228114              55961        0         0
180  Brazil 2020-06-26  1083463         1321443    1559423             56637           1274974              57070        0         0
181  Brazil 2020-06-27  1127899         1375640    1623381             58960           1313667              57622        0         0
182  Brazil 2020-06-28  1174160         1432061    1689962             61379           1344143              57658        0         0
183  Brazil 2020-06-29  1222316         1490795    1759274             63896           1345254              57658        0         0
184  Brazil 2020-06-30  1272449         1551939    1831429             66517                NA                 NA        0         0
185  Brazil 2020-07-01  1324637         1615590    1906543             69245                NA                 NA        0         0
186  Brazil 2020-07-02  1378965         1681852    1984739             72085                NA                 NA        0         0
187  Brazil 2020-07-03  1435522         1750831    2066140             75041                NA                 NA        0         0
188  Brazil 2020-07-04  1494398         1822639    2150880             78119                NA                 NA        0         0
189  Brazil 2020-07-05  1555689         1897393    2239097             81323                NA                 NA        0         0
190  Brazil 2020-07-06  1619495         1975213    2330931             84658                NA                 NA        0         0
191  Brazil 2020-07-07  1685916         2056224    2426532             88130                NA                 NA        0         0
192  Brazil 2020-07-08  1755062         2140558    2526054             91745                NA                 NA        0         0
193  Brazil 2020-07-09  1827045         2228351    2629657             95508                NA                 NA        0         0

Fontes:
	OMS - https://ourworldindata.org/coronavirus-source-data
	Worldometers - https://www.worldometers.info/coronavirus