
 Brazil 
Projecao:  7  dias
Gerado em:  2020-05-03 16:27:20
RMSE(%):  13.9 , BIAS(%): 4.54

Taxa de Mortalidade 6.92 %

    country       dias otimista casos_estimados pessimista estimativa_mortes casos_confirmados mortes_confirmadas latitude longitude
114  Brazil 2020-04-21    36054           41858      47662              2897             43079               2906        0         0
115  Brazil 2020-04-22    38934           45201      51468              3128             45757               3313        0         0
116  Brazil 2020-04-23    42043           48811      55579              3378             49492               3670        0         0
117  Brazil 2020-04-24    45401           52709      60017              3648             52995               4016        0         0
118  Brazil 2020-04-25    49026           56918      64810              3939             58509               4205        0         0
119  Brazil 2020-04-26    52942           61464      69986              4254             61888               4543        0         0
120  Brazil 2020-04-27    57169           66372      75575              4593             66501               5017        0         0
121  Brazil 2020-04-28    61735           71673      81611              4960             71886               5466        0         0
122  Brazil 2020-04-29    66666           77397      88128              5356             78162               5901        0         0
123  Brazil 2020-04-30    71990           83578      95166              5784             85380               6329        0         0
124  Brazil 2020-05-01    77738           90252     102766              6246             91589               6750        0         0
125  Brazil 2020-05-02    83947           97460     110973              6745             96559               6777        0         0
126  Brazil 2020-05-03    90651          105243     119835              7283             97929               6777        0         0
127  Brazil 2020-05-04    97890          113648     129406              7865                NA                 NA        0         0
128  Brazil 2020-05-05   105708          122724     139740              8493                NA                 NA        0         0
129  Brazil 2020-05-06   114150          132525     150900              9171                NA                 NA        0         0
130  Brazil 2020-05-07   123266          143108     162950              9904                NA                 NA        0         0
131  Brazil 2020-05-08   133110          154537     175964             10694                NA                 NA        0         0
132  Brazil 2020-05-09   143740          166878     190016             11548                NA                 NA        0         0
133  Brazil 2020-05-10   155219          180205     205191             12471                NA                 NA        0         0

Total de casos no mundo:  3546758 1282294 1447189 558461 204700 8390 45003 721 3546758

Estimados a partir dos dados da OMS:
    day       date     x   xest
1     1 2019-12-30     0      7
2     2 2019-12-31     0      8
3     3 2020-01-01     0      8
4     4 2020-01-02     0      9
5     5 2020-01-03     0     10
6     6 2020-01-04     0     10
7     7 2020-01-05     0     11
8     8 2020-01-06     0     12
9     9 2020-01-07     0     13
10   10 2020-01-08     0     14
11   11 2020-01-09     0     15
12   12 2020-01-10     0     17
13   13 2020-01-11     0     18
14   14 2020-01-12     0     19
15   15 2020-01-13     0     21
16   16 2020-01-14     0     22
17   17 2020-01-15     0     24
18   18 2020-01-16     0     26
19   19 2020-01-17     0     28
20   20 2020-01-18     0     31
21   21 2020-01-19     0     33
22   22 2020-01-20     0     36
23   23 2020-01-21     0     38
24   24 2020-01-22     0     42
25   25 2020-01-23     0     45
26   26 2020-01-24     0     48
27   27 2020-01-25     0     52
28   28 2020-01-26     0     57
29   29 2020-01-27     0     61
30   30 2020-01-28     0     66
31   31 2020-01-29     0     71
32   32 2020-01-30     0     77
33   33 2020-01-31     0     83
34   34 2020-02-01     0     90
35   35 2020-02-02     0     97
36   36 2020-02-03     0    104
37   37 2020-02-04     0    113
38   38 2020-02-05     0    122
39   39 2020-02-06     0    132
40   40 2020-02-07     0    142
41   41 2020-02-08     0    153
42   42 2020-02-09     0    166
43   43 2020-02-10     0    179
44   44 2020-02-11     0    193
45   45 2020-02-12     0    209
46   46 2020-02-13     0    225
47   47 2020-02-14     0    243
48   48 2020-02-15     0    263
49   49 2020-02-16     0    284
50   50 2020-02-17     0    306
51   51 2020-02-18     0    331
52   52 2020-02-19     0    357
53   53 2020-02-20     0    386
54   54 2020-02-21     0    417
55   55 2020-02-22     0    450
56   56 2020-02-23     0    486
57   57 2020-02-24     0    525
58   58 2020-02-25     1    566
59   59 2020-02-26     1    612
60   60 2020-02-27     1    661
61   61 2020-02-28     1    713
62   62 2020-02-29     2    770
63   63 2020-03-01     2    832
64   64 2020-03-02     2    898
65   65 2020-03-03     2    970
66   66 2020-03-04     3   1047
67   67 2020-03-05     8   1131
68   68 2020-03-06    13   1221
69   69 2020-03-07    13   1319
70   70 2020-03-08    25   1424
71   71 2020-03-09    25   1538
72   72 2020-03-10    34   1661
73   73 2020-03-11    52   1794
74   74 2020-03-12    77   1937
75   75 2020-03-13    98   2091
76   76 2020-03-14   121   2258
77   77 2020-03-15   200   2439
78   78 2020-03-16   234   2634
79   79 2020-03-17   291   2844
80   80 2020-03-18   428   3071
81   81 2020-03-19   621   3316
82   82 2020-03-20   904   3581
83   83 2020-03-21  1128   3867
84   84 2020-03-22  1546   4176
85   85 2020-03-23  1891   4509
86   86 2020-03-24  2201   4869
87   87 2020-03-25  2433   5258
88   88 2020-03-26  2915   5678
89   89 2020-03-27  3417   6132
90   90 2020-03-28  3904   6621
91   91 2020-03-29  4256   7150
92   92 2020-03-30  4579   7721
93   93 2020-03-31  5717   8338
94   94 2020-04-01  6836   9004
95   95 2020-04-02  7910   9723
96   96 2020-04-03  9056  10499
97   97 2020-04-04 10278  11338
98   98 2020-04-05 11130  12243
99   99 2020-04-06 12056  13221
100 100 2020-04-07 13717  14277
101 101 2020-04-08 15927  15417
102 102 2020-04-09 17857  16648
103 103 2020-04-10 19638  17978
104 104 2020-04-11 20727  19413
105 105 2020-04-12 22169  20964
106 106 2020-04-13 23430  22638
107 107 2020-04-14 25262  24446
108 108 2020-04-15 28320  26398
109 109 2020-04-16 30425  28506
110 110 2020-04-17 33682  30783
111 111 2020-04-18 36599  33241
112 112 2020-04-19 38654  35896
113 113 2020-04-20 40581  38763
114 114 2020-04-21 43079  41858
115 115 2020-04-22 45757  45201
116 116 2020-04-23 49492  48811
117 117 2020-04-24 52995  52709
118 118 2020-04-25 58509  56918
119 119 2020-04-26 61888  61464
120 120 2020-04-27 66501  66372
121 121 2020-04-28 71886  71673
122 122 2020-04-29 78162  77397
123 123 2020-04-30 85380  83578
124 124 2020-05-01 91589  90252
125 125 2020-05-02 96559  97460
126 126 2020-05-03 97929 105243

Intervalo de Confianca
        2.5%     97.5%
b   5.432944  7.923033
y0 12.752173 13.284047


Formula: x ~ SSexp(day, b, y0)

Parameters:
   Estimate Std. Error t value    Pr(>|t|)    
b   15.5960     6.1691   2.528      0.0354 *  
y0  14.3386     0.6631  21.624 0.000000022 ***
---
Signif. codes:  0 ‘***’ 0.001 ‘**’ 0.01 ‘*’ 0.05 ‘.’ 0.1 ‘ ’ 1

Residual standard error: 2169 on 8 degrees of freedom

Number of iterations to convergence: 8 
Achieved convergence tolerance: 0.0000000149

Considerando os casos dos últimos 10 dias, temos:
Número de dias para dobrar:  15.6
Razao de crescimento:  15.6

Todos os dados gerados
    country       dias otimista casos_estimados pessimista estimativa_mortes casos_confirmados mortes_confirmadas latitude longitude
1    Brazil 2019-12-30        6               7          8                 0                 0                  0        0         0
2    Brazil 2019-12-31        7               8          9                 1                 0                  0        0         0
3    Brazil 2020-01-01        7               8          9                 1                 0                  0        0         0
4    Brazil 2020-01-02        8               9         10                 1                 0                  0        0         0
5    Brazil 2020-01-03        9              10         11                 1                 0                  0        0         0
6    Brazil 2020-01-04        9              10         11                 1                 0                  0        0         0
7    Brazil 2020-01-05        9              11         13                 1                 0                  0        0         0
8    Brazil 2020-01-06       10              12         14                 1                 0                  0        0         0
9    Brazil 2020-01-07       11              13         15                 1                 0                  0        0         0
10   Brazil 2020-01-08       12              14         16                 1                 0                  0        0         0
11   Brazil 2020-01-09       13              15         17                 1                 0                  0        0         0
12   Brazil 2020-01-10       15              17         19                 1                 0                  0        0         0
13   Brazil 2020-01-11       16              18         20                 1                 0                  0        0         0
14   Brazil 2020-01-12       16              19         22                 1                 0                  0        0         0
15   Brazil 2020-01-13       18              21         24                 1                 0                  0        0         0
16   Brazil 2020-01-14       19              22         25                 2                 0                  0        0         0
17   Brazil 2020-01-15       21              24         27                 2                 0                  0        0         0
18   Brazil 2020-01-16       22              26         30                 2                 0                  0        0         0
19   Brazil 2020-01-17       24              28         32                 2                 0                  0        0         0
20   Brazil 2020-01-18       27              31         35                 2                 0                  0        0         0
21   Brazil 2020-01-19       28              33         38                 2                 0                  0        0         0
22   Brazil 2020-01-20       31              36         41                 2                 0                  0        0         0
23   Brazil 2020-01-21       33              38         43                 3                 0                  0        0         0
24   Brazil 2020-01-22       36              42         48                 3                 0                  0        0         0
25   Brazil 2020-01-23       39              45         51                 3                 0                  0        0         0
26   Brazil 2020-01-24       41              48         55                 3                 0                  0        0         0
27   Brazil 2020-01-25       45              52         59                 4                 0                  0        0         0
28   Brazil 2020-01-26       49              57         65                 4                 0                  0        0         0
29   Brazil 2020-01-27       53              61         69                 4                 0                  0        0         0
30   Brazil 2020-01-28       57              66         75                 5                 0                  0        0         0
31   Brazil 2020-01-29       61              71         81                 5                 0                  0        0         0
32   Brazil 2020-01-30       66              77         88                 5                 0                  0        0         0
33   Brazil 2020-01-31       71              83         95                 6                 0                  0        0         0
34   Brazil 2020-02-01       78              90        102                 6                 0                  0        0         0
35   Brazil 2020-02-02       84              97        110                 7                 0                  0        0         0
36   Brazil 2020-02-03       90             104        118                 7                 0                  0        0         0
37   Brazil 2020-02-04       97             113        129                 8                 0                  0        0         0
38   Brazil 2020-02-05      105             122        139                 8                 0                  0        0         0
39   Brazil 2020-02-06      114             132        150                 9                 0                  0        0         0
40   Brazil 2020-02-07      122             142        162                10                 0                  0        0         0
41   Brazil 2020-02-08      132             153        174                11                 0                  0        0         0
42   Brazil 2020-02-09      143             166        189                11                 0                  0        0         0
43   Brazil 2020-02-10      154             179        204                12                 0                  0        0         0
44   Brazil 2020-02-11      166             193        220                13                 0                  0        0         0
45   Brazil 2020-02-12      180             209        238                14                 0                  0        0         0
46   Brazil 2020-02-13      194             225        256                16                 0                  0        0         0
47   Brazil 2020-02-14      209             243        277                17                 0                  0        0         0
48   Brazil 2020-02-15      227             263        299                18                 0                  0        0         0
49   Brazil 2020-02-16      245             284        323                20                 0                  0        0         0
50   Brazil 2020-02-17      264             306        348                21                 0                  0        0         0
51   Brazil 2020-02-18      285             331        377                23                 0                  0        0         0
52   Brazil 2020-02-19      308             357        406                25                 0                  0        0         0
53   Brazil 2020-02-20      332             386        440                27                 0                  0        0         0
54   Brazil 2020-02-21      359             417        475                29                 0                  0        0         0
55   Brazil 2020-02-22      388             450        512                31                 0                  0        0         0
56   Brazil 2020-02-23      419             486        553                34                 0                  0        0         0
57   Brazil 2020-02-24      452             525        598                36                 0                  0        0         0
58   Brazil 2020-02-25      488             566        644                39                 1                  0        0         0
59   Brazil 2020-02-26      527             612        697                42                 1                  0        0         0
60   Brazil 2020-02-27      569             661        753                46                 1                  0        0         0
61   Brazil 2020-02-28      614             713        812                49                 1                  0        0         0
62   Brazil 2020-02-29      663             770        877                53                 2                  0        0         0
63   Brazil 2020-03-01      717             832        947                58                 2                  0        0         0
64   Brazil 2020-03-02      773             898       1023                62                 2                  0        0         0
65   Brazil 2020-03-03      836             970       1104                67                 2                  0        0         0
66   Brazil 2020-03-04      902            1047       1192                72                 3                  0        0         0
67   Brazil 2020-03-05      974            1131       1288                78                 8                  0        0         0
68   Brazil 2020-03-06     1052            1221       1390                84                13                  0        0         0
69   Brazil 2020-03-07     1136            1319       1502                91                13                  0        0         0
70   Brazil 2020-03-08     1227            1424       1621                99                25                  0        0         0
71   Brazil 2020-03-09     1325            1538       1751               106                25                  0        0         0
72   Brazil 2020-03-10     1431            1661       1891               115                34                  0        0         0
73   Brazil 2020-03-11     1545            1794       2043               124                52                  0        0         0
74   Brazil 2020-03-12     1668            1937       2206               134                77                  0        0         0
75   Brazil 2020-03-13     1801            2091       2381               145                98                  0        0         0
76   Brazil 2020-03-14     1945            2258       2571               156               121                  0        0         0
77   Brazil 2020-03-15     2101            2439       2777               169               200                  0        0         0
78   Brazil 2020-03-16     2269            2634       2999               182               234                  1        0         0
79   Brazil 2020-03-17     2450            2844       3238               197               291                  4        0         0
80   Brazil 2020-03-18     2645            3071       3497               213               428                  6        0         0
81   Brazil 2020-03-19     2856            3316       3776               229               621                 11        0         0
82   Brazil 2020-03-20     3084            3581       4078               248               904                 18        0         0
83   Brazil 2020-03-21     3331            3867       4403               268              1128                 25        0         0
84   Brazil 2020-03-22     3597            4176       4755               289              1546                 34        0         0
85   Brazil 2020-03-23     3884            4509       5134               312              1891                 46        0         0
86   Brazil 2020-03-24     4194            4869       5544               337              2201                 57        0         0
87   Brazil 2020-03-25     4529            5258       5987               364              2433                 77        0         0
88   Brazil 2020-03-26     4891            5678       6465               393              2915                 92        0         0
89   Brazil 2020-03-27     5282            6132       6982               424              3417                114        0         0
90   Brazil 2020-03-28     5703            6621       7539               458              3904                136        0         0
91   Brazil 2020-03-29     6159            7150       8141               495              4256                159        0         0
92   Brazil 2020-03-30     6650            7721       8792               534              4579                201        0         0
93   Brazil 2020-03-31     7182            8338       9494               577              5717                241        0         0
94   Brazil 2020-04-01     7756            9004      10252               623              6836                299        0         0
95   Brazil 2020-04-02     8375            9723      11071               673              7910                359        0         0
96   Brazil 2020-04-03     9043           10499      11955               727              9056                432        0         0
97   Brazil 2020-04-04     9766           11338      12910               785             10278                486        0         0
98   Brazil 2020-04-05    10545           12243      13941               847             11130                553        0         0
99   Brazil 2020-04-06    11388           13221      15054               915             12056                667        0         0
100  Brazil 2020-04-07    12297           14277      16257               988             13717                800        0         0
101  Brazil 2020-04-08    13279           15417      17555              1067             15927                941        0         0
102  Brazil 2020-04-09    14340           16648      18956              1152             17857               1056        0         0
103  Brazil 2020-04-10    15485           17978      20471              1244             19638               1124        0         0
104  Brazil 2020-04-11    16721           19413      22105              1343             20727               1223        0         0
105  Brazil 2020-04-12    18057           20964      23871              1451             22169               1328        0         0
106  Brazil 2020-04-13    19499           22638      25777              1567             23430               1532        0         0
107  Brazil 2020-04-14    21056           24446      27836              1692             25262               1736        0         0
108  Brazil 2020-04-15    22738           26398      30058              1827             28320               1924        0         0
109  Brazil 2020-04-16    24554           28506      32458              1973             30425               2141        0         0
110  Brazil 2020-04-17    26515           30783      35051              2130             33682               2347        0         0
111  Brazil 2020-04-18    28632           33241      37850              2300             36599               2462        0         0
112  Brazil 2020-04-19    30919           35896      40873              2484             38654               2575        0         0
113  Brazil 2020-04-20    33388           38763      44138              2683             40581               2741        0         0
114  Brazil 2020-04-21    36054           41858      47662              2897             43079               2906        0         0
115  Brazil 2020-04-22    38934           45201      51468              3128             45757               3313        0         0
116  Brazil 2020-04-23    42043           48811      55579              3378             49492               3670        0         0
117  Brazil 2020-04-24    45401           52709      60017              3648             52995               4016        0         0
118  Brazil 2020-04-25    49026           56918      64810              3939             58509               4205        0         0
119  Brazil 2020-04-26    52942           61464      69986              4254             61888               4543        0         0
120  Brazil 2020-04-27    57169           66372      75575              4593             66501               5017        0         0
121  Brazil 2020-04-28    61735           71673      81611              4960             71886               5466        0         0
122  Brazil 2020-04-29    66666           77397      88128              5356             78162               5901        0         0
123  Brazil 2020-04-30    71990           83578      95166              5784             85380               6329        0         0
124  Brazil 2020-05-01    77738           90252     102766              6246             91589               6750        0         0
125  Brazil 2020-05-02    83947           97460     110973              6745             96559               6777        0         0
126  Brazil 2020-05-03    90651          105243     119835              7283             97929               6777        0         0
127  Brazil 2020-05-04    97890          113648     129406              7865                NA                 NA        0         0
128  Brazil 2020-05-05   105708          122724     139740              8493                NA                 NA        0         0
129  Brazil 2020-05-06   114150          132525     150900              9171                NA                 NA        0         0
130  Brazil 2020-05-07   123266          143108     162950              9904                NA                 NA        0         0
131  Brazil 2020-05-08   133110          154537     175964             10694                NA                 NA        0         0
132  Brazil 2020-05-09   143740          166878     190016             11548                NA                 NA        0         0
133  Brazil 2020-05-10   155219          180205     205191             12471                NA                 NA        0         0

Fontes:
	OMS - https://ourworldindata.org/coronavirus-source-data
	Worldometers - https://www.worldometers.info/coronavirus