
 Brazil 
Projecao:  7  dias
Gerado em:  2020-04-18 21:31:55
RMSE(%):  19.8 , BIAS(%): 5.5

Taxa de Mortalidade 6.43 %

    country       dias otimista casos_estimados pessimista estimativa_mortes casos_confirmados mortes_confirmadas latitude longitude
99   Brazil 2020-04-06     9276           11565      13854               744             12056                667        0         0
100  Brazil 2020-04-07    10250           12779      15308               822             13717                800        0         0
101  Brazil 2020-04-08    11325           14119      16913               908             15927                941        0         0
102  Brazil 2020-04-09    12514           15601      18688              1003             17857               1056        0         0
103  Brazil 2020-04-10    13827           17238      20649              1108             19638               1124        0         0
104  Brazil 2020-04-11    15278           19047      22816              1225             20727               1223        0         0
105  Brazil 2020-04-12    16881           21045      25209              1353             22169               1328        0         0
106  Brazil 2020-04-13    18652           23253      27854              1495             23430               1532        0         0
107  Brazil 2020-04-14    20609           25693      30777              1652             25262               1736        0         0
108  Brazil 2020-04-15    22771           28389      34007              1825             28320               1924        0         0
109  Brazil 2020-04-16    25161           31368      37575              2017             30425               2141        0         0
110  Brazil 2020-04-17    27801           34659      41517              2228             33682               2361        0         0
111  Brazil 2020-04-18    30717           38295      45873              2462             36722               2361        0         0
112  Brazil 2020-04-19    33940           42313      50686              2720                NA                 NA        0         0
113  Brazil 2020-04-20    37501           46753      56005              3006                NA                 NA        0         0
114  Brazil 2020-04-21    41436           51659      61882              3321                NA                 NA        0         0
115  Brazil 2020-04-22    45784           57079      68374              3670                NA                 NA        0         0
116  Brazil 2020-04-23    50588           63068      75548              4055                NA                 NA        0         0
117  Brazil 2020-04-24    55895           69685      83475              4480                NA                 NA        0         0
118  Brazil 2020-04-25    61760           76997      92234              4950                NA                 NA        0         0

Total de casos no mundo:  2330772 792028 1060063 370141 77973 8105 21741 721 2330772

Estimados a partir dos dados da OMS:
    day       date     x  xest
1     1 2019-12-30     0     1
2     2 2019-12-31     0     1
3     3 2020-01-01     0     1
4     4 2020-01-02     0     1
5     5 2020-01-03     0     1
6     6 2020-01-04     0     1
7     7 2020-01-05     0     1
8     8 2020-01-06     0     1
9     9 2020-01-07     0     1
10   10 2020-01-08     0     2
11   11 2020-01-09     0     2
12   12 2020-01-10     0     2
13   13 2020-01-11     0     2
14   14 2020-01-12     0     2
15   15 2020-01-13     0     3
16   16 2020-01-14     0     3
17   17 2020-01-15     0     3
18   18 2020-01-16     0     4
19   19 2020-01-17     0     4
20   20 2020-01-18     0     4
21   21 2020-01-19     0     5
22   22 2020-01-20     0     5
23   23 2020-01-21     0     6
24   24 2020-01-22     0     7
25   25 2020-01-23     0     7
26   26 2020-01-24     0     8
27   27 2020-01-25     0     9
28   28 2020-01-26     0    10
29   29 2020-01-27     0    11
30   30 2020-01-28     0    12
31   31 2020-01-29     0    13
32   32 2020-01-30     0    14
33   33 2020-01-31     0    16
34   34 2020-02-01     0    18
35   35 2020-02-02     0    19
36   36 2020-02-03     0    22
37   37 2020-02-04     0    24
38   38 2020-02-05     0    26
39   39 2020-02-06     0    29
40   40 2020-02-07     0    32
41   41 2020-02-08     0    35
42   42 2020-02-09     0    39
43   43 2020-02-10     0    43
44   44 2020-02-11     0    48
45   45 2020-02-12     0    53
46   46 2020-02-13     0    58
47   47 2020-02-14     0    65
48   48 2020-02-15     0    71
49   49 2020-02-16     0    79
50   50 2020-02-17     0    87
51   51 2020-02-18     0    96
52   52 2020-02-19     0   106
53   53 2020-02-20     0   117
54   54 2020-02-21     0   130
55   55 2020-02-22     0   143
56   56 2020-02-23     0   158
57   57 2020-02-24     0   175
58   58 2020-02-25     1   193
59   59 2020-02-26     1   214
60   60 2020-02-27     1   236
61   61 2020-02-28     1   261
62   62 2020-02-29     2   288
63   63 2020-03-01     2   319
64   64 2020-03-02     0   352
65   65 2020-03-03     0   389
66   66 2020-03-04     3   430
67   67 2020-03-05     8   475
68   68 2020-03-06    13   525
69   69 2020-03-07    13   580
70   70 2020-03-08    25   640
71   71 2020-03-09     0   708
72   72 2020-03-10    34   782
73   73 2020-03-11    52   864
74   74 2020-03-12    77   955
75   75 2020-03-13    98  1055
76   76 2020-03-14   121  1165
77   77 2020-03-15   200  1288
78   78 2020-03-16   234  1423
79   79 2020-03-17   291  1572
80   80 2020-03-18   428  1737
81   81 2020-03-19   621  1919
82   82 2020-03-20   904  2121
83   83 2020-03-21  1128  2343
84   84 2020-03-22  1546  2589
85   85 2020-03-23  1891  2861
86   86 2020-03-24  2201  3161
87   87 2020-03-25  2433  3493
88   88 2020-03-26  2915  3859
89   89 2020-03-27  3417  4264
90   90 2020-03-28  3904  4711
91   91 2020-03-29  4256  5206
92   92 2020-03-30  4579  5752
93   93 2020-03-31  5717  6356
94   94 2020-04-01  6836  7022
95   95 2020-04-02  7910  7759
96   96 2020-04-03  9056  8573
97   97 2020-04-04 10278  9473
98   98 2020-04-05 11130 10467
99   99 2020-04-06 12056 11565
100 100 2020-04-07 13717 12779
101 101 2020-04-08 15927 14119
102 102 2020-04-09 17857 15601
103 103 2020-04-10 19638 17238
104 104 2020-04-11 20727 19047
105 105 2020-04-12 22169 21045
106 106 2020-04-13 23430 23253
107 107 2020-04-14 25262 25693
108 108 2020-04-15 28320 28389
109 109 2020-04-16 30425 31368
110 110 2020-04-17 33682 34659
111 111 2020-04-18 36722 38295

Intervalo de Confianca
       2.5%      97.5%
b  0.436629  0.7987773
y0 9.741810 10.3109889


Formula: x ~ SSexp(day, b, y0)

Parameters:
   Estimate Std. Error t value       Pr(>|t|)    
b    4.4470     1.1982   3.711        0.00594 ** 
y0  12.3272     0.3798  32.460 0.000000000884 ***
---
Signif. codes:  0 ‘***’ 0.001 ‘**’ 0.01 ‘*’ 0.05 ‘.’ 0.1 ‘ ’ 1

Residual standard error: 564.1 on 8 degrees of freedom

Number of iterations to convergence: 8 
Achieved convergence tolerance: 0.0000000149

Considerando os casos dos últimos 10 dias, temos:
Número de dias para dobrar:  0.2
Razao de crescimento:  4.45

Todos os dados gerados
    country       dias otimista casos_estimados pessimista estimativa_mortes casos_confirmados mortes_confirmadas latitude longitude
1    Brazil 2019-12-30        1               1          1                 0                 0                  0        0         0
2    Brazil 2019-12-31        1               1          1                 0                 0                  0        0         0
3    Brazil 2020-01-01        1               1          1                 0                 0                  0        0         0
4    Brazil 2020-01-02        1               1          1                 0                 0                  0        0         0
5    Brazil 2020-01-03        1               1          1                 0                 0                  0        0         0
6    Brazil 2020-01-04        1               1          1                 0                 0                  0        0         0
7    Brazil 2020-01-05        1               1          1                 0                 0                  0        0         0
8    Brazil 2020-01-06        1               1          1                 0                 0                  0        0         0
9    Brazil 2020-01-07        1               1          1                 0                 0                  0        0         0
10   Brazil 2020-01-08        2               2          2                 0                 0                  0        0         0
11   Brazil 2020-01-09        2               2          2                 0                 0                  0        0         0
12   Brazil 2020-01-10        2               2          2                 0                 0                  0        0         0
13   Brazil 2020-01-11        2               2          2                 0                 0                  0        0         0
14   Brazil 2020-01-12        2               2          2                 0                 0                  0        0         0
15   Brazil 2020-01-13        2               3          4                 0                 0                  0        0         0
16   Brazil 2020-01-14        2               3          4                 0                 0                  0        0         0
17   Brazil 2020-01-15        2               3          4                 0                 0                  0        0         0
18   Brazil 2020-01-16        3               4          5                 0                 0                  0        0         0
19   Brazil 2020-01-17        3               4          5                 0                 0                  0        0         0
20   Brazil 2020-01-18        3               4          5                 0                 0                  0        0         0
21   Brazil 2020-01-19        4               5          6                 0                 0                  0        0         0
22   Brazil 2020-01-20        4               5          6                 0                 0                  0        0         0
23   Brazil 2020-01-21        5               6          7                 0                 0                  0        0         0
24   Brazil 2020-01-22        6               7          8                 0                 0                  0        0         0
25   Brazil 2020-01-23        6               7          8                 0                 0                  0        0         0
26   Brazil 2020-01-24        6               8         10                 1                 0                  0        0         0
27   Brazil 2020-01-25        7               9         11                 1                 0                  0        0         0
28   Brazil 2020-01-26        8              10         12                 1                 0                  0        0         0
29   Brazil 2020-01-27        9              11         13                 1                 0                  0        0         0
30   Brazil 2020-01-28       10              12         14                 1                 0                  0        0         0
31   Brazil 2020-01-29       10              13         16                 1                 0                  0        0         0
32   Brazil 2020-01-30       11              14         17                 1                 0                  0        0         0
33   Brazil 2020-01-31       13              16         19                 1                 0                  0        0         0
34   Brazil 2020-02-01       14              18         22                 1                 0                  0        0         0
35   Brazil 2020-02-02       15              19         23                 1                 0                  0        0         0
36   Brazil 2020-02-03       18              22         26                 1                 0                  0        0         0
37   Brazil 2020-02-04       19              24         29                 2                 0                  0        0         0
38   Brazil 2020-02-05       21              26         31                 2                 0                  0        0         0
39   Brazil 2020-02-06       23              29         35                 2                 0                  0        0         0
40   Brazil 2020-02-07       26              32         38                 2                 0                  0        0         0
41   Brazil 2020-02-08       28              35         42                 2                 0                  0        0         0
42   Brazil 2020-02-09       31              39         47                 3                 0                  0        0         0
43   Brazil 2020-02-10       34              43         52                 3                 0                  0        0         0
44   Brazil 2020-02-11       39              48         57                 3                 0                  0        0         0
45   Brazil 2020-02-12       43              53         63                 3                 0                  0        0         0
46   Brazil 2020-02-13       47              58         69                 4                 0                  0        0         0
47   Brazil 2020-02-14       52              65         78                 4                 0                  0        0         0
48   Brazil 2020-02-15       57              71         85                 5                 0                  0        0         0
49   Brazil 2020-02-16       63              79         95                 5                 0                  0        0         0
50   Brazil 2020-02-17       70              87        104                 6                 0                  0        0         0
51   Brazil 2020-02-18       77              96        115                 6                 0                  0        0         0
52   Brazil 2020-02-19       85             106        127                 7                 0                  0        0         0
53   Brazil 2020-02-20       94             117        140                 8                 0                  0        0         0
54   Brazil 2020-02-21      104             130        156                 8                 0                  0        0         0
55   Brazil 2020-02-22      115             143        171                 9                 0                  0        0         0
56   Brazil 2020-02-23      127             158        189                10                 0                  0        0         0
57   Brazil 2020-02-24      140             175        210                11                 0                  0        0         0
58   Brazil 2020-02-25      155             193        231                12                 1                  0        0         0
59   Brazil 2020-02-26      172             214        256                14                 1                  0        0         0
60   Brazil 2020-02-27      189             236        283                15                 1                  0        0         0
61   Brazil 2020-02-28      209             261        313                17                 1                  0        0         0
62   Brazil 2020-02-29      231             288        345                19                 2                  0        0         0
63   Brazil 2020-03-01      256             319        382                21                 2                 NA        0         0
64   Brazil 2020-03-02      282             352        422                23                 0                 NA        0         0
65   Brazil 2020-03-03      312             389        466                25                 0                  0        0         0
66   Brazil 2020-03-04      345             430        515                28                 3                  0        0         0
67   Brazil 2020-03-05      381             475        569                31                 8                  0        0         0
68   Brazil 2020-03-06      421             525        629                34                13                  0        0         0
69   Brazil 2020-03-07      465             580        695                37                13                  0        0         0
70   Brazil 2020-03-08      513             640        767                41                25                 NA        0         0
71   Brazil 2020-03-09      568             708        848                46                 0                  0        0         0
72   Brazil 2020-03-10      627             782        937                50                34                  0        0         0
73   Brazil 2020-03-11      693             864       1035                56                52                  0        0         0
74   Brazil 2020-03-12      766             955       1144                61                77                  0        0         0
75   Brazil 2020-03-13      846            1055       1264                68                98                  0        0         0
76   Brazil 2020-03-14      934            1165       1396                75               121                  0        0         0
77   Brazil 2020-03-15     1033            1288       1543                83               200                  0        0         0
78   Brazil 2020-03-16     1141            1423       1705                91               234                  1        0         0
79   Brazil 2020-03-17     1261            1572       1883               101               291                  4        0         0
80   Brazil 2020-03-18     1393            1737       2081               112               428                  6        0         0
81   Brazil 2020-03-19     1539            1919       2299               123               621                 11        0         0
82   Brazil 2020-03-20     1701            2121       2541               136               904                 18        0         0
83   Brazil 2020-03-21     1879            2343       2807               151              1128                 25        0         0
84   Brazil 2020-03-22     2077            2589       3101               166              1546                 34        0         0
85   Brazil 2020-03-23     2295            2861       3427               184              1891                 46        0         0
86   Brazil 2020-03-24     2535            3161       3787               203              2201                 57        0         0
87   Brazil 2020-03-25     2802            3493       4184               225              2433                 77        0         0
88   Brazil 2020-03-26     3095            3859       4623               248              2915                 92        0         0
89   Brazil 2020-03-27     3420            4264       5108               274              3417                114        0         0
90   Brazil 2020-03-28     3779            4711       5643               303              3904                136        0         0
91   Brazil 2020-03-29     4176            5206       6236               335              4256                159        0         0
92   Brazil 2020-03-30     4614            5752       6890               370              4579                201        0         0
93   Brazil 2020-03-31     5098            6356       7614               409              5717                241        0         0
94   Brazil 2020-04-01     5632            7022       8412               451              6836                299        0         0
95   Brazil 2020-04-02     6224            7759       9294               499              7910                359        0         0
96   Brazil 2020-04-03     6877            8573      10269               551              9056                432        0         0
97   Brazil 2020-04-04     7598            9473      11348               609             10278                486        0         0
98   Brazil 2020-04-05     8396           10467      12538               673             11130                553        0         0
99   Brazil 2020-04-06     9276           11565      13854               744             12056                667        0         0
100  Brazil 2020-04-07    10250           12779      15308               822             13717                800        0         0
101  Brazil 2020-04-08    11325           14119      16913               908             15927                941        0         0
102  Brazil 2020-04-09    12514           15601      18688              1003             17857               1056        0         0
103  Brazil 2020-04-10    13827           17238      20649              1108             19638               1124        0         0
104  Brazil 2020-04-11    15278           19047      22816              1225             20727               1223        0         0
105  Brazil 2020-04-12    16881           21045      25209              1353             22169               1328        0         0
106  Brazil 2020-04-13    18652           23253      27854              1495             23430               1532        0         0
107  Brazil 2020-04-14    20609           25693      30777              1652             25262               1736        0         0
108  Brazil 2020-04-15    22771           28389      34007              1825             28320               1924        0         0
109  Brazil 2020-04-16    25161           31368      37575              2017             30425               2141        0         0
110  Brazil 2020-04-17    27801           34659      41517              2228             33682               2361        0         0
111  Brazil 2020-04-18    30717           38295      45873              2462             36722               2361        0         0
112  Brazil 2020-04-19    33940           42313      50686              2720                NA                 NA        0         0
113  Brazil 2020-04-20    37501           46753      56005              3006                NA                 NA        0         0
114  Brazil 2020-04-21    41436           51659      61882              3321                NA                 NA        0         0
115  Brazil 2020-04-22    45784           57079      68374              3670                NA                 NA        0         0
116  Brazil 2020-04-23    50588           63068      75548              4055                NA                 NA        0         0
117  Brazil 2020-04-24    55895           69685      83475              4480                NA                 NA        0         0
118  Brazil 2020-04-25    61760           76997      92234              4950                NA                 NA        0         0

Fontes:
	OMS - https://ourworldindata.org/coronavirus-source-data
	Worldometers - https://www.worldometers.info/coronavirus