
 Brazil 
Projecao:  7  dias
Gerado em:  2020-05-27 15:53:32
RMSE(%):  11.8 , BIAS(%): 3.89

Taxa de Mortalidade 6.25 %

    country       dias otimista casos_estimados pessimista estimativa_mortes casos_confirmados mortes_confirmadas latitude longitude
138  Brazil 2020-05-15   184156          208758     233360             13040            218223              15633        0         0
139  Brazil 2020-05-16   195646          221783     247920             13853            233142              16118        0         0
140  Brazil 2020-05-17   207853          235620     263387             14718            241080              16792        0         0
141  Brazil 2020-05-18   220820          250320     279820             15636            254220              17971        0         0
142  Brazil 2020-05-19   234598          265938     297278             16611            271628              18859        0         0
143  Brazil 2020-05-20   249234          282530     315826             17648            291579              20047        0         0
144  Brazil 2020-05-21   264784          300157     335530             18749            310087              21048        0         0
145  Brazil 2020-05-22   281304          318884     356464             19919            330890              22013        0         0
146  Brazil 2020-05-23   298855          338780     378705             21161            347398              22666        0         0
147  Brazil 2020-05-24   317501          359917     402333             22482            363211              23473        0         0
148  Brazil 2020-05-25   337310          382372     427434             23884            374898              24512        0         0
149  Brazil 2020-05-26   358355          406228     454101             25375            391222              24746        0         0
150  Brazil 2020-05-27   380713          431573     482433             26958            396166              24746        0         0
151  Brazil 2020-05-28   404467          458500     512533             28640                NA                 NA        0         0
152  Brazil 2020-05-29   429701          487106     544511             30426                NA                 NA        0         0
153  Brazil 2020-05-30   456511          517497     578483             32325                NA                 NA        0         0
154  Brazil 2020-05-31   484993          549784     614575             34342                NA                 NA        0         0
155  Brazil 2020-06-01   515252          584085     652918             36484                NA                 NA        0         0
156  Brazil 2020-06-02   547399          620527     693655             38760                NA                 NA        0         0
157  Brazil 2020-06-03   581551          659242     736933             41179                NA                 NA        0         0

Total de casos no mundo:  5744686 1943217 693107 1949740 1026038 123116 8747 721 5744686

Estimados a partir dos dados da OMS:
    day       date      x   xest
1     1 2019-12-30      0     52
2     2 2019-12-31      0     56
3     3 2020-01-01      0     59
4     4 2020-01-02      0     63
5     5 2020-01-03      0     67
6     6 2020-01-04      0     71
7     7 2020-01-05      0     75
8     8 2020-01-06      0     80
9     9 2020-01-07      0     85
10   10 2020-01-08      0     90
11   11 2020-01-09      0     96
12   12 2020-01-10      0    102
13   13 2020-01-11      0    108
14   14 2020-01-12      0    115
15   15 2020-01-13      0    122
16   16 2020-01-14      0    130
17   17 2020-01-15      0    138
18   18 2020-01-16      0    146
19   19 2020-01-17      0    156
20   20 2020-01-18      0    165
21   21 2020-01-19      0    176
22   22 2020-01-20      0    186
23   23 2020-01-21      0    198
24   24 2020-01-22      0    210
25   25 2020-01-23      0    224
26   26 2020-01-24      0    238
27   27 2020-01-25      0    252
28   28 2020-01-26      0    268
29   29 2020-01-27      0    285
30   30 2020-01-28      0    303
31   31 2020-01-29      0    322
32   32 2020-01-30      0    342
33   33 2020-01-31      0    363
34   34 2020-02-01      0    386
35   35 2020-02-02      0    410
36   36 2020-02-03      0    435
37   37 2020-02-04      0    462
38   38 2020-02-05      0    491
39   39 2020-02-06      0    522
40   40 2020-02-07      0    554
41   41 2020-02-08      0    589
42   42 2020-02-09      0    626
43   43 2020-02-10      0    665
44   44 2020-02-11      0    706
45   45 2020-02-12      0    750
46   46 2020-02-13      0    797
47   47 2020-02-14      0    847
48   48 2020-02-15      0    900
49   49 2020-02-16      0    956
50   50 2020-02-17      0   1015
51   51 2020-02-18      0   1079
52   52 2020-02-19      0   1146
53   53 2020-02-20      0   1218
54   54 2020-02-21      0   1293
55   55 2020-02-22      0   1374
56   56 2020-02-23      0   1460
57   57 2020-02-24      0   1551
58   58 2020-02-25      1   1648
59   59 2020-02-26      1   1751
60   60 2020-02-27      1   1860
61   61 2020-02-28      1   1976
62   62 2020-02-29      2   2099
63   63 2020-03-01      2   2230
64   64 2020-03-02      2   2369
65   65 2020-03-03      2   2517
66   66 2020-03-04      3   2674
67   67 2020-03-05      8   2841
68   68 2020-03-06     13   3018
69   69 2020-03-07     13   3206
70   70 2020-03-08     25   3407
71   71 2020-03-09     25   3619
72   72 2020-03-10     34   3845
73   73 2020-03-11     52   4085
74   74 2020-03-12     77   4340
75   75 2020-03-13     98   4610
76   76 2020-03-14    121   4898
77   77 2020-03-15    200   5204
78   78 2020-03-16    234   5528
79   79 2020-03-17    291   5873
80   80 2020-03-18    428   6240
81   81 2020-03-19    621   6629
82   82 2020-03-20    904   7042
83   83 2020-03-21   1128   7482
84   84 2020-03-22   1546   7949
85   85 2020-03-23   1891   8445
86   86 2020-03-24   2201   8971
87   87 2020-03-25   2433   9531
88   88 2020-03-26   2915  10126
89   89 2020-03-27   3417  10758
90   90 2020-03-28   3904  11429
91   91 2020-03-29   4256  12142
92   92 2020-03-30   4579  12899
93   93 2020-03-31   5717  13704
94   94 2020-04-01   6836  14559
95   95 2020-04-02   7910  15467
96   96 2020-04-03   9056  16432
97   97 2020-04-04  10278  17458
98   98 2020-04-05  11130  18547
99   99 2020-04-06  12056  19704
100 100 2020-04-07  13717  20933
101 101 2020-04-08  15927  22239
102 102 2020-04-09  17857  23627
103 103 2020-04-10  19638  25101
104 104 2020-04-11  20727  26667
105 105 2020-04-12  22169  28331
106 106 2020-04-13  23430  30099
107 107 2020-04-14  25262  31976
108 108 2020-04-15  28320  33971
109 109 2020-04-16  30425  36091
110 110 2020-04-17  33682  38343
111 111 2020-04-18  36599  40735
112 112 2020-04-19  38654  43276
113 113 2020-04-20  40581  45976
114 114 2020-04-21  43079  48845
115 115 2020-04-22  45757  51892
116 116 2020-04-23  49492  55130
117 117 2020-04-24  52995  58570
118 118 2020-04-25  58509  62224
119 119 2020-04-26  61888  66106
120 120 2020-04-27  66501  70230
121 121 2020-04-28  71886  74612
122 122 2020-04-29  78162  79267
123 123 2020-04-30  85380  84213
124 124 2020-05-01  91589  89467
125 125 2020-05-02  96559  95049
126 126 2020-05-03 101147 100979
127 127 2020-05-04 107780 107279
128 128 2020-05-05 114715 113972
129 129 2020-05-06 125218 121083
130 130 2020-05-07 135106 128638
131 131 2020-05-08 145328 136664
132 132 2020-05-09 155939 145190
133 133 2020-05-10 162699 154249
134 134 2020-05-11 168331 163872
135 135 2020-05-12 177589 174097
136 136 2020-05-13 188974 184959
137 137 2020-05-14 202918 196498
138 138 2020-05-15 218223 208758
139 139 2020-05-16 233142 221783
140 140 2020-05-17 241080 235620
141 141 2020-05-18 254220 250320
142 142 2020-05-19 271628 265938
143 143 2020-05-20 291579 282530
144 144 2020-05-21 310087 300157
145 145 2020-05-22 330890 318884
146 146 2020-05-23 347398 338780
147 147 2020-05-24 363211 359917
148 148 2020-05-25 374898 382372
149 149 2020-05-26 391222 406228
150 150 2020-05-27 396166 431573

Intervalo de Confianca
       2.5%    97.5%
b  42.65151 56.72739
y0 16.25201 16.79846


Formula: x ~ SSexp(day, b, y0)

Parameters:
   Estimate Std. Error t value    Pr(>|t|)    
b   286.317    123.970    2.31      0.0497 *  
y0   20.639      1.261   16.37 0.000000195 ***
---
Signif. codes:  0 ‘***’ 0.001 ‘**’ 0.01 ‘*’ 0.05 ‘.’ 0.1 ‘ ’ 1

Residual standard error: 8833 on 8 degrees of freedom

Number of iterations to convergence: 18 
Achieved convergence tolerance: 0.0000000149

Considerando os casos dos últimos 10 dias, temos:
Número de dias para dobrar:  20.6
Razao de crescimento:  286.32

Todos os dados gerados
    country       dias otimista casos_estimados pessimista estimativa_mortes casos_confirmados mortes_confirmadas latitude longitude
1    Brazil 2019-12-30       46              52         58                 3                 0                  0        0         0
2    Brazil 2019-12-31       49              56         63                 3                 0                  0        0         0
3    Brazil 2020-01-01       52              59         66                 4                 0                  0        0         0
4    Brazil 2020-01-02       56              63         70                 4                 0                  0        0         0
5    Brazil 2020-01-03       59              67         75                 4                 0                  0        0         0
6    Brazil 2020-01-04       63              71         79                 4                 0                  0        0         0
7    Brazil 2020-01-05       66              75         84                 5                 0                  0        0         0
8    Brazil 2020-01-06       71              80         89                 5                 0                  0        0         0
9    Brazil 2020-01-07       75              85         95                 5                 0                  0        0         0
10   Brazil 2020-01-08       79              90        101                 6                 0                  0        0         0
11   Brazil 2020-01-09       85              96        107                 6                 0                  0        0         0
12   Brazil 2020-01-10       90             102        114                 6                 0                  0        0         0
13   Brazil 2020-01-11       95             108        121                 7                 0                  0        0         0
14   Brazil 2020-01-12      101             115        129                 7                 0                  0        0         0
15   Brazil 2020-01-13      108             122        136                 8                 0                  0        0         0
16   Brazil 2020-01-14      115             130        145                 8                 0                  0        0         0
17   Brazil 2020-01-15      122             138        154                 9                 0                  0        0         0
18   Brazil 2020-01-16      129             146        163                 9                 0                  0        0         0
19   Brazil 2020-01-17      138             156        174                10                 0                  0        0         0
20   Brazil 2020-01-18      146             165        184                10                 0                  0        0         0
21   Brazil 2020-01-19      155             176        197                11                 0                  0        0         0
22   Brazil 2020-01-20      164             186        208                12                 0                  0        0         0
23   Brazil 2020-01-21      175             198        221                12                 0                  0        0         0
24   Brazil 2020-01-22      185             210        235                13                 0                  0        0         0
25   Brazil 2020-01-23      198             224        250                14                 0                  0        0         0
26   Brazil 2020-01-24      210             238        266                15                 0                  0        0         0
27   Brazil 2020-01-25      222             252        282                16                 0                  0        0         0
28   Brazil 2020-01-26      236             268        300                17                 0                  0        0         0
29   Brazil 2020-01-27      251             285        319                18                 0                  0        0         0
30   Brazil 2020-01-28      267             303        339                19                 0                  0        0         0
31   Brazil 2020-01-29      284             322        360                20                 0                  0        0         0
32   Brazil 2020-01-30      302             342        382                21                 0                  0        0         0
33   Brazil 2020-01-31      320             363        406                23                 0                  0        0         0
34   Brazil 2020-02-01      341             386        431                24                 0                  0        0         0
35   Brazil 2020-02-02      362             410        458                26                 0                  0        0         0
36   Brazil 2020-02-03      384             435        486                27                 0                  0        0         0
37   Brazil 2020-02-04      408             462        516                29                 0                  0        0         0
38   Brazil 2020-02-05      433             491        549                31                 0                  0        0         0
39   Brazil 2020-02-06      460             522        584                33                 0                  0        0         0
40   Brazil 2020-02-07      489             554        619                35                 0                  0        0         0
41   Brazil 2020-02-08      520             589        658                37                 0                  0        0         0
42   Brazil 2020-02-09      552             626        700                39                 0                  0        0         0
43   Brazil 2020-02-10      587             665        743                42                 0                  0        0         0
44   Brazil 2020-02-11      623             706        789                44                 0                  0        0         0
45   Brazil 2020-02-12      662             750        838                47                 0                  0        0         0
46   Brazil 2020-02-13      703             797        891                50                 0                  0        0         0
47   Brazil 2020-02-14      747             847        947                53                 0                  0        0         0
48   Brazil 2020-02-15      794             900       1006                56                 0                  0        0         0
49   Brazil 2020-02-16      843             956       1069                60                 0                  0        0         0
50   Brazil 2020-02-17      895            1015       1135                63                 0                  0        0         0
51   Brazil 2020-02-18      952            1079       1206                67                 0                  0        0         0
52   Brazil 2020-02-19     1011            1146       1281                72                 0                  0        0         0
53   Brazil 2020-02-20     1074            1218       1362                76                 0                  0        0         0
54   Brazil 2020-02-21     1141            1293       1445                81                 0                  0        0         0
55   Brazil 2020-02-22     1212            1374       1536                86                 0                  0        0         0
56   Brazil 2020-02-23     1288            1460       1632                91                 0                  0        0         0
57   Brazil 2020-02-24     1368            1551       1734                97                 0                  0        0         0
58   Brazil 2020-02-25     1454            1648       1842               103                 1                  0        0         0
59   Brazil 2020-02-26     1545            1751       1957               109                 1                  0        0         0
60   Brazil 2020-02-27     1641            1860       2079               116                 1                  0        0         0
61   Brazil 2020-02-28     1743            1976       2209               123                 1                  0        0         0
62   Brazil 2020-02-29     1852            2099       2346               131                 2                  0        0         0
63   Brazil 2020-03-01     1967            2230       2493               139                 2                  0        0         0
64   Brazil 2020-03-02     2090            2369       2648               148                 2                  0        0         0
65   Brazil 2020-03-03     2220            2517       2814               157                 2                  0        0         0
66   Brazil 2020-03-04     2359            2674       2989               167                 3                  0        0         0
67   Brazil 2020-03-05     2506            2841       3176               177                 8                  0        0         0
68   Brazil 2020-03-06     2662            3018       3374               189                13                  0        0         0
69   Brazil 2020-03-07     2828            3206       3584               200                13                  0        0         0
70   Brazil 2020-03-08     3005            3407       3809               213                25                  0        0         0
71   Brazil 2020-03-09     3193            3619       4045               226                25                  0        0         0
72   Brazil 2020-03-10     3392            3845       4298               240                34                  0        0         0
73   Brazil 2020-03-11     3604            4085       4566               255                52                  0        0         0
74   Brazil 2020-03-12     3829            4340       4851               271                77                  0        0         0
75   Brazil 2020-03-13     4067            4610       5153               288                98                  0        0         0
76   Brazil 2020-03-14     4321            4898       5475               306               121                  0        0         0
77   Brazil 2020-03-15     4591            5204       5817               325               200                  0        0         0
78   Brazil 2020-03-16     4877            5528       6179               345               234                  1        0         0
79   Brazil 2020-03-17     5181            5873       6565               367               291                  4        0         0
80   Brazil 2020-03-18     5505            6240       6975               390               428                  6        0         0
81   Brazil 2020-03-19     5848            6629       7410               414               621                 11        0         0
82   Brazil 2020-03-20     6212            7042       7872               440               904                 18        0         0
83   Brazil 2020-03-21     6600            7482       8364               467              1128                 25        0         0
84   Brazil 2020-03-22     7012            7949       8886               497              1546                 34        0         0
85   Brazil 2020-03-23     7450            8445       9440               528              1891                 46        0         0
86   Brazil 2020-03-24     7914            8971      10028               560              2201                 57        0         0
87   Brazil 2020-03-25     8408            9531      10654               595              2433                 77        0         0
88   Brazil 2020-03-26     8933           10126      11319               633              2915                 92        0         0
89   Brazil 2020-03-27     9490           10758      12026               672              3417                114        0         0
90   Brazil 2020-03-28    10082           11429      12776               714              3904                136        0         0
91   Brazil 2020-03-29    10711           12142      13573               758              4256                159        0         0
92   Brazil 2020-03-30    11379           12899      14419               806              4579                201        0         0
93   Brazil 2020-03-31    12089           13704      15319               856              5717                241        0         0
94   Brazil 2020-04-01    12843           14559      16275               909              6836                299        0         0
95   Brazil 2020-04-02    13644           15467      17290               966              7910                359        0         0
96   Brazil 2020-04-03    14496           16432      18368              1026              9056                432        0         0
97   Brazil 2020-04-04    15401           17458      19515              1090             10278                486        0         0
98   Brazil 2020-04-05    16361           18547      20733              1159             11130                553        0         0
99   Brazil 2020-04-06    17382           19704      22026              1231             12056                667        0         0
100  Brazil 2020-04-07    18466           20933      23400              1308             13717                800        0         0
101  Brazil 2020-04-08    19618           22239      24860              1389             15927                941        0         0
102  Brazil 2020-04-09    20843           23627      26411              1476             17857               1056        0         0
103  Brazil 2020-04-10    22143           25101      28059              1568             19638               1124        0         0
104  Brazil 2020-04-11    23524           26667      29810              1666             20727               1223        0         0
105  Brazil 2020-04-12    24992           28331      31670              1770             22169               1328        0         0
106  Brazil 2020-04-13    26552           30099      33646              1880             23430               1532        0         0
107  Brazil 2020-04-14    28208           31976      35744              1997             25262               1736        0         0
108  Brazil 2020-04-15    29968           33971      37974              2122             28320               1924        0         0
109  Brazil 2020-04-16    31838           36091      40344              2254             30425               2141        0         0
110  Brazil 2020-04-17    33824           38343      42862              2395             33682               2347        0         0
111  Brazil 2020-04-18    35934           40735      45536              2544             36599               2462        0         0
112  Brazil 2020-04-19    38176           43276      48376              2703             38654               2575        0         0
113  Brazil 2020-04-20    40558           45976      51394              2872             40581               2741        0         0
114  Brazil 2020-04-21    43089           48845      54601              3051             43079               2906        0         0
115  Brazil 2020-04-22    45777           51892      58007              3241             45757               3313        0         0
116  Brazil 2020-04-23    48633           55130      61627              3444             49492               3670        0         0
117  Brazil 2020-04-24    51668           58570      65472              3658             52995               4016        0         0
118  Brazil 2020-04-25    54891           62224      69557              3887             58509               4205        0         0
119  Brazil 2020-04-26    58316           66106      73896              4129             61888               4543        0         0
120  Brazil 2020-04-27    61954           70230      78506              4387             66501               5017        0         0
121  Brazil 2020-04-28    65819           74612      83405              4661             71886               5466        0         0
122  Brazil 2020-04-29    69926           79267      88608              4951             78162               5901        0         0
123  Brazil 2020-04-30    74289           84213      94137              5260             85380               6329        0         0
124  Brazil 2020-05-01    78923           89467     100011              5588             91589               6750        0         0
125  Brazil 2020-05-02    83848           95049     106250              5937             96559               7025        0         0
126  Brazil 2020-05-03    89079          100979     112879              6308            101147               7321        0         0
127  Brazil 2020-05-04    94636          107279     119922              6701            107780               7921        0         0
128  Brazil 2020-05-05   100541          113972     127403              7119            114715               8536        0         0
129  Brazil 2020-05-06   106814          121083     135352              7563            125218               9146        0         0
130  Brazil 2020-05-07   113478          128638     143798              8035            135106               9897        0         0
131  Brazil 2020-05-08   120558          136664     152770              8537            145328              10627        0         0
132  Brazil 2020-05-09   128080          145190     162300              9069            155939              11123        0         0
133  Brazil 2020-05-10   136071          154249     172427              9635            162699              11519        0         0
134  Brazil 2020-05-11   144560          163872     183184             10236            168331              12400        0         0
135  Brazil 2020-05-12   153580          174097     194614             10875            177589              13149        0         0
136  Brazil 2020-05-13   163162          184959     206756             11553            188974              13993        0         0
137  Brazil 2020-05-14   173341          196498     219655             12274            202918              14817        0         0
138  Brazil 2020-05-15   184156          208758     233360             13040            218223              15633        0         0
139  Brazil 2020-05-16   195646          221783     247920             13853            233142              16118        0         0
140  Brazil 2020-05-17   207853          235620     263387             14718            241080              16792        0         0
141  Brazil 2020-05-18   220820          250320     279820             15636            254220              17971        0         0
142  Brazil 2020-05-19   234598          265938     297278             16611            271628              18859        0         0
143  Brazil 2020-05-20   249234          282530     315826             17648            291579              20047        0         0
144  Brazil 2020-05-21   264784          300157     335530             18749            310087              21048        0         0
145  Brazil 2020-05-22   281304          318884     356464             19919            330890              22013        0         0
146  Brazil 2020-05-23   298855          338780     378705             21161            347398              22666        0         0
147  Brazil 2020-05-24   317501          359917     402333             22482            363211              23473        0         0
148  Brazil 2020-05-25   337310          382372     427434             23884            374898              24512        0         0
149  Brazil 2020-05-26   358355          406228     454101             25375            391222              24746        0         0
150  Brazil 2020-05-27   380713          431573     482433             26958            396166              24746        0         0
151  Brazil 2020-05-28   404467          458500     512533             28640                NA                 NA        0         0
152  Brazil 2020-05-29   429701          487106     544511             30426                NA                 NA        0         0
153  Brazil 2020-05-30   456511          517497     578483             32325                NA                 NA        0         0
154  Brazil 2020-05-31   484993          549784     614575             34342                NA                 NA        0         0
155  Brazil 2020-06-01   515252          584085     652918             36484                NA                 NA        0         0
156  Brazil 2020-06-02   547399          620527     693655             38760                NA                 NA        0         0
157  Brazil 2020-06-03   581551          659242     736933             41179                NA                 NA        0         0

Fontes:
	OMS - https://ourworldindata.org/coronavirus-source-data
	Worldometers - https://www.worldometers.info/coronavirus