
 Brazil 
Projecao:  10  dias
Gerado em:  2020-08-10 20:42:44
RMSE(%):  21.2 , BIAS(%): 7

Taxa de Mortalidade 3.33 %

    country       dias otimista casos_estimados pessimista estimativa_mortes casos_confirmados mortes_confirmadas latitude longitude
216  Brazil 2020-08-01  2165172         2748444    3331716             91562           2707877              94104        0         0
217  Brazil 2020-08-02  2220668         2818890    3417112             93909           2733677              94665        0         0
218  Brazil 2020-08-03  2277586         2891141    3504696             96316           2750318              95819        0         0
219  Brazil 2020-08-04  2335963         2965245    3594527             98785           2801921              97256        0         0
220  Brazil 2020-08-05  2395837         3041248    3686659            101317           2859073              98493        0         0
221  Brazil 2020-08-06  2457245         3119199    3781153            103913           2912212              99572        0         0
222  Brazil 2020-08-07  2520228         3199148    3878068            106577           2962442             100477        0         0
223  Brazil 2020-08-08  2584825         3281147    3977469            109309           3012412             101049        0         0
224  Brazil 2020-08-09  2651077         3365246    4079415            112110           3035422             101857        0         0
225  Brazil 2020-08-10  2719027         3451502    4183977            114984           3057470             101857        0         0
226  Brazil 2020-08-11  2788719         3539968    4291217            117931                NA                 NA        0         0
227  Brazil 2020-08-12  2860198         3630702    4401206            120954                NA                 NA        0         0
228  Brazil 2020-08-13  2933509         3723762    4514015            124054                NA                 NA        0         0
229  Brazil 2020-08-14  3008698         3819207    4629716            127234                NA                 NA        0         0
230  Brazil 2020-08-15  3085815         3917098    4748381            130495                NA                 NA        0         0
231  Brazil 2020-08-16  3164908         4017498    4870088            133840                NA                 NA        0         0
232  Brazil 2020-08-17  3246029         4120472    4994915            137270                NA                 NA        0         0
233  Brazil 2020-08-18  3329229         4226085    5122941            140788                NA                 NA        0         0
234  Brazil 2020-08-19  3414561         4334404    5254247            144397                NA                 NA        0         0
235  Brazil 2020-08-20  3502081         4445501    5388921            148098                NA                 NA        0         0

Total de casos no mundo:  20233599 6171915 4792101 5120861 3064244 1060448 23309 721 20233599

Estimados a partir dos dados da OMS:
    day       date       x    xest
1     1 2019-12-30       0   11912
2     2 2019-12-31       0   12217
3     3 2020-01-01       0   12530
4     4 2020-01-02       0   12851
5     5 2020-01-03       0   13181
6     6 2020-01-04       0   13518
7     7 2020-01-05       0   13865
8     8 2020-01-06       0   14220
9     9 2020-01-07       0   14585
10   10 2020-01-08       0   14959
11   11 2020-01-09       0   15342
12   12 2020-01-10       0   15735
13   13 2020-01-11       0   16138
14   14 2020-01-12       0   16552
15   15 2020-01-13       0   16976
16   16 2020-01-14       0   17411
17   17 2020-01-15       0   17858
18   18 2020-01-16       0   18315
19   19 2020-01-17       0   18785
20   20 2020-01-18       0   19266
21   21 2020-01-19       0   19760
22   22 2020-01-20       0   20267
23   23 2020-01-21       0   20786
24   24 2020-01-22       0   21319
25   25 2020-01-23       0   21865
26   26 2020-01-24       0   22426
27   27 2020-01-25       0   23001
28   28 2020-01-26       0   23590
29   29 2020-01-27       0   24195
30   30 2020-01-28       0   24815
31   31 2020-01-29       0   25451
32   32 2020-01-30       0   26103
33   33 2020-01-31       0   26772
34   34 2020-02-01       0   27459
35   35 2020-02-02       0   28162
36   36 2020-02-03       0   28884
37   37 2020-02-04       0   29625
38   38 2020-02-05       0   30384
39   39 2020-02-06       0   31163
40   40 2020-02-07       0   31961
41   41 2020-02-08       0   32781
42   42 2020-02-09       0   33621
43   43 2020-02-10       0   34483
44   44 2020-02-11       0   35366
45   45 2020-02-12       0   36273
46   46 2020-02-13       0   37203
47   47 2020-02-14       0   38156
48   48 2020-02-15       0   39134
49   49 2020-02-16       0   40137
50   50 2020-02-17       0   41166
51   51 2020-02-18       0   42221
52   52 2020-02-19       0   43303
53   53 2020-02-20       0   44413
54   54 2020-02-21       0   45552
55   55 2020-02-22       0   46719
56   56 2020-02-23       0   47917
57   57 2020-02-24       0   49145
58   58 2020-02-25       1   50404
59   59 2020-02-26       1   51696
60   60 2020-02-27       1   53021
61   61 2020-02-28       1   54380
62   62 2020-02-29       2   55774
63   63 2020-03-01       2   57204
64   64 2020-03-02       2   58670
65   65 2020-03-03       2   60174
66   66 2020-03-04       3   61716
67   67 2020-03-05       8   63298
68   68 2020-03-06      13   64920
69   69 2020-03-07      13   66584
70   70 2020-03-08      25   68291
71   71 2020-03-09      25   70041
72   72 2020-03-10      34   71837
73   73 2020-03-11      52   73678
74   74 2020-03-12      77   75566
75   75 2020-03-13      98   77503
76   76 2020-03-14     121   79490
77   77 2020-03-15     200   81527
78   78 2020-03-16     234   83617
79   79 2020-03-17     291   85760
80   80 2020-03-18     428   87958
81   81 2020-03-19     621   90213
82   82 2020-03-20     904   92525
83   83 2020-03-21    1128   94896
84   84 2020-03-22    1546   97329
85   85 2020-03-23    1891   99823
86   86 2020-03-24    2201  102382
87   87 2020-03-25    2433  105006
88   88 2020-03-26    2915  107698
89   89 2020-03-27    3417  110458
90   90 2020-03-28    3904  113289
91   91 2020-03-29    4256  116193
92   92 2020-03-30    4579  119171
93   93 2020-03-31    5717  122226
94   94 2020-04-01    6836  125358
95   95 2020-04-02    7910  128572
96   96 2020-04-03    9056  131867
97   97 2020-04-04   10278  135247
98   98 2020-04-05   11130  138713
99   99 2020-04-06   12056  142269
100 100 2020-04-07   13717  145915
101 101 2020-04-08   15927  149655
102 102 2020-04-09   17857  153491
103 103 2020-04-10   19638  157425
104 104 2020-04-11   20727  161460
105 105 2020-04-12   22169  165599
106 106 2020-04-13   23430  169843
107 107 2020-04-14   25262  174197
108 108 2020-04-15   28320  178662
109 109 2020-04-16   30425  183241
110 110 2020-04-17   33682  187938
111 111 2020-04-18   36599  192755
112 112 2020-04-19   38654  197695
113 113 2020-04-20   40581  202762
114 114 2020-04-21   43079  207960
115 115 2020-04-22   45757  213290
116 116 2020-04-23   49492  218757
117 117 2020-04-24   52995  224364
118 118 2020-04-25   58509  230114
119 119 2020-04-26   61888  236013
120 120 2020-04-27   66501  242062
121 121 2020-04-28   71886  248266
122 122 2020-04-29   78162  254630
123 123 2020-04-30   85380  261156
124 124 2020-05-01   91589  267850
125 125 2020-05-02   96559  274715
126 126 2020-05-03  101147  281756
127 127 2020-05-04  107780  288978
128 128 2020-05-05  114715  296385
129 129 2020-05-06  125218  303982
130 130 2020-05-07  135106  311773
131 131 2020-05-08  145328  319764
132 132 2020-05-09  155939  327960
133 133 2020-05-10  162699  336366
134 134 2020-05-11  168331  344988
135 135 2020-05-12  177589  353830
136 136 2020-05-13  188974  362900
137 137 2020-05-14  202918  372201
138 138 2020-05-15  218223  381741
139 139 2020-05-16  233142  391526
140 140 2020-05-17  241080  401561
141 141 2020-05-18  254220  411853
142 142 2020-05-19  271628  422410
143 143 2020-05-20  291579  433237
144 144 2020-05-21  310087  444341
145 145 2020-05-22  330890  455730
146 146 2020-05-23  347398  467411
147 147 2020-05-24  363211  479391
148 148 2020-05-25  374898  491679
149 149 2020-05-26  391222  504281
150 150 2020-05-27  411821  517206
151 151 2020-05-28  438238  530463
152 152 2020-05-29  465166  544060
153 153 2020-05-30  498440  558005
154 154 2020-05-31  514849  572307
155 155 2020-06-01  526447  586976
156 156 2020-06-02  555383  602021
157 157 2020-06-03  584016  617451
158 158 2020-06-04  614932  633277
159 159 2020-06-05  645762  649509
160 160 2020-06-06  672837  666157
161 161 2020-06-07  691758  683231
162 162 2020-06-08  707412  700743
163 163 2020-06-09  739503  718704
164 164 2020-06-10  772416  737126
165 165 2020-06-11  802828  756019
166 166 2020-06-12  828810  775397
167 167 2020-06-13  850514  795271
168 168 2020-06-14  867624  815655
169 169 2020-06-15  888271  836561
170 170 2020-06-16  923189  858004
171 171 2020-06-17  955377  879995
172 172 2020-06-18  978142  902551
173 173 2020-06-19 1032913  925684
174 174 2020-06-20 1067579  949411
175 175 2020-06-21 1085038  973745
176 176 2020-06-22 1106470  998704
177 177 2020-06-23 1145906 1024302
178 178 2020-06-24 1188631 1050556
179 179 2020-06-25 1228114 1077483
180 180 2020-06-26 1274974 1105100
181 181 2020-06-27 1313667 1133425
182 182 2020-06-28 1344143 1162476
183 183 2020-06-29 1368195 1192272
184 184 2020-06-30 1402041 1222832
185 185 2020-07-01 1448753 1254174
186 186 2020-07-02 1496858 1286320
187 187 2020-07-03 1539081 1319290
188 188 2020-07-04 1577004 1353106
189 189 2020-07-05 1603055 1387787
190 190 2020-07-06 1623284 1423358
191 191 2020-07-07 1668589 1459841
192 192 2020-07-08 1713160 1497258
193 193 2020-07-09 1755779 1535635
194 194 2020-07-10 1800827 1574995
195 195 2020-07-11 1839850 1615364
196 196 2020-07-12 1864681 1656768
197 197 2020-07-13 1884967 1699233
198 198 2020-07-14 1926824 1742787
199 199 2020-07-15 1966748 1787457
200 200 2020-07-16 2012151 1833271
201 201 2020-07-17 2046328 1880260
202 202 2020-07-18 2074860 1928454
203 203 2020-07-19 2098389 1977883
204 204 2020-07-20 2118646 2028578
205 205 2020-07-21 2159654 2080573
206 206 2020-07-22 2227514 2133901
207 207 2020-07-23 2287475 2188596
208 208 2020-07-24 2343366 2244692
209 209 2020-07-25 2394513 2302226
210 210 2020-07-26 2419091 2361235
211 211 2020-07-27 2442375 2421757
212 212 2020-07-28 2483191 2483830
213 213 2020-07-29 2552265 2547493
214 214 2020-07-30 2610102 2612789
215 215 2020-07-31 2662485 2679758
216 216 2020-08-01 2707877 2748444
217 217 2020-08-02 2733677 2818890
218 218 2020-08-03 2750318 2891141
219 219 2020-08-04 2801921 2965245
220 220 2020-08-05 2859073 3041248
221 221 2020-08-06 2912212 3119199
222 222 2020-08-07 2962442 3199148
223 223 2020-08-08 3012412 3281147
224 224 2020-08-09 3035422 3365246
225 225 2020-08-10 3057470 3451502

Intervalo de Confianca
          2.5%       97.5%
b  10000.93235 13425.86443
y0    38.41763    40.64021


Formula: x ~ SSexp(day, b, y0)

Parameters:
     Estimate Std. Error t value     Pr(>|t|)    
b  107228.470  15865.860   6.758     0.000144 ***
y0     67.005      3.009  22.267 0.0000000175 ***
---
Signif. codes:  0 ‘***’ 0.001 ‘**’ 0.01 ‘*’ 0.05 ‘.’ 0.1 ‘ ’ 1

Residual standard error: 17530 on 8 degrees of freedom

Number of iterations to convergence: 35 
Achieved convergence tolerance: 0.0000000149

Considerando os casos dos últimos 10 dias, temos:
Número de dias para dobrar:  67
Razao de crescimento:  107228.5

Todos os dados gerados
    country       dias otimista casos_estimados pessimista estimativa_mortes casos_confirmados mortes_confirmadas latitude longitude
1    Brazil 2019-12-30     9384           11912      14440               397                 0                  0        0         0
2    Brazil 2019-12-31     9624           12217      14810               407                 0                  0        0         0
3    Brazil 2020-01-01     9871           12530      15189               417                 0                  0        0         0
4    Brazil 2020-01-02    10124           12851      15578               428                 0                  0        0         0
5    Brazil 2020-01-03    10384           13181      15978               439                 0                  0        0         0
6    Brazil 2020-01-04    10649           13518      16387               450                 0                  0        0         0
7    Brazil 2020-01-05    10923           13865      16807               462                 0                  0        0         0
8    Brazil 2020-01-06    11202           14220      17238               474                 0                  0        0         0
9    Brazil 2020-01-07    11490           14585      17680               486                 0                  0        0         0
10   Brazil 2020-01-08    11784           14959      18134               498                 0                  0        0         0
11   Brazil 2020-01-09    12086           15342      18598               511                 0                  0        0         0
12   Brazil 2020-01-10    12396           15735      19074               524                 0                  0        0         0
13   Brazil 2020-01-11    12713           16138      19563               538                 0                  0        0         0
14   Brazil 2020-01-12    13039           16552      20065               551                 0                  0        0         0
15   Brazil 2020-01-13    13373           16976      20579               566                 0                  0        0         0
16   Brazil 2020-01-14    13716           17411      21106               580                 0                  0        0         0
17   Brazil 2020-01-15    14068           17858      21648               595                 0                  0        0         0
18   Brazil 2020-01-16    14428           18315      22202               610                 0                  0        0         0
19   Brazil 2020-01-17    14798           18785      22772               626                 0                  0        0         0
20   Brazil 2020-01-18    15177           19266      23355               642                 0                  0        0         0
21   Brazil 2020-01-19    15567           19760      23953               658                 0                  0        0         0
22   Brazil 2020-01-20    15966           20267      24568               675                 0                  0        0         0
23   Brazil 2020-01-21    16375           20786      25197               692                 0                  0        0         0
24   Brazil 2020-01-22    16795           21319      25843               710                 0                  0        0         0
25   Brazil 2020-01-23    17225           21865      26505               728                 0                  0        0         0
26   Brazil 2020-01-24    17667           22426      27185               747                 0                  0        0         0
27   Brazil 2020-01-25    18120           23001      27882               766                 0                  0        0         0
28   Brazil 2020-01-26    18584           23590      28596               786                 0                  0        0         0
29   Brazil 2020-01-27    19060           24195      29330               806                 0                  0        0         0
30   Brazil 2020-01-28    19549           24815      30081               827                 0                  0        0         0
31   Brazil 2020-01-29    20050           25451      30852               848                 0                  0        0         0
32   Brazil 2020-01-30    20563           26103      31643               870                 0                  0        0         0
33   Brazil 2020-01-31    21090           26772      32454               892                 0                  0        0         0
34   Brazil 2020-02-01    21632           27459      33286               915                 0                  0        0         0
35   Brazil 2020-02-02    22185           28162      34139               938                 0                  0        0         0
36   Brazil 2020-02-03    22754           28884      35014               962                 0                  0        0         0
37   Brazil 2020-02-04    23338           29625      35912               987                 0                  0        0         0
38   Brazil 2020-02-05    23936           30384      36832              1012                 0                  0        0         0
39   Brazil 2020-02-06    24550           31163      37776              1038                 0                  0        0         0
40   Brazil 2020-02-07    25178           31961      38744              1065                 0                  0        0         0
41   Brazil 2020-02-08    25824           32781      39738              1092                 0                  0        0         0
42   Brazil 2020-02-09    26486           33621      40756              1120                 0                  0        0         0
43   Brazil 2020-02-10    27165           34483      41801              1149                 0                  0        0         0
44   Brazil 2020-02-11    27861           35366      42871              1178                 0                  0        0         0
45   Brazil 2020-02-12    28575           36273      43971              1208                 0                  0        0         0
46   Brazil 2020-02-13    29308           37203      45098              1239                 0                  0        0         0
47   Brazil 2020-02-14    30059           38156      46253              1271                 0                  0        0         0
48   Brazil 2020-02-15    30829           39134      47439              1304                 0                  0        0         0
49   Brazil 2020-02-16    31619           40137      48655              1337                 0                  0        0         0
50   Brazil 2020-02-17    32430           41166      49902              1371                 0                  0        0         0
51   Brazil 2020-02-18    33261           42221      51181              1407                 0                  0        0         0
52   Brazil 2020-02-19    34113           43303      52493              1443                 0                  0        0         0
53   Brazil 2020-02-20    34988           44413      53838              1480                 0                  0        0         0
54   Brazil 2020-02-21    35885           45552      55219              1518                 0                  0        0         0
55   Brazil 2020-02-22    36804           46719      56634              1556                 0                  0        0         0
56   Brazil 2020-02-23    37748           47917      58086              1596                 0                  0        0         0
57   Brazil 2020-02-24    38715           49145      59575              1637                 0                  0        0         0
58   Brazil 2020-02-25    39707           50404      61101              1679                 1                  0        0         0
59   Brazil 2020-02-26    40725           51696      62667              1722                 1                  0        0         0
60   Brazil 2020-02-27    41769           53021      64273              1766                 1                  0        0         0
61   Brazil 2020-02-28    42840           54380      65920              1812                 1                  0        0         0
62   Brazil 2020-02-29    43938           55774      67610              1858                 2                  0        0         0
63   Brazil 2020-03-01    45064           57204      69344              1906                 2                  0        0         0
64   Brazil 2020-03-02    46219           58670      71121              1955                 2                  0        0         0
65   Brazil 2020-03-03    47404           60174      72944              2005                 2                  0        0         0
66   Brazil 2020-03-04    48619           61716      74813              2056                 3                  0        0         0
67   Brazil 2020-03-05    49865           63298      76731              2109                 8                  0        0         0
68   Brazil 2020-03-06    51143           64920      78697              2163                13                  0        0         0
69   Brazil 2020-03-07    52454           66584      80714              2218                13                  0        0         0
70   Brazil 2020-03-08    53798           68291      82784              2275                25                  0        0         0
71   Brazil 2020-03-09    55177           70041      84905              2333                25                  0        0         0
72   Brazil 2020-03-10    56592           71837      87082              2393                34                  0        0         0
73   Brazil 2020-03-11    58042           73678      89314              2455                52                  0        0         0
74   Brazil 2020-03-12    59529           75566      91603              2517                77                  0        0         0
75   Brazil 2020-03-13    61055           77503      93951              2582                98                  0        0         0
76   Brazil 2020-03-14    62621           79490      96359              2648               121                  0        0         0
77   Brazil 2020-03-15    64225           81527      98829              2716               200                  0        0         0
78   Brazil 2020-03-16    65872           83617     101362              2786               234                  1        0         0
79   Brazil 2020-03-17    67560           85760     103960              2857               291                  4        0         0
80   Brazil 2020-03-18    69292           87958     106624              2930               428                  6        0         0
81   Brazil 2020-03-19    71068           90213     109358              3005               621                 11        0         0
82   Brazil 2020-03-20    72889           92525     112161              3082               904                 18        0         0
83   Brazil 2020-03-21    74757           94896     115035              3161              1128                 25        0         0
84   Brazil 2020-03-22    76674           97329     117984              3242              1546                 34        0         0
85   Brazil 2020-03-23    78639           99823     121007              3326              1891                 46        0         0
86   Brazil 2020-03-24    80655          102382     124109              3411              2201                 57        0         0
87   Brazil 2020-03-25    82722          105006     127290              3498              2433                 77        0         0
88   Brazil 2020-03-26    84842          107698     130554              3588              2915                 92        0         0
89   Brazil 2020-03-27    87017          110458     133899              3680              3417                114        0         0
90   Brazil 2020-03-28    89247          113289     137331              3774              3904                136        0         0
91   Brazil 2020-03-29    91535          116193     140851              3871              4256                159        0         0
92   Brazil 2020-03-30    93881          119171     144461              3970              4579                201        0         0
93   Brazil 2020-03-31    96287          122226     148165              4072              5717                241        0         0
94   Brazil 2020-04-01    98755          125358     151961              4176              6836                299        0         0
95   Brazil 2020-04-02   101287          128572     155857              4283              7910                359        0         0
96   Brazil 2020-04-03   103882          131867     159852              4393              9056                432        0         0
97   Brazil 2020-04-04   106545          135247     163949              4506             10278                486        0         0
98   Brazil 2020-04-05   109275          138713     168151              4621             11130                553        0         0
99   Brazil 2020-04-06   112077          142269     172461              4740             12056                667        0         0
100  Brazil 2020-04-07   114949          145915     176881              4861             13717                800        0         0
101  Brazil 2020-04-08   117895          149655     181415              4986             15927                941        0         0
102  Brazil 2020-04-09   120917          153491     186065              5113             17857               1056        0         0
103  Brazil 2020-04-10   124016          157425     190834              5244             19638               1124        0         0
104  Brazil 2020-04-11   127195          161460     195725              5379             20727               1223        0         0
105  Brazil 2020-04-12   130456          165599     200742              5517             22169               1328        0         0
106  Brazil 2020-04-13   133799          169843     205887              5658             23430               1532        0         0
107  Brazil 2020-04-14   137229          174197     211165              5803             25262               1736        0         0
108  Brazil 2020-04-15   140747          178662     216577              5952             28320               1924        0         0
109  Brazil 2020-04-16   144354          183241     222128              6105             30425               2141        0         0
110  Brazil 2020-04-17   148054          187938     227822              6261             33682               2347        0         0
111  Brazil 2020-04-18   151849          192755     233661              6421             36599               2462        0         0
112  Brazil 2020-04-19   155740          197695     239650              6586             38654               2575        0         0
113  Brazil 2020-04-20   159732          202762     245792              6755             40581               2741        0         0
114  Brazil 2020-04-21   163827          207960     252093              6928             43079               2906        0         0
115  Brazil 2020-04-22   168026          213290     258554              7106             45757               3313        0         0
116  Brazil 2020-04-23   172333          218757     265181              7288             49492               3670        0         0
117  Brazil 2020-04-24   176750          224364     271978              7474             52995               4016        0         0
118  Brazil 2020-04-25   181279          230114     278949              7666             58509               4205        0         0
119  Brazil 2020-04-26   185927          236013     286099              7863             61888               4543        0         0
120  Brazil 2020-04-27   190692          242062     293432              8064             66501               5017        0         0
121  Brazil 2020-04-28   195579          248266     300953              8271             71886               5466        0         0
122  Brazil 2020-04-29   200593          254630     308667              8483             78162               5901        0         0
123  Brazil 2020-04-30   205734          261156     316578              8700             85380               6329        0         0
124  Brazil 2020-05-01   211007          267850     324693              8923             91589               6750        0         0
125  Brazil 2020-05-02   216415          274715     333015              9152             96559               7025        0         0
126  Brazil 2020-05-03   221962          281756     341550              9386            101147               7321        0         0
127  Brazil 2020-05-04   227651          288978     350305              9627            107780               7921        0         0
128  Brazil 2020-05-05   233486          296385     359284              9874            114715               8536        0         0
129  Brazil 2020-05-06   239471          303982     368493             10127            125218               9146        0         0
130  Brazil 2020-05-07   245609          311773     377937             10386            135106               9897        0         0
131  Brazil 2020-05-08   251904          319764     387624             10653            145328              10627        0         0
132  Brazil 2020-05-09   258361          327960     397559             10926            155939              11123        0         0
133  Brazil 2020-05-10   264983          336366     407749             11206            162699              11519        0         0
134  Brazil 2020-05-11   271775          344988     418201             11493            168331              12400        0         0
135  Brazil 2020-05-12   278741          353830     428919             11788            177589              13149        0         0
136  Brazil 2020-05-13   285886          362900     439914             12090            188974              13993        0         0
137  Brazil 2020-05-14   293213          372201     451189             12400            202918              14817        0         0
138  Brazil 2020-05-15   300728          381741     462754             12717            218223              15633        0         0
139  Brazil 2020-05-16   308437          391526     474615             13043            233142              16118        0         0
140  Brazil 2020-05-17   316342          401561     486780             13378            241080              16792        0         0
141  Brazil 2020-05-18   324450          411853     499256             13721            254220              17971        0         0
142  Brazil 2020-05-19   332767          422410     512053             14072            271628              18859        0         0
143  Brazil 2020-05-20   341296          433237     525178             14433            291579              20047        0         0
144  Brazil 2020-05-21   350043          444341     538639             14803            310087              21048        0         0
145  Brazil 2020-05-22   359015          455730     552445             15182            330890              22013        0         0
146  Brazil 2020-05-23   368217          467411     566605             15571            347398              22666        0         0
147  Brazil 2020-05-24   377655          479391     581127             15971            363211              23473        0         0
148  Brazil 2020-05-25   387335          491679     596023             16380            374898              24512        0         0
149  Brazil 2020-05-26   397263          504281     611299             16800            391222              25598        0         0
150  Brazil 2020-05-27   407445          517206     626967             17230            411821              26754        0         0
151  Brazil 2020-05-28   417889          530463     643037             17672            438238              27878        0         0
152  Brazil 2020-05-29   428600          544060     659520             18125            465166              28834        0         0
153  Brazil 2020-05-30   439586          558005     676424             18589            498440              29314        0         0
154  Brazil 2020-05-31   450853          572307     693761             19066            514849              29937        0         0
155  Brazil 2020-06-01   462408          586976     711544             19555            526447              31199        0         0
156  Brazil 2020-06-02   474261          602021     729781             20056            555383              32548        0         0
157  Brazil 2020-06-03   486416          617451     748486             20570            584016              34021        0         0
158  Brazil 2020-06-04   498884          633277     767670             21097            614932              35026        0         0
159  Brazil 2020-06-05   511671          649509     787347             21638            645762              35930        0         0
160  Brazil 2020-06-06   524786          666157     807528             22192            672837              36455        0         0
161  Brazil 2020-06-07   538236          683231     828226             22761            691758              37134        0         0
162  Brazil 2020-06-08   552032          700743     849454             23345            707412              38406        0         0
163  Brazil 2020-06-09   566181          718704     871227             23943            739503              39680        0         0
164  Brazil 2020-06-10   580694          737126     893558             24557            772416              40919        0         0
165  Brazil 2020-06-11   595577          756019     916461             25186            802828              41828        0         0
166  Brazil 2020-06-12   610843          775397     939951             25832            828810              42720        0         0
167  Brazil 2020-06-13   626499          795271     964043             26494            850514              43332        0         0
168  Brazil 2020-06-14   642557          815655     988753             27173            867624              43959        0         0
169  Brazil 2020-06-15   659027          836561    1014095             27869            888271              45241        0         0
170  Brazil 2020-06-16   675919          858004    1040089             28584            923189              46510        0         0
171  Brazil 2020-06-17   693243          879995    1066747             29316            955377              47748        0         0
172  Brazil 2020-06-18   711012          902551    1094090             30068            978142              48954        0         0
173  Brazil 2020-06-19   729236          925684    1122132             30838           1032913              49976        0         0
174  Brazil 2020-06-20   747928          949411    1150894             31629           1067579              50617        0         0
175  Brazil 2020-06-21   767098          973745    1180392             32439           1085038              51271        0         0
176  Brazil 2020-06-22   786760          998704    1210648             33271           1106470              52645        0         0
177  Brazil 2020-06-23   806926         1024302    1241678             34124           1145906              53830        0         0
178  Brazil 2020-06-24   827608         1050556    1273504             34998           1188631              54971        0         0
179  Brazil 2020-06-25   848821         1077483    1306145             35895           1228114              55961        0         0
180  Brazil 2020-06-26   870577         1105100    1339623             36815           1274974              57070        0         0
181  Brazil 2020-06-27   892891         1133425    1373959             37759           1313667              57622        0         0
182  Brazil 2020-06-28   915776         1162476    1409176             38727           1344143              58314        0         0
183  Brazil 2020-06-29   939249         1192272    1445295             39720           1368195              59594        0         0
184  Brazil 2020-06-30   963324         1222832    1482340             40738           1402041              60632        0         0
185  Brazil 2020-07-01   988014         1254174    1520334             41782           1448753              61884        0         0
186  Brazil 2020-07-02  1013338         1286320    1559302             42853           1496858              63174        0         0
187  Brazil 2020-07-03  1039311         1319290    1599269             43951           1539081              64265        0         0
188  Brazil 2020-07-04  1065951         1353106    1640261             45078           1577004              64867        0         0
189  Brazil 2020-07-05  1093272         1387787    1682302             46233           1603055              65487        0         0
190  Brazil 2020-07-06  1121294         1423358    1725422             47418           1623284              66741        0         0
191  Brazil 2020-07-07  1150035         1459841    1769647             48633           1668589              67964        0         0
192  Brazil 2020-07-08  1179511         1497258    1815005             49880           1713160              69184        0         0
193  Brazil 2020-07-09  1209744         1535635    1861526             51158           1755779              70398        0         0
194  Brazil 2020-07-10  1240751         1574995    1909239             52470           1800827              71469        0         0
195  Brazil 2020-07-11  1272553         1615364    1958175             53814           1839850              72100        0         0
196  Brazil 2020-07-12  1305170         1656768    2008366             55194           1864681              72833        0         0
197  Brazil 2020-07-13  1338623         1699233    2059843             56608           1884967              74133        0         0
198  Brazil 2020-07-14  1372934         1742787    2112640             58059           1926824              75366        0         0
199  Brazil 2020-07-15  1408124         1787457    2166790             59548           1966748              76688        0         0
200  Brazil 2020-07-16  1444216         1833271    2222326             61074           2012151              77851        0         0
201  Brazil 2020-07-17  1481233         1880260    2279287             62639           2046328              78772        0         0
202  Brazil 2020-07-18  1519199         1928454    2337709             64245           2074860              79488        0         0
203  Brazil 2020-07-19  1558138         1977883    2397628             65891           2098389              80120        0         0
204  Brazil 2020-07-20  1598075         2028578    2459081             67580           2118646              81487        0         0
205  Brazil 2020-07-21  1639036         2080573    2522110             69313           2159654              82771        0         0
206  Brazil 2020-07-22  1681046         2133901    2586756             71089           2227514              84082        0         0
207  Brazil 2020-07-23  1724134         2188596    2653058             72911           2287475              85238        0         0
208  Brazil 2020-07-24  1768325         2244692    2721059             74780           2343366              86449        0         0
209  Brazil 2020-07-25  1813650         2302226    2790802             76697           2394513              87004        0         0
210  Brazil 2020-07-26  1860136         2361235    2862334             78663           2419091              87618        0         0
211  Brazil 2020-07-27  1907814         2421757    2935700             80679           2442375              88539        0         0
212  Brazil 2020-07-28  1956714         2483830    3010946             82747           2483191              90134        0         0
213  Brazil 2020-07-29  2006866         2547493    3088120             84868           2552265              91263        0         0
214  Brazil 2020-07-30  2058305         2612789    3167273             87043           2610102              92475        0         0
215  Brazil 2020-07-31  2111062         2679758    3248454             89274           2662485              93563        0         0
216  Brazil 2020-08-01  2165172         2748444    3331716             91562           2707877              94104        0         0
217  Brazil 2020-08-02  2220668         2818890    3417112             93909           2733677              94665        0         0
218  Brazil 2020-08-03  2277586         2891141    3504696             96316           2750318              95819        0         0
219  Brazil 2020-08-04  2335963         2965245    3594527             98785           2801921              97256        0         0
220  Brazil 2020-08-05  2395837         3041248    3686659            101317           2859073              98493        0         0
221  Brazil 2020-08-06  2457245         3119199    3781153            103913           2912212              99572        0         0
222  Brazil 2020-08-07  2520228         3199148    3878068            106577           2962442             100477        0         0
223  Brazil 2020-08-08  2584825         3281147    3977469            109309           3012412             101049        0         0
224  Brazil 2020-08-09  2651077         3365246    4079415            112110           3035422             101857        0         0
225  Brazil 2020-08-10  2719027         3451502    4183977            114984           3057470             101857        0         0
226  Brazil 2020-08-11  2788719         3539968    4291217            117931                NA                 NA        0         0
227  Brazil 2020-08-12  2860198         3630702    4401206            120954                NA                 NA        0         0
228  Brazil 2020-08-13  2933509         3723762    4514015            124054                NA                 NA        0         0
229  Brazil 2020-08-14  3008698         3819207    4629716            127234                NA                 NA        0         0
230  Brazil 2020-08-15  3085815         3917098    4748381            130495                NA                 NA        0         0
231  Brazil 2020-08-16  3164908         4017498    4870088            133840                NA                 NA        0         0
232  Brazil 2020-08-17  3246029         4120472    4994915            137270                NA                 NA        0         0
233  Brazil 2020-08-18  3329229         4226085    5122941            140788                NA                 NA        0         0
234  Brazil 2020-08-19  3414561         4334404    5254247            144397                NA                 NA        0         0
235  Brazil 2020-08-20  3502081         4445501    5388921            148098                NA                 NA        0         0

Fontes:
	OMS - https://ourworldindata.org/coronavirus-source-data
	Worldometers - https://www.worldometers.info/coronavirus