
 Italy 
Projecao:  7  dias
Gerado em:  2020-04-08 12:51:38
RMSE(%):  34.4 , BIAS(%): 8.89

Taxa de Mortalidade 12.63 %

    country       dias otimista casos_estimados pessimista estimativa_mortes casos_confirmados mortes_confirmadas latitude longitude
89    Italy 2020-03-27    46243           70480      94717              8903             86498              10023 41.87194  12.56738
90    Italy 2020-03-28    49595           75589     101583              9548             92472              10781 41.87194  12.56738
91    Italy 2020-03-29    53192           81070     108948             10241             97689              11591 41.87194  12.56738
92    Italy 2020-03-30    57048           86947     116846             10983            101739              12430 41.87194  12.56738
93    Italy 2020-03-31    61183           93250     125317             11779            105792              13157 41.87194  12.56738
94    Italy 2020-04-01    65619          100011     134403             12633            110574              13917 41.87194  12.56738
95    Italy 2020-04-02    70377          107262     144147             13549            115242              14681 41.87194  12.56738
96    Italy 2020-04-03    75479          115038     154597             14531            119827              15362 41.87194  12.56738
97    Italy 2020-04-04    80951          123378     165805             15585            124632              15889 41.87194  12.56738
98    Italy 2020-04-05    86820          132323     177826             16715            128948              16525 41.87194  12.56738
99    Italy 2020-04-06    93114          141916     190718             17927            132547              17129 41.87194  12.56738
100   Italy 2020-04-07    99864          152204     204544             19226            135586              17127 41.87194  12.56738
101   Italy 2020-04-08   107104          163239     219374             20620            135586              17127 41.87194  12.56738
102   Italy 2020-04-09   114869          175074     235279             22115                NA                 NA 41.87194  12.56738
103   Italy 2020-04-10   123197          187766     252335             23718                NA                 NA 41.87194  12.56738
104   Italy 2020-04-11   132129          201379     270629             25438                NA                 NA 41.87194  12.56738
105   Italy 2020-04-12   141707          215978     290249             27282                NA                 NA 41.87194  12.56738
106   Italy 2020-04-13   151981          231636     311291             29260                NA                 NA 41.87194  12.56738
107   Italy 2020-04-14   163000          248430     333860             31381                NA                 NA 41.87194  12.56738
108   Italy 2020-04-15   174816          266440     358064             33656                NA                 NA 41.87194  12.56738

Total de casos no mundo:  1455996 1455996

Estimados a partir dos dados da OMS:
    day       date      x   xest
1     1 2019-12-30      0    149
2     2 2019-12-31      0    160
3     3 2020-01-01      0    171
4     4 2020-01-02      0    184
5     5 2020-01-03      0    197
6     6 2020-01-04      0    211
7     7 2020-01-05      0    227
8     8 2020-01-06      0    243
9     9 2020-01-07      0    261
10   10 2020-01-08      0    280
11   11 2020-01-09      0    300
12   12 2020-01-10      0    322
13   13 2020-01-11      0    345
14   14 2020-01-12      0    370
15   15 2020-01-13      0    397
16   16 2020-01-14      0    426
17   17 2020-01-15      0    457
18   18 2020-01-16      0    490
19   19 2020-01-17      0    525
20   20 2020-01-18      0    563
21   21 2020-01-19      0    604
22   22 2020-01-20      0    648
23   23 2020-01-21      0    695
24   24 2020-01-22      0    745
25   25 2020-01-23      0    799
26   26 2020-01-24      0    857
27   27 2020-01-25      0    919
28   28 2020-01-26      0    986
29   29 2020-01-27      0   1057
30   30 2020-01-28      0   1134
31   31 2020-01-29      0   1216
32   32 2020-01-30      3   1305
33   33 2020-01-31      3   1399
34   34 2020-02-01      3   1501
35   35 2020-02-02      3   1609
36   36 2020-02-03      3   1726
37   37 2020-02-04      3   1851
38   38 2020-02-05      3   1985
39   39 2020-02-06      3   2129
40   40 2020-02-07      3   2284
41   41 2020-02-08      3   2449
42   42 2020-02-09      3   2627
43   43 2020-02-10      3   2817
44   44 2020-02-11      3   3021
45   45 2020-02-12      3   3241
46   46 2020-02-13      3   3475
47   47 2020-02-14      3   3727
48   48 2020-02-15      3   3998
49   49 2020-02-16      3   4287
50   50 2020-02-17      3   4598
51   51 2020-02-18      3   4932
52   52 2020-02-19      3   5289
53   53 2020-02-20      3   5673
54   54 2020-02-21     17   6084
55   55 2020-02-22     79   6525
56   56 2020-02-23    132   6998
57   57 2020-02-24    229   7505
58   58 2020-02-25    322   8050
59   59 2020-02-26    400   8633
60   60 2020-02-27    650   9259
61   61 2020-02-28    888   9930
62   62 2020-02-29   1128  10650
63   63 2020-03-01   1689  11422
64   64 2020-03-02   2036  12250
65   65 2020-03-03   2502  13139
66   66 2020-03-04   3089  14091
67   67 2020-03-05   3858  15113
68   68 2020-03-06   4636  16208
69   69 2020-03-07   5883  17383
70   70 2020-03-08   7375  18644
71   71 2020-03-09   9172  19995
72   72 2020-03-10  10149  21445
73   73 2020-03-11  12462  23000
74   74 2020-03-12  15113  24667
75   75 2020-03-13  17660  26455
76   76 2020-03-14  21157  28373
77   77 2020-03-15  23980  30430
78   78 2020-03-16  27980  32636
79   79 2020-03-17  31506  35002
80   80 2020-03-18  35713  37540
81   81 2020-03-19  41035  40262
82   82 2020-03-20  47021  43181
83   83 2020-03-21  53578  46311
84   84 2020-03-22  59138  49669
85   85 2020-03-23  63927  53269
86   86 2020-03-24  69176  57131
87   87 2020-03-25  74386  61273
88   88 2020-03-26  80539  65716
89   89 2020-03-27  86498  70480
90   90 2020-03-28  92472  75589
91   91 2020-03-29  97689  81070
92   92 2020-03-30 101739  86947
93   93 2020-03-31 105792  93250
94   94 2020-04-01 110574 100011
95   95 2020-04-02 115242 107262
96   96 2020-04-03 119827 115038
97   97 2020-04-04 124632 123378
98   98 2020-04-05 128948 132323
99   99 2020-04-06 132547 141916
100 100 2020-04-07 135586 152204
101 101 2020-04-08 135586 163239


Todos os dados gerados
    country       dias otimista casos_estimados pessimista estimativa_mortes casos_confirmados mortes_confirmadas latitude longitude
1     Italy 2019-12-30       98             149        200                19                 0                  0 41.87194  12.56738
2     Italy 2019-12-31      105             160        215                20                 0                  0 41.87194  12.56738
3     Italy 2020-01-01      112             171        230                22                 0                  0 41.87194  12.56738
4     Italy 2020-01-02      121             184        247                23                 0                  0 41.87194  12.56738
5     Italy 2020-01-03      129             197        265                25                 0                  0 41.87194  12.56738
6     Italy 2020-01-04      138             211        284                27                 0                  0 41.87194  12.56738
7     Italy 2020-01-05      149             227        305                29                 0                  0 41.87194  12.56738
8     Italy 2020-01-06      159             243        327                31                 0                  0 41.87194  12.56738
9     Italy 2020-01-07      171             261        351                33                 0                  0 41.87194  12.56738
10    Italy 2020-01-08      184             280        376                35                 0                  0 41.87194  12.56738
11    Italy 2020-01-09      197             300        403                38                 0                  0 41.87194  12.56738
12    Italy 2020-01-10      211             322        433                41                 0                  0 41.87194  12.56738
13    Italy 2020-01-11      226             345        464                44                 0                  0 41.87194  12.56738
14    Italy 2020-01-12      243             370        497                47                 0                  0 41.87194  12.56738
15    Italy 2020-01-13      260             397        534                50                 0                  0 41.87194  12.56738
16    Italy 2020-01-14      280             426        572                54                 0                  0 41.87194  12.56738
17    Italy 2020-01-15      300             457        614                58                 0                  0 41.87194  12.56738
18    Italy 2020-01-16      321             490        659                62                 0                  0 41.87194  12.56738
19    Italy 2020-01-17      344             525        706                66                 0                  0 41.87194  12.56738
20    Italy 2020-01-18      369             563        757                71                 0                  0 41.87194  12.56738
21    Italy 2020-01-19      396             604        812                76                 0                  0 41.87194  12.56738
22    Italy 2020-01-20      425             648        871                82                 0                  0 41.87194  12.56738
23    Italy 2020-01-21      456             695        934                88                 0                  0 41.87194  12.56738
24    Italy 2020-01-22      489             745       1001                94                 0                  0 41.87194  12.56738
25    Italy 2020-01-23      524             799       1074               101                 0                  0 41.87194  12.56738
26    Italy 2020-01-24      562             857       1152               108                 0                  0 41.87194  12.56738
27    Italy 2020-01-25      603             919       1235               116                 0                  0 41.87194  12.56738
28    Italy 2020-01-26      647             986       1325               125                 0                  0 41.87194  12.56738
29    Italy 2020-01-27      694            1057       1420               134                 0                  0 41.87194  12.56738
30    Italy 2020-01-28      744            1134       1524               143                 0                  0 41.87194  12.56738
31    Italy 2020-01-29      798            1216       1634               154                 0                  0 41.87194  12.56738
32    Italy 2020-01-30      856            1305       1754               165                 3                  0 41.87194  12.56738
33    Italy 2020-01-31      918            1399       1880               177                 3                  0 41.87194  12.56738
34    Italy 2020-02-01      985            1501       2017               190                 3                  0 41.87194  12.56738
35    Italy 2020-02-02     1056            1609       2162               203                 3                  0 41.87194  12.56738
36    Italy 2020-02-03     1132            1726       2320               218                 3                  0 41.87194  12.56738
37    Italy 2020-02-04     1214            1851       2488               234                 3                  0 41.87194  12.56738
38    Italy 2020-02-05     1302            1985       2668               251                 3                  0 41.87194  12.56738
39    Italy 2020-02-06     1397            2129       2861               269                 3                  0 41.87194  12.56738
40    Italy 2020-02-07     1499            2284       3069               289                 3                  0 41.87194  12.56738
41    Italy 2020-02-08     1607            2449       3291               309                 3                  0 41.87194  12.56738
42    Italy 2020-02-09     1724            2627       3530               332                 3                  0 41.87194  12.56738
43    Italy 2020-02-10     1848            2817       3786               356                 3                  0 41.87194  12.56738
44    Italy 2020-02-11     1982            3021       4060               382                 3                  0 41.87194  12.56738
45    Italy 2020-02-12     2126            3241       4356               409                 3                  0 41.87194  12.56738
46    Italy 2020-02-13     2280            3475       4670               439                 3                  0 41.87194  12.56738
47    Italy 2020-02-14     2445            3727       5009               471                 3                  0 41.87194  12.56738
48    Italy 2020-02-15     2623            3998       5373               505                 3                  0 41.87194  12.56738
49    Italy 2020-02-16     2813            4287       5761               542                 3                  0 41.87194  12.56738
50    Italy 2020-02-17     3017            4598       6179               581                 3                  0 41.87194  12.56738
51    Italy 2020-02-18     3236            4932       6628               623                 3                  0 41.87194  12.56738
52    Italy 2020-02-19     3470            5289       7108               668                 3                  0 41.87194  12.56738
53    Italy 2020-02-20     3722            5673       7624               717                 3                  0 41.87194  12.56738
54    Italy 2020-02-21     3992            6084       8176               769                17                  2 41.87194  12.56738
55    Italy 2020-02-22     4281            6525       8769               824                79                  2 41.87194  12.56738
56    Italy 2020-02-23     4592            6998       9404               884               132                  6 41.87194  12.56738
57    Italy 2020-02-24     4924            7505      10086               948               229                 11 41.87194  12.56738
58    Italy 2020-02-25     5282            8050      10818              1017               322                 12 41.87194  12.56738
59    Italy 2020-02-26     5664            8633      11602              1091               400                 17 41.87194  12.56738
60    Italy 2020-02-27     6075            9259      12443              1170               650                 21 41.87194  12.56738
61    Italy 2020-02-28     6515            9930      13345              1254               888                 29 41.87194  12.56738
62    Italy 2020-02-29     6988           10650      14312              1345              1128                 35 41.87194  12.56738
63    Italy 2020-03-01     7494           11422      15350              1443              1689                 52 41.87194  12.56738
64    Italy 2020-03-02     8037           12250      16463              1547              2036                 80 41.87194  12.56738
65    Italy 2020-03-03     8621           13139      17657              1660              2502                107 41.87194  12.56738
66    Italy 2020-03-04     9245           14091      18937              1780              3089                148 41.87194  12.56738
67    Italy 2020-03-05     9916           15113      20310              1909              3858                197 41.87194  12.56738
68    Italy 2020-03-06    10634           16208      21782              2047              4636                233 41.87194  12.56738
69    Italy 2020-03-07    11405           17383      23361              2196              5883                366 41.87194  12.56738
70    Italy 2020-03-08    12233           18644      25055              2355              7375                464 41.87194  12.56738
71    Italy 2020-03-09    13119           19995      26871              2526              9172                631 41.87194  12.56738
72    Italy 2020-03-10    14070           21445      28820              2709             10149                827 41.87194  12.56738
73    Italy 2020-03-11    15091           23000      30909              2905             12462               1016 41.87194  12.56738
74    Italy 2020-03-12    16184           24667      33150              3116             15113               1268 41.87194  12.56738
75    Italy 2020-03-13    17358           26455      35552              3342             17660               1441 41.87194  12.56738
76    Italy 2020-03-14    18616           28373      38130              3584             21157               1811 41.87194  12.56738
77    Italy 2020-03-15    19966           30430      40894              3844             23980               2158 41.87194  12.56738
78    Italy 2020-03-16    21413           32636      43859              4123             27980               2505 41.87194  12.56738
79    Italy 2020-03-17    22965           35002      47039              4421             31506               2978 41.87194  12.56738
80    Italy 2020-03-18    24631           37540      50449              4742             35713               3407 41.87194  12.56738
81    Italy 2020-03-19    26417           40262      54107              5086             41035               4032 41.87194  12.56738
82    Italy 2020-03-20    28332           43181      58030              5455             47021               4827 41.87194  12.56738
83    Italy 2020-03-21    30386           46311      62236              5850             53578               5476 41.87194  12.56738
84    Italy 2020-03-22    32589           49669      66749              6274             59138               6077 41.87194  12.56738
85    Italy 2020-03-23    34951           53269      71587              6729             63927               6820 41.87194  12.56738
86    Italy 2020-03-24    37485           57131      76777              7217             69176               7505 41.87194  12.56738
87    Italy 2020-03-25    40202           61273      82344              7740             74386               8165 41.87194  12.56738
88    Italy 2020-03-26    43118           65716      88314              8301             80539               9136 41.87194  12.56738
89    Italy 2020-03-27    46243           70480      94717              8903             86498              10023 41.87194  12.56738
90    Italy 2020-03-28    49595           75589     101583              9548             92472              10781 41.87194  12.56738
91    Italy 2020-03-29    53192           81070     108948             10241             97689              11591 41.87194  12.56738
92    Italy 2020-03-30    57048           86947     116846             10983            101739              12430 41.87194  12.56738
93    Italy 2020-03-31    61183           93250     125317             11779            105792              13157 41.87194  12.56738
94    Italy 2020-04-01    65619          100011     134403             12633            110574              13917 41.87194  12.56738
95    Italy 2020-04-02    70377          107262     144147             13549            115242              14681 41.87194  12.56738
96    Italy 2020-04-03    75479          115038     154597             14531            119827              15362 41.87194  12.56738
97    Italy 2020-04-04    80951          123378     165805             15585            124632              15889 41.87194  12.56738
98    Italy 2020-04-05    86820          132323     177826             16715            128948              16525 41.87194  12.56738
99    Italy 2020-04-06    93114          141916     190718             17927            132547              17129 41.87194  12.56738
100   Italy 2020-04-07    99864          152204     204544             19226            135586              17127 41.87194  12.56738
101   Italy 2020-04-08   107104          163239     219374             20620            135586              17127 41.87194  12.56738
102   Italy 2020-04-09   114869          175074     235279             22115                NA                 NA 41.87194  12.56738
103   Italy 2020-04-10   123197          187766     252335             23718                NA                 NA 41.87194  12.56738
104   Italy 2020-04-11   132129          201379     270629             25438                NA                 NA 41.87194  12.56738
105   Italy 2020-04-12   141707          215978     290249             27282                NA                 NA 41.87194  12.56738
106   Italy 2020-04-13   151981          231636     311291             29260                NA                 NA 41.87194  12.56738
107   Italy 2020-04-14   163000          248430     333860             31381                NA                 NA 41.87194  12.56738
108   Italy 2020-04-15   174816          266440     358064             33656                NA                 NA 41.87194  12.56738

Fontes:
	OMS - https://ourworldindata.org/coronavirus-source-data
	Worldometers - https://www.worldometers.info/coronavirus