
 Italy 
Projecao:  7  dias
Gerado em:  2020-06-01 21:14:22
RMSE(%):  40.3 , BIAS(%): 8.46

Taxa de Mortalidade 14.35 %

    country       dias otimista casos_estimados pessimista estimativa_mortes casos_confirmados mortes_confirmadas latitude longitude
143   Italy 2020-05-20   143303          240029     336755             34456            227364              32486 41.87194  12.56738
144   Italy 2020-05-21   146300          245049     343798             35176            228006              32616 41.87194  12.56738
145   Italy 2020-05-22   149359          250173     350987             35912            228658              32735 41.87194  12.56738
146   Italy 2020-05-23   152483          255405     358327             36663            229327              32785 41.87194  12.56738
147   Italy 2020-05-24   155672          260746     365820             37430            229858              32877 41.87194  12.56738
148   Italy 2020-05-25   158927          266199     373471             38212            230158              32955 41.87194  12.56738
149   Italy 2020-05-26   162250          271765     381280             39011            230555              33072 41.87194  12.56738
150   Italy 2020-05-27   165644          277449     389254             39827            231139              33142 41.87194  12.56738
151   Italy 2020-05-28   169108          283251     397394             40660            231732              33229 41.87194  12.56738
152   Italy 2020-05-29   172644          289174     405704             41510            232248              33340 41.87194  12.56738
153   Italy 2020-05-30   176255          295222     414189             42379            232664              33415 41.87194  12.56738
154   Italy 2020-05-31   179940          301395     422850             43265            233019              33475 41.87194  12.56738
155   Italy 2020-06-01   183703          307698     431693             44169            233197              33475 41.87194  12.56738
156   Italy 2020-06-02   187545          314133     440721             45093                NA                 NA 41.87194  12.56738
157   Italy 2020-06-03   191467          320702     449937             46036                NA                 NA 41.87194  12.56738
158   Italy 2020-06-04   195471          327409     459347             46999                NA                 NA 41.87194  12.56738
159   Italy 2020-06-05   199559          334256     468953             47982                NA                 NA 41.87194  12.56738
160   Italy 2020-06-06   203732          341246     478760             48985                NA                 NA 41.87194  12.56738
161   Italy 2020-06-07   207992          348382     488772             50010                NA                 NA 41.87194  12.56738
162   Italy 2020-06-08   212342          355667     498992             51055                NA                 NA 41.87194  12.56738

Total de casos no mundo:  6361437 2093689 905243 2034268 1163795 154907 8814 721 6361437

Estimados a partir dos dados da OMS:
    day       date      x   xest
1     1 2019-12-30      0  12703
2     2 2019-12-31      0  12969
3     3 2020-01-01      0  13240
4     4 2020-01-02      0  13517
5     5 2020-01-03      0  13799
6     6 2020-01-04      0  14088
7     7 2020-01-05      0  14383
8     8 2020-01-06      0  14683
9     9 2020-01-07      0  14990
10   10 2020-01-08      0  15304
11   11 2020-01-09      0  15624
12   12 2020-01-10      0  15951
13   13 2020-01-11      0  16284
14   14 2020-01-12      0  16625
15   15 2020-01-13      0  16972
16   16 2020-01-14      0  17327
17   17 2020-01-15      0  17690
18   18 2020-01-16      0  18060
19   19 2020-01-17      0  18437
20   20 2020-01-18      0  18823
21   21 2020-01-19      0  19217
22   22 2020-01-20      0  19618
23   23 2020-01-21      0  20029
24   24 2020-01-22      0  20448
25   25 2020-01-23      0  20875
26   26 2020-01-24      0  21312
27   27 2020-01-25      0  21757
28   28 2020-01-26      0  22212
29   29 2020-01-27      0  22677
30   30 2020-01-28      0  23151
31   31 2020-01-29      0  23635
32   32 2020-01-30      3  24129
33   33 2020-01-31      3  24634
34   34 2020-02-01      3  25149
35   35 2020-02-02      3  25675
36   36 2020-02-03      3  26212
37   37 2020-02-04      3  26760
38   38 2020-02-05      3  27320
39   39 2020-02-06      3  27891
40   40 2020-02-07      3  28474
41   41 2020-02-08      3  29070
42   42 2020-02-09      3  29678
43   43 2020-02-10      3  30298
44   44 2020-02-11      3  30932
45   45 2020-02-12      3  31579
46   46 2020-02-13      3  32239
47   47 2020-02-14      3  32914
48   48 2020-02-15      3  33602
49   49 2020-02-16      3  34305
50   50 2020-02-17      3  35022
51   51 2020-02-18      3  35754
52   52 2020-02-19      3  36502
53   53 2020-02-20      3  37265
54   54 2020-02-21     17  38045
55   55 2020-02-22     79  38840
56   56 2020-02-23    132  39652
57   57 2020-02-24    229  40482
58   58 2020-02-25    322  41328
59   59 2020-02-26    400  42193
60   60 2020-02-27    650  43075
61   61 2020-02-28    888  43976
62   62 2020-02-29   1128  44895
63   63 2020-03-01   1689  45834
64   64 2020-03-02   2036  46793
65   65 2020-03-03   2502  47771
66   66 2020-03-04   3089  48770
67   67 2020-03-05   3858  49790
68   68 2020-03-06   4636  50831
69   69 2020-03-07   5883  51894
70   70 2020-03-08   7375  52980
71   71 2020-03-09   9172  54087
72   72 2020-03-10  10149  55219
73   73 2020-03-11  12462  56373
74   74 2020-03-12  15113  57552
75   75 2020-03-13  17660  58756
76   76 2020-03-14  21157  59984
77   77 2020-03-15  23980  61239
78   78 2020-03-16  27980  62520
79   79 2020-03-17  31506  63827
80   80 2020-03-18  35713  65162
81   81 2020-03-19  41035  66524
82   82 2020-03-20  47021  67916
83   83 2020-03-21  53578  69336
84   84 2020-03-22  59138  70786
85   85 2020-03-23  63927  72266
86   86 2020-03-24  69176  73777
87   87 2020-03-25  74386  75320
88   88 2020-03-26  80539  76895
89   89 2020-03-27  86498  78503
90   90 2020-03-28  92472  80145
91   91 2020-03-29  97689  81821
92   92 2020-03-30 101739  83532
93   93 2020-03-31 105792  85279
94   94 2020-04-01 110574  87062
95   95 2020-04-02 115242  88883
96   96 2020-04-03 119827  90742
97   97 2020-04-04 124632  92639
98   98 2020-04-05 128948  94577
99   99 2020-04-06 132547  96555
100 100 2020-04-07 135586  98574
101 101 2020-04-08 139422 100635
102 102 2020-04-09 143626 102740
103 103 2020-04-10 147577 104888
104 104 2020-04-11 152271 107082
105 105 2020-04-12 156363 109321
106 106 2020-04-13 159516 111607
107 107 2020-04-14 162488 113941
108 108 2020-04-15 165155 116324
109 109 2020-04-16 168941 118756
110 110 2020-04-17 172434 121240
111 111 2020-04-18 175925 123775
112 112 2020-04-19 178972 126364
113 113 2020-04-20 181228 129006
114 114 2020-04-21 183957 131704
115 115 2020-04-22 187327 134458
116 116 2020-04-23 189973 137270
117 117 2020-04-24 192994 140141
118 118 2020-04-25 195351 143071
119 119 2020-04-26 197675 146063
120 120 2020-04-27 199414 149118
121 121 2020-04-28 201505 152236
122 122 2020-04-29 203591 155420
123 123 2020-04-30 205463 158670
124 124 2020-05-01 207428 161988
125 125 2020-05-02 209328 165376
126 126 2020-05-03 210717 168834
127 127 2020-05-04 211938 172365
128 128 2020-05-05 213013 175969
129 129 2020-05-06 214457 179649
130 130 2020-05-07 215858 183406
131 131 2020-05-08 217185 187242
132 132 2020-05-09 218268 191157
133 133 2020-05-10 219070 195155
134 134 2020-05-11 219814 199236
135 135 2020-05-12 221216 203402
136 136 2020-05-13 222104 207656
137 137 2020-05-14 223096 211999
138 138 2020-05-15 223885 216432
139 139 2020-05-16 224760 220958
140 140 2020-05-17 225435 225579
141 141 2020-05-18 225886 230296
142 142 2020-05-19 226699 235112
143 143 2020-05-20 227364 240029
144 144 2020-05-21 228006 245049
145 145 2020-05-22 228658 250173
146 146 2020-05-23 229327 255405
147 147 2020-05-24 229858 260746
148 148 2020-05-25 230158 266199
149 149 2020-05-26 230555 271765
150 150 2020-05-27 231139 277449
151 151 2020-05-28 231732 283251
152 152 2020-05-29 232248 289174
153 153 2020-05-30 232664 295222
154 154 2020-05-31 233019 301395
155 155 2020-06-01 233197 307698

Intervalo de Confianca
         2.5%       97.5%
b  9898.97076 15372.94376
y0   44.67695    52.33127


Formula: x ~ SSexp(day, b, y0)

Parameters:
    Estimate Std. Error t value          Pr(>|t|)    
b  172065.37    1752.51   98.18 0.000000000000129 ***
y0    508.08      17.46   29.09 0.000000002108802 ***
---
Signif. codes:  0 ‘***’ 0.001 ‘**’ 0.01 ‘*’ 0.05 ‘.’ 0.1 ‘ ’ 1

Residual standard error: 142.2 on 8 degrees of freedom

Number of iterations to convergence: 57 
Achieved convergence tolerance: 0.0000000149

Considerando os casos dos últimos 10 dias, temos:
Número de dias para dobrar:  508.1
Razao de crescimento:  172065.4

Todos os dados gerados
    country       dias otimista casos_estimados pessimista estimativa_mortes casos_confirmados mortes_confirmadas latitude longitude
1     Italy 2019-12-30     7584           12703      17822              1823                 0                  0 41.87194  12.56738
2     Italy 2019-12-31     7743           12969      18195              1862                 0                  0 41.87194  12.56738
3     Italy 2020-01-01     7905           13240      18575              1901                 0                  0 41.87194  12.56738
4     Italy 2020-01-02     8070           13517      18964              1940                 0                  0 41.87194  12.56738
5     Italy 2020-01-03     8238           13799      19360              1981                 0                  0 41.87194  12.56738
6     Italy 2020-01-04     8411           14088      19765              2022                 0                  0 41.87194  12.56738
7     Italy 2020-01-05     8587           14383      20179              2065                 0                  0 41.87194  12.56738
8     Italy 2020-01-06     8766           14683      20600              2108                 0                  0 41.87194  12.56738
9     Italy 2020-01-07     8949           14990      21031              2152                 0                  0 41.87194  12.56738
10    Italy 2020-01-08     9137           15304      21471              2197                 0                  0 41.87194  12.56738
11    Italy 2020-01-09     9328           15624      21920              2243                 0                  0 41.87194  12.56738
12    Italy 2020-01-10     9523           15951      22379              2290                 0                  0 41.87194  12.56738
13    Italy 2020-01-11     9722           16284      22846              2338                 0                  0 41.87194  12.56738
14    Italy 2020-01-12     9926           16625      23324              2386                 0                  0 41.87194  12.56738
15    Italy 2020-01-13    10133           16972      23811              2436                 0                  0 41.87194  12.56738
16    Italy 2020-01-14    10345           17327      24309              2487                 0                  0 41.87194  12.56738
17    Italy 2020-01-15    10561           17690      24819              2539                 0                  0 41.87194  12.56738
18    Italy 2020-01-16    10782           18060      25338              2592                 0                  0 41.87194  12.56738
19    Italy 2020-01-17    11007           18437      25867              2647                 0                  0 41.87194  12.56738
20    Italy 2020-01-18    11238           18823      26408              2702                 0                  0 41.87194  12.56738
21    Italy 2020-01-19    11473           19217      26961              2759                 0                  0 41.87194  12.56738
22    Italy 2020-01-20    11712           19618      27524              2816                 0                  0 41.87194  12.56738
23    Italy 2020-01-21    11958           20029      28100              2875                 0                  0 41.87194  12.56738
24    Italy 2020-01-22    12208           20448      28688              2935                 0                  0 41.87194  12.56738
25    Italy 2020-01-23    12463           20875      29287              2997                 0                  0 41.87194  12.56738
26    Italy 2020-01-24    12724           21312      29900              3059                 0                  0 41.87194  12.56738
27    Italy 2020-01-25    12989           21757      30525              3123                 0                  0 41.87194  12.56738
28    Italy 2020-01-26    13261           22212      31163              3188                 0                  0 41.87194  12.56738
29    Italy 2020-01-27    13539           22677      31815              3255                 0                  0 41.87194  12.56738
30    Italy 2020-01-28    13822           23151      32480              3323                 0                  0 41.87194  12.56738
31    Italy 2020-01-29    14111           23635      33159              3393                 0                  0 41.87194  12.56738
32    Italy 2020-01-30    14406           24129      33852              3464                 3                  0 41.87194  12.56738
33    Italy 2020-01-31    14707           24634      34561              3536                 3                  0 41.87194  12.56738
34    Italy 2020-02-01    15015           25149      35283              3610                 3                  0 41.87194  12.56738
35    Italy 2020-02-02    15329           25675      36021              3686                 3                  0 41.87194  12.56738
36    Italy 2020-02-03    15649           26212      36775              3763                 3                  0 41.87194  12.56738
37    Italy 2020-02-04    15976           26760      37544              3841                 3                  0 41.87194  12.56738
38    Italy 2020-02-05    16311           27320      38329              3922                 3                  0 41.87194  12.56738
39    Italy 2020-02-06    16652           27891      39130              4004                 3                  0 41.87194  12.56738
40    Italy 2020-02-07    17000           28474      39948              4087                 3                  0 41.87194  12.56738
41    Italy 2020-02-08    17355           29070      40785              4173                 3                  0 41.87194  12.56738
42    Italy 2020-02-09    17718           29678      41638              4260                 3                  0 41.87194  12.56738
43    Italy 2020-02-10    18089           30298      42507              4349                 3                  0 41.87194  12.56738
44    Italy 2020-02-11    18467           30932      43397              4440                 3                  0 41.87194  12.56738
45    Italy 2020-02-12    18853           31579      44305              4533                 3                  0 41.87194  12.56738
46    Italy 2020-02-13    19247           32239      45231              4628                 3                  0 41.87194  12.56738
47    Italy 2020-02-14    19650           32914      46178              4725                 3                  0 41.87194  12.56738
48    Italy 2020-02-15    20061           33602      47143              4824                 3                  0 41.87194  12.56738
49    Italy 2020-02-16    20481           34305      48129              4924                 3                  0 41.87194  12.56738
50    Italy 2020-02-17    20909           35022      49135              5027                 3                  0 41.87194  12.56738
51    Italy 2020-02-18    21346           35754      50162              5132                 3                  0 41.87194  12.56738
52    Italy 2020-02-19    21793           36502      51211              5240                 3                  0 41.87194  12.56738
53    Italy 2020-02-20    22248           37265      52282              5349                 3                  0 41.87194  12.56738
54    Italy 2020-02-21    22714           38045      53376              5461                17                  2 41.87194  12.56738
55    Italy 2020-02-22    23188           38840      54492              5575                79                  2 41.87194  12.56738
56    Italy 2020-02-23    23673           39652      55631              5692               132                  6 41.87194  12.56738
57    Italy 2020-02-24    24169           40482      56795              5811               229                 11 41.87194  12.56738
58    Italy 2020-02-25    24674           41328      57982              5933               322                 12 41.87194  12.56738
59    Italy 2020-02-26    25190           42193      59196              6057               400                 17 41.87194  12.56738
60    Italy 2020-02-27    25717           43075      60433              6183               650                 21 41.87194  12.56738
61    Italy 2020-02-28    26255           43976      61697              6313               888                 29 41.87194  12.56738
62    Italy 2020-02-29    26803           44895      62987              6445              1128                 35 41.87194  12.56738
63    Italy 2020-03-01    27364           45834      64304              6579              1689                 52 41.87194  12.56738
64    Italy 2020-03-02    27937           46793      65649              6717              2036                 80 41.87194  12.56738
65    Italy 2020-03-03    28520           47771      67022              6857              2502                107 41.87194  12.56738
66    Italy 2020-03-04    29117           48770      68423              7001              3089                148 41.87194  12.56738
67    Italy 2020-03-05    29726           49790      69854              7147              3858                197 41.87194  12.56738
68    Italy 2020-03-06    30347           50831      71315              7297              4636                233 41.87194  12.56738
69    Italy 2020-03-07    30982           51894      72806              7449              5883                366 41.87194  12.56738
70    Italy 2020-03-08    31630           52980      74330              7605              7375                464 41.87194  12.56738
71    Italy 2020-03-09    32291           54087      75883              7764              9172                631 41.87194  12.56738
72    Italy 2020-03-10    32967           55219      77471              7927             10149                827 41.87194  12.56738
73    Italy 2020-03-11    33656           56373      79090              8092             12462               1016 41.87194  12.56738
74    Italy 2020-03-12    34360           57552      80744              8261             15113               1268 41.87194  12.56738
75    Italy 2020-03-13    35079           58756      82433              8434             17660               1441 41.87194  12.56738
76    Italy 2020-03-14    35812           59984      84156              8611             21157               1811 41.87194  12.56738
77    Italy 2020-03-15    36561           61239      85917              8791             23980               2158 41.87194  12.56738
78    Italy 2020-03-16    37326           62520      87714              8975             27980               2505 41.87194  12.56738
79    Italy 2020-03-17    38106           63827      89548              9162             31506               2978 41.87194  12.56738
80    Italy 2020-03-18    38903           65162      91421              9354             35713               3407 41.87194  12.56738
81    Italy 2020-03-19    39716           66524      93332              9549             41035               4032 41.87194  12.56738
82    Italy 2020-03-20    40547           67916      95285              9749             47021               4827 41.87194  12.56738
83    Italy 2020-03-21    41395           69336      97277              9953             53578               5476 41.87194  12.56738
84    Italy 2020-03-22    42261           70786      99311             10161             59138               6077 41.87194  12.56738
85    Italy 2020-03-23    43145           72266     101387             10374             63927               6820 41.87194  12.56738
86    Italy 2020-03-24    44047           73777     103507             10591             69176               7505 41.87194  12.56738
87    Italy 2020-03-25    44968           75320     105672             10812             74386               8165 41.87194  12.56738
88    Italy 2020-03-26    45908           76895     107882             11038             80539               9136 41.87194  12.56738
89    Italy 2020-03-27    46868           78503     110138             11269             86498              10023 41.87194  12.56738
90    Italy 2020-03-28    47848           80145     112442             11505             92472              10781 41.87194  12.56738
91    Italy 2020-03-29    48849           81821     114793             11745             97689              11591 41.87194  12.56738
92    Italy 2020-03-30    49871           83532     117193             11991            101739              12430 41.87194  12.56738
93    Italy 2020-03-31    50914           85279     119644             12242            105792              13157 41.87194  12.56738
94    Italy 2020-04-01    51978           87062     122146             12498            110574              13917 41.87194  12.56738
95    Italy 2020-04-02    53065           88883     124701             12759            115242              14681 41.87194  12.56738
96    Italy 2020-04-03    54175           90742     127309             13026            119827              15362 41.87194  12.56738
97    Italy 2020-04-04    55308           92639     129970             13298            124632              15889 41.87194  12.56738
98    Italy 2020-04-05    56465           94577     132689             13576            128948              16525 41.87194  12.56738
99    Italy 2020-04-06    57646           96555     135464             13860            132547              17129 41.87194  12.56738
100   Italy 2020-04-07    58851           98574     138297             14150            135586              17669 41.87194  12.56738
101   Italy 2020-04-08    60082          100635     141188             14446            139422              18281 41.87194  12.56738
102   Italy 2020-04-09    61338          102740     144142             14748            143626              18851 41.87194  12.56738
103   Italy 2020-04-10    62621          104888     147155             15056            147577              19470 41.87194  12.56738
104   Italy 2020-04-11    63931          107082     150233             15371            152271              19901 41.87194  12.56738
105   Italy 2020-04-12    65267          109321     153375             15693            156363              20465 41.87194  12.56738
106   Italy 2020-04-13    66632          111607     156582             16021            159516              21069 41.87194  12.56738
107   Italy 2020-04-14    68026          113941     159856             16356            162488              21647 41.87194  12.56738
108   Italy 2020-04-15    69448          116324     163200             16698            165155              22172 41.87194  12.56738
109   Italy 2020-04-16    70900          118756     166612             17047            168941              22747 41.87194  12.56738
110   Italy 2020-04-17    72383          121240     170097             17404            172434              23227 41.87194  12.56738
111   Italy 2020-04-18    73897          123775     173653             17768            175925              23660 41.87194  12.56738
112   Italy 2020-04-19    75442          126364     177286             18139            178972              24114 41.87194  12.56738
113   Italy 2020-04-20    77020          129006     180992             18519            181228              24648 41.87194  12.56738
114   Italy 2020-04-21    78630          131704     184778             18906            183957              25085 41.87194  12.56738
115   Italy 2020-04-22    80275          134458     188641             19301            187327              25549 41.87194  12.56738
116   Italy 2020-04-23    81953          137270     192587             19705            189973              25969 41.87194  12.56738
117   Italy 2020-04-24    83668          140141     196614             20117            192994              26384 41.87194  12.56738
118   Italy 2020-04-25    85417          143071     200725             20538            195351              26644 41.87194  12.56738
119   Italy 2020-04-26    87203          146063     204923             20967            197675              26977 41.87194  12.56738
120   Italy 2020-04-27    89027          149118     209209             21406            199414              27359 41.87194  12.56738
121   Italy 2020-04-28    90889          152236     213583             21853            201505              27682 41.87194  12.56738
122   Italy 2020-04-29    92789          155420     218051             22310            203591              27967 41.87194  12.56738
123   Italy 2020-04-30    94730          158670     222610             22777            205463              28236 41.87194  12.56738
124   Italy 2020-05-01    96711          161988     227265             23253            207428              28710 41.87194  12.56738
125   Italy 2020-05-02    98733          165376     232019             23739            209328              28884 41.87194  12.56738
126   Italy 2020-05-03   100798          168834     236870             24236            210717              29079 41.87194  12.56738
127   Italy 2020-05-04   102906          172365     241824             24743            211938              29315 41.87194  12.56738
128   Italy 2020-05-05   105058          175969     246880             25260            213013              29684 41.87194  12.56738
129   Italy 2020-05-06   107255          179649     252043             25788            214457              29958 41.87194  12.56738
130   Italy 2020-05-07   109498          183406     257314             26328            215858              30201 41.87194  12.56738
131   Italy 2020-05-08   111788          187242     262696             26878            217185              30395 41.87194  12.56738
132   Italy 2020-05-09   114125          191157     268189             27440            218268              30560 41.87194  12.56738
133   Italy 2020-05-10   116512          195155     273798             28014            219070              30739 41.87194  12.56738
134   Italy 2020-05-11   118949          199236     279523             28600            219814              30911 41.87194  12.56738
135   Italy 2020-05-12   121436          203402     285368             29198            221216              31106 41.87194  12.56738
136   Italy 2020-05-13   123976          207656     291336             29809            222104              31368 41.87194  12.56738
137   Italy 2020-05-14   126568          211999     297430             30432            223096              31610 41.87194  12.56738
138   Italy 2020-05-15   129215          216432     303649             31068            223885              31763 41.87194  12.56738
139   Italy 2020-05-16   131917          220958     309999             31718            224760              31908 41.87194  12.56738
140   Italy 2020-05-17   134676          225579     316482             32381            225435              32007 41.87194  12.56738
141   Italy 2020-05-18   137492          230296     323100             33059            225886              32169 41.87194  12.56738
142   Italy 2020-05-19   140367          235112     329857             33750            226699              32330 41.87194  12.56738
143   Italy 2020-05-20   143303          240029     336755             34456            227364              32486 41.87194  12.56738
144   Italy 2020-05-21   146300          245049     343798             35176            228006              32616 41.87194  12.56738
145   Italy 2020-05-22   149359          250173     350987             35912            228658              32735 41.87194  12.56738
146   Italy 2020-05-23   152483          255405     358327             36663            229327              32785 41.87194  12.56738
147   Italy 2020-05-24   155672          260746     365820             37430            229858              32877 41.87194  12.56738
148   Italy 2020-05-25   158927          266199     373471             38212            230158              32955 41.87194  12.56738
149   Italy 2020-05-26   162250          271765     381280             39011            230555              33072 41.87194  12.56738
150   Italy 2020-05-27   165644          277449     389254             39827            231139              33142 41.87194  12.56738
151   Italy 2020-05-28   169108          283251     397394             40660            231732              33229 41.87194  12.56738
152   Italy 2020-05-29   172644          289174     405704             41510            232248              33340 41.87194  12.56738
153   Italy 2020-05-30   176255          295222     414189             42379            232664              33415 41.87194  12.56738
154   Italy 2020-05-31   179940          301395     422850             43265            233019              33475 41.87194  12.56738
155   Italy 2020-06-01   183703          307698     431693             44169            233197              33475 41.87194  12.56738
156   Italy 2020-06-02   187545          314133     440721             45093                NA                 NA 41.87194  12.56738
157   Italy 2020-06-03   191467          320702     449937             46036                NA                 NA 41.87194  12.56738
158   Italy 2020-06-04   195471          327409     459347             46999                NA                 NA 41.87194  12.56738
159   Italy 2020-06-05   199559          334256     468953             47982                NA                 NA 41.87194  12.56738
160   Italy 2020-06-06   203732          341246     478760             48985                NA                 NA 41.87194  12.56738
161   Italy 2020-06-07   207992          348382     488772             50010                NA                 NA 41.87194  12.56738
162   Italy 2020-06-08   212342          355667     498992             51055                NA                 NA 41.87194  12.56738

Fontes:
	OMS - https://ourworldindata.org/coronavirus-source-data
	Worldometers - https://www.worldometers.info/coronavirus