
 Brazil 
Projecao:  10  dias
Gerado em:  2020-06-20 19:30:54
RMSE(%):  17 , BIAS(%): 5.35

Taxa de Mortalidade 4.68 %

    country       dias otimista casos_estimados pessimista estimativa_mortes casos_confirmados mortes_confirmadas latitude longitude
165  Brazil 2020-06-11   634980          765339     895698             35827            802828              41828        0         0
166  Brazil 2020-06-12   664274          800647     937020             37480            828810              42720        0         0
167  Brazil 2020-06-13   694920          837585     980250             39209            850514              43332        0         0
168  Brazil 2020-06-14   726980          876226    1025472             41018            867624              43959        0         0
169  Brazil 2020-06-15   760518          916650    1072782             42911            888271              45241        0         0
170  Brazil 2020-06-16   795604          958939    1122274             44890            923189              46510        0         0
171  Brazil 2020-06-17   832309         1003179    1174049             46961            955377              47748        0         0
172  Brazil 2020-06-18   870707         1049460    1228213             49128            978142              48954        0         0
173  Brazil 2020-06-19   910877         1097877    1284877             51394           1032913              49976        0         0
174  Brazil 2020-06-20   952899         1148526    1344153             53765           1067579              49976        0         0
175  Brazil 2020-06-21   996861         1201513    1406165             56246                NA                 NA        0         0
176  Brazil 2020-06-22  1042851         1256944    1471037             58841                NA                 NA        0         0
177  Brazil 2020-06-23  1090962         1314932    1538902             61555                NA                 NA        0         0
178  Brazil 2020-06-24  1141293         1375596    1609899             64395                NA                 NA        0         0
179  Brazil 2020-06-25  1193945         1439058    1684171             67366                NA                 NA        0         0
180  Brazil 2020-06-26  1249027         1505448    1761869             70474                NA                 NA        0         0
181  Brazil 2020-06-27  1306651         1574901    1843151             73725                NA                 NA        0         0
182  Brazil 2020-06-28  1366932         1647558    1928184             77126                NA                 NA        0         0
183  Brazil 2020-06-29  1429995         1723567    2017139             80684                NA                 NA        0         0
184  Brazil 2020-06-30  1495967         1803083    2110199             84407                NA                 NA        0         0

Total de casos no mundo:  8899504 2691847 1741533 2297739 1860429 298183 9052 721 8899504

Estimados a partir dos dados da OMS:
    day       date       x    xest
1     1 2019-12-30       0     469
2     2 2019-12-31       0     491
3     3 2020-01-01       0     514
4     4 2020-01-02       0     537
5     5 2020-01-03       0     562
6     6 2020-01-04       0     588
7     7 2020-01-05       0     615
8     8 2020-01-06       0     644
9     9 2020-01-07       0     673
10   10 2020-01-08       0     704
11   11 2020-01-09       0     737
12   12 2020-01-10       0     771
13   13 2020-01-11       0     806
14   14 2020-01-12       0     844
15   15 2020-01-13       0     883
16   16 2020-01-14       0     923
17   17 2020-01-15       0     966
18   18 2020-01-16       0    1010
19   19 2020-01-17       0    1057
20   20 2020-01-18       0    1106
21   21 2020-01-19       0    1157
22   22 2020-01-20       0    1210
23   23 2020-01-21       0    1266
24   24 2020-01-22       0    1324
25   25 2020-01-23       0    1386
26   26 2020-01-24       0    1449
27   27 2020-01-25       0    1516
28   28 2020-01-26       0    1586
29   29 2020-01-27       0    1659
30   30 2020-01-28       0    1736
31   31 2020-01-29       0    1816
32   32 2020-01-30       0    1900
33   33 2020-01-31       0    1988
34   34 2020-02-01       0    2079
35   35 2020-02-02       0    2175
36   36 2020-02-03       0    2275
37   37 2020-02-04       0    2380
38   38 2020-02-05       0    2490
39   39 2020-02-06       0    2605
40   40 2020-02-07       0    2725
41   41 2020-02-08       0    2851
42   42 2020-02-09       0    2983
43   43 2020-02-10       0    3120
44   44 2020-02-11       0    3264
45   45 2020-02-12       0    3415
46   46 2020-02-13       0    3572
47   47 2020-02-14       0    3737
48   48 2020-02-15       0    3909
49   49 2020-02-16       0    4090
50   50 2020-02-17       0    4279
51   51 2020-02-18       0    4476
52   52 2020-02-19       0    4682
53   53 2020-02-20       0    4898
54   54 2020-02-21       0    5124
55   55 2020-02-22       0    5361
56   56 2020-02-23       0    5608
57   57 2020-02-24       0    5867
58   58 2020-02-25       1    6138
59   59 2020-02-26       1    6421
60   60 2020-02-27       1    6717
61   61 2020-02-28       1    7027
62   62 2020-02-29       2    7351
63   63 2020-03-01       2    7690
64   64 2020-03-02       2    8045
65   65 2020-03-03       2    8416
66   66 2020-03-04       3    8804
67   67 2020-03-05       8    9210
68   68 2020-03-06      13    9635
69   69 2020-03-07      13   10080
70   70 2020-03-08      25   10545
71   71 2020-03-09      25   11031
72   72 2020-03-10      34   11540
73   73 2020-03-11      52   12073
74   74 2020-03-12      77   12630
75   75 2020-03-13      98   13212
76   76 2020-03-14     121   13822
77   77 2020-03-15     200   14460
78   78 2020-03-16     234   15127
79   79 2020-03-17     291   15825
80   80 2020-03-18     428   16555
81   81 2020-03-19     621   17318
82   82 2020-03-20     904   18117
83   83 2020-03-21    1128   18953
84   84 2020-03-22    1546   19828
85   85 2020-03-23    1891   20742
86   86 2020-03-24    2201   21699
87   87 2020-03-25    2433   22700
88   88 2020-03-26    2915   23748
89   89 2020-03-27    3417   24843
90   90 2020-03-28    3904   25989
91   91 2020-03-29    4256   27188
92   92 2020-03-30    4579   28443
93   93 2020-03-31    5717   29755
94   94 2020-04-01    6836   31127
95   95 2020-04-02    7910   32564
96   96 2020-04-03    9056   34066
97   97 2020-04-04   10278   35637
98   98 2020-04-05   11130   37282
99   99 2020-04-06   12056   39002
100 100 2020-04-07   13717   40801
101 101 2020-04-08   15927   42683
102 102 2020-04-09   17857   44652
103 103 2020-04-10   19638   46712
104 104 2020-04-11   20727   48867
105 105 2020-04-12   22169   51122
106 106 2020-04-13   23430   53480
107 107 2020-04-14   25262   55948
108 108 2020-04-15   28320   58529
109 109 2020-04-16   30425   61229
110 110 2020-04-17   33682   64054
111 111 2020-04-18   36599   67009
112 112 2020-04-19   38654   70100
113 113 2020-04-20   40581   73334
114 114 2020-04-21   43079   76717
115 115 2020-04-22   45757   80257
116 116 2020-04-23   49492   83959
117 117 2020-04-24   52995   87833
118 118 2020-04-25   58509   91885
119 119 2020-04-26   61888   96124
120 120 2020-04-27   66501  100558
121 121 2020-04-28   71886  105198
122 122 2020-04-29   78162  110051
123 123 2020-04-30   85380  115128
124 124 2020-05-01   91589  120439
125 125 2020-05-02   96559  125996
126 126 2020-05-03  101147  131808
127 127 2020-05-04  107780  137889
128 128 2020-05-05  114715  144251
129 129 2020-05-06  125218  150906
130 130 2020-05-07  135106  157867
131 131 2020-05-08  145328  165151
132 132 2020-05-09  155939  172770
133 133 2020-05-10  162699  180740
134 134 2020-05-11  168331  189079
135 135 2020-05-12  177589  197802
136 136 2020-05-13  188974  206927
137 137 2020-05-14  202918  216474
138 138 2020-05-15  218223  226460
139 139 2020-05-16  233142  236908
140 140 2020-05-17  241080  247838
141 141 2020-05-18  254220  259271
142 142 2020-05-19  271628  271233
143 143 2020-05-20  291579  283746
144 144 2020-05-21  310087  296836
145 145 2020-05-22  330890  310531
146 146 2020-05-23  347398  324857
147 147 2020-05-24  363211  339844
148 148 2020-05-25  374898  355522
149 149 2020-05-26  391222  371924
150 150 2020-05-27  411821  389083
151 151 2020-05-28  438238  407033
152 152 2020-05-29  465166  425811
153 153 2020-05-30  498440  445455
154 154 2020-05-31  514849  466006
155 155 2020-06-01  526447  487505
156 156 2020-06-02  555383  509996
157 157 2020-06-03  584016  533524
158 158 2020-06-04  614932  558138
159 159 2020-06-05  645762  583887
160 160 2020-06-06  672837  610825
161 161 2020-06-07  691758  639005
162 162 2020-06-08  707412  668485
163 163 2020-06-09  739503  699325
164 164 2020-06-10  772416  731588
165 165 2020-06-11  802828  765339
166 166 2020-06-12  828810  800647
167 167 2020-06-13  850514  837585
168 168 2020-06-14  867624  876226
169 169 2020-06-15  888271  916650
170 170 2020-06-16  923189  958939
171 171 2020-06-17  955377 1003179
172 172 2020-06-18  978142 1049460
173 173 2020-06-19 1032913 1097877
174 174 2020-06-20 1067579 1148526

Intervalo de Confianca
        2.5%     97.5%
b  378.00770 530.33389
y0  21.67001  22.68603


Formula: x ~ SSexp(day, b, y0)

Parameters:
   Estimate Std. Error t value      Pr(>|t|)    
b  4333.083    919.390   4.713       0.00152 ** 
y0   31.662      1.251  25.311 0.00000000636 ***
---
Signif. codes:  0 ‘***’ 0.001 ‘**’ 0.01 ‘*’ 0.05 ‘.’ 0.1 ‘ ’ 1

Residual standard error: 10360 on 8 degrees of freedom

Number of iterations to convergence: 16 
Achieved convergence tolerance: 0.0000000149

Considerando os casos dos últimos 10 dias, temos:
Número de dias para dobrar:  31.7
Razao de crescimento:  4333.08

Todos os dados gerados
    country       dias otimista casos_estimados pessimista estimativa_mortes casos_confirmados mortes_confirmadas latitude longitude
1    Brazil 2019-12-30      389             469        549                22                 0                  0        0         0
2    Brazil 2019-12-31      407             491        575                23                 0                  0        0         0
3    Brazil 2020-01-01      426             514        602                24                 0                  0        0         0
4    Brazil 2020-01-02      446             537        628                25                 0                  0        0         0
5    Brazil 2020-01-03      466             562        658                26                 0                  0        0         0
6    Brazil 2020-01-04      488             588        688                28                 0                  0        0         0
7    Brazil 2020-01-05      510             615        720                29                 0                  0        0         0
8    Brazil 2020-01-06      534             644        754                30                 0                  0        0         0
9    Brazil 2020-01-07      558             673        788                32                 0                  0        0         0
10   Brazil 2020-01-08      584             704        824                33                 0                  0        0         0
11   Brazil 2020-01-09      611             737        863                35                 0                  0        0         0
12   Brazil 2020-01-10      640             771        902                36                 0                  0        0         0
13   Brazil 2020-01-11      669             806        943                38                 0                  0        0         0
14   Brazil 2020-01-12      700             844        988                40                 0                  0        0         0
15   Brazil 2020-01-13      733             883       1033                41                 0                  0        0         0
16   Brazil 2020-01-14      766             923       1080                43                 0                  0        0         0
17   Brazil 2020-01-15      801             966       1131                45                 0                  0        0         0
18   Brazil 2020-01-16      838            1010       1182                47                 0                  0        0         0
19   Brazil 2020-01-17      877            1057       1237                49                 0                  0        0         0
20   Brazil 2020-01-18      918            1106       1294                52                 0                  0        0         0
21   Brazil 2020-01-19      960            1157       1354                54                 0                  0        0         0
22   Brazil 2020-01-20     1004            1210       1416                57                 0                  0        0         0
23   Brazil 2020-01-21     1050            1266       1482                59                 0                  0        0         0
24   Brazil 2020-01-22     1098            1324       1550                62                 0                  0        0         0
25   Brazil 2020-01-23     1150            1386       1622                65                 0                  0        0         0
26   Brazil 2020-01-24     1202            1449       1696                68                 0                  0        0         0
27   Brazil 2020-01-25     1258            1516       1774                71                 0                  0        0         0
28   Brazil 2020-01-26     1316            1586       1856                74                 0                  0        0         0
29   Brazil 2020-01-27     1376            1659       1942                78                 0                  0        0         0
30   Brazil 2020-01-28     1440            1736       2032                81                 0                  0        0         0
31   Brazil 2020-01-29     1507            1816       2125                85                 0                  0        0         0
32   Brazil 2020-01-30     1576            1900       2224                89                 0                  0        0         0
33   Brazil 2020-01-31     1649            1988       2327                93                 0                  0        0         0
34   Brazil 2020-02-01     1725            2079       2433                97                 0                  0        0         0
35   Brazil 2020-02-02     1805            2175       2545               102                 0                  0        0         0
36   Brazil 2020-02-03     1888            2275       2662               106                 0                  0        0         0
37   Brazil 2020-02-04     1975            2380       2785               111                 0                  0        0         0
38   Brazil 2020-02-05     2066            2490       2914               117                 0                  0        0         0
39   Brazil 2020-02-06     2161            2605       3049               122                 0                  0        0         0
40   Brazil 2020-02-07     2261            2725       3189               128                 0                  0        0         0
41   Brazil 2020-02-08     2365            2851       3337               133                 0                  0        0         0
42   Brazil 2020-02-09     2475            2983       3491               140                 0                  0        0         0
43   Brazil 2020-02-10     2589            3120       3651               146                 0                  0        0         0
44   Brazil 2020-02-11     2708            3264       3820               153                 0                  0        0         0
45   Brazil 2020-02-12     2833            3415       3997               160                 0                  0        0         0
46   Brazil 2020-02-13     2964            3572       4180               167                 0                  0        0         0
47   Brazil 2020-02-14     3100            3737       4374               175                 0                  0        0         0
48   Brazil 2020-02-15     3243            3909       4575               183                 0                  0        0         0
49   Brazil 2020-02-16     3393            4090       4787               191                 0                  0        0         0
50   Brazil 2020-02-17     3550            4279       5008               200                 0                  0        0         0
51   Brazil 2020-02-18     3714            4476       5238               210                 0                  0        0         0
52   Brazil 2020-02-19     3885            4682       5479               219                 0                  0        0         0
53   Brazil 2020-02-20     4064            4898       5732               229                 0                  0        0         0
54   Brazil 2020-02-21     4251            5124       5997               240                 0                  0        0         0
55   Brazil 2020-02-22     4448            5361       6274               251                 0                  0        0         0
56   Brazil 2020-02-23     4653            5608       6563               263                 0                  0        0         0
57   Brazil 2020-02-24     4868            5867       6866               275                 0                  0        0         0
58   Brazil 2020-02-25     5093            6138       7183               287                 1                  0        0         0
59   Brazil 2020-02-26     5327            6421       7515               301                 1                  0        0         0
60   Brazil 2020-02-27     5573            6717       7861               314                 1                  0        0         0
61   Brazil 2020-02-28     5830            7027       8224               329                 1                  0        0         0
62   Brazil 2020-02-29     6099            7351       8603               344                 2                  0        0         0
63   Brazil 2020-03-01     6380            7690       9000               360                 2                  0        0         0
64   Brazil 2020-03-02     6675            8045       9415               377                 2                  0        0         0
65   Brazil 2020-03-03     6983            8416       9849               394                 2                  0        0         0
66   Brazil 2020-03-04     7304            8804      10304               412                 3                  0        0         0
67   Brazil 2020-03-05     7641            9210      10779               431                 8                  0        0         0
68   Brazil 2020-03-06     7994            9635      11276               451                13                  0        0         0
69   Brazil 2020-03-07     8363           10080      11797               472                13                  0        0         0
70   Brazil 2020-03-08     8749           10545      12341               494                25                  0        0         0
71   Brazil 2020-03-09     9152           11031      12910               516                25                  0        0         0
72   Brazil 2020-03-10     9574           11540      13506               540                34                  0        0         0
73   Brazil 2020-03-11    10017           12073      14129               565                52                  0        0         0
74   Brazil 2020-03-12    10479           12630      14781               591                77                  0        0         0
75   Brazil 2020-03-13    10962           13212      15462               618                98                  0        0         0
76   Brazil 2020-03-14    11468           13822      16176               647               121                  0        0         0
77   Brazil 2020-03-15    11997           14460      16923               677               200                  0        0         0
78   Brazil 2020-03-16    12550           15127      17704               708               234                  1        0         0
79   Brazil 2020-03-17    13130           15825      18520               741               291                  4        0         0
80   Brazil 2020-03-18    13735           16555      19375               775               428                  6        0         0
81   Brazil 2020-03-19    14368           17318      20268               811               621                 11        0         0
82   Brazil 2020-03-20    15031           18117      21203               848               904                 18        0         0
83   Brazil 2020-03-21    15725           18953      22181               887              1128                 25        0         0
84   Brazil 2020-03-22    16451           19828      23205               928              1546                 34        0         0
85   Brazil 2020-03-23    17209           20742      24275               971              1891                 46        0         0
86   Brazil 2020-03-24    18003           21699      25395              1016              2201                 57        0         0
87   Brazil 2020-03-25    18834           22700      26566              1063              2433                 77        0         0
88   Brazil 2020-03-26    19703           23748      27793              1112              2915                 92        0         0
89   Brazil 2020-03-27    20612           24843      29074              1163              3417                114        0         0
90   Brazil 2020-03-28    21562           25989      30416              1217              3904                136        0         0
91   Brazil 2020-03-29    22557           27188      31819              1273              4256                159        0         0
92   Brazil 2020-03-30    23598           28443      33288              1331              4579                201        0         0
93   Brazil 2020-03-31    24687           29755      34823              1393              5717                241        0         0
94   Brazil 2020-04-01    25825           31127      36429              1457              6836                299        0         0
95   Brazil 2020-04-02    27017           32564      38111              1524              7910                359        0         0
96   Brazil 2020-04-03    28264           34066      39868              1595              9056                432        0         0
97   Brazil 2020-04-04    29567           35637      41707              1668             10278                486        0         0
98   Brazil 2020-04-05    30932           37282      43632              1745             11130                553        0         0
99   Brazil 2020-04-06    32359           39002      45645              1826             12056                667        0         0
100  Brazil 2020-04-07    33851           40801      47751              1910             13717                800        0         0
101  Brazil 2020-04-08    35413           42683      49953              1998             15927                941        0         0
102  Brazil 2020-04-09    37046           44652      52258              2090             17857               1056        0         0
103  Brazil 2020-04-10    38756           46712      54668              2187             19638               1124        0         0
104  Brazil 2020-04-11    40544           48867      57190              2288             20727               1223        0         0
105  Brazil 2020-04-12    42414           51122      59830              2393             22169               1328        0         0
106  Brazil 2020-04-13    44371           53480      62589              2504             23430               1532        0         0
107  Brazil 2020-04-14    46418           55948      65478              2619             25262               1736        0         0
108  Brazil 2020-04-15    48560           58529      68498              2740             28320               1924        0         0
109  Brazil 2020-04-16    50800           61229      71658              2866             30425               2141        0         0
110  Brazil 2020-04-17    53144           64054      74964              2999             33682               2347        0         0
111  Brazil 2020-04-18    55595           67009      78423              3137             36599               2462        0         0
112  Brazil 2020-04-19    58160           70100      82040              3282             38654               2575        0         0
113  Brazil 2020-04-20    60843           73334      85825              3433             40581               2741        0         0
114  Brazil 2020-04-21    63650           76717      89784              3591             43079               2906        0         0
115  Brazil 2020-04-22    66587           80257      93927              3757             45757               3313        0         0
116  Brazil 2020-04-23    69658           83959      98260              3930             49492               3670        0         0
117  Brazil 2020-04-24    72873           87833     102793              4112             52995               4016        0         0
118  Brazil 2020-04-25    76234           91885     107536              4301             58509               4205        0         0
119  Brazil 2020-04-26    79751           96124     112497              4500             61888               4543        0         0
120  Brazil 2020-04-27    83430          100558     117686              4707             66501               5017        0         0
121  Brazil 2020-04-28    87280          105198     123116              4925             71886               5466        0         0
122  Brazil 2020-04-29    91306          110051     128796              5152             78162               5901        0         0
123  Brazil 2020-04-30    95518          115128     134738              5389             85380               6329        0         0
124  Brazil 2020-05-01    99925          120439     140953              5638             91589               6750        0         0
125  Brazil 2020-05-02   104535          125996     147457              5898             96559               7025        0         0
126  Brazil 2020-05-03   109357          131808     154259              6170            101147               7321        0         0
127  Brazil 2020-05-04   114403          137889     161375              6455            107780               7921        0         0
128  Brazil 2020-05-05   119681          144251     168821              6753            114715               8536        0         0
129  Brazil 2020-05-06   125202          150906     176610              7064            125218               9146        0         0
130  Brazil 2020-05-07   130978          157867     184756              7390            135106               9897        0         0
131  Brazil 2020-05-08   137021          165151     193281              7731            145328              10627        0         0
132  Brazil 2020-05-09   143342          172770     202198              8088            155939              11123        0         0
133  Brazil 2020-05-10   149955          180740     211525              8461            162699              11519        0         0
134  Brazil 2020-05-11   156873          189079     221285              8851            168331              12400        0         0
135  Brazil 2020-05-12   164111          197802     231493              9260            177589              13149        0         0
136  Brazil 2020-05-13   171681          206927     242173              9687            188974              13993        0         0
137  Brazil 2020-05-14   179602          216474     253346             10134            202918              14817        0         0
138  Brazil 2020-05-15   187887          226460     265033             10601            218223              15633        0         0
139  Brazil 2020-05-16   196556          236908     277260             11090            233142              16118        0         0
140  Brazil 2020-05-17   205624          247838     290052             11602            241080              16792        0         0
141  Brazil 2020-05-18   215110          259271     303432             12137            254220              17971        0         0
142  Brazil 2020-05-19   225034          271233     317432             12697            271628              18859        0         0
143  Brazil 2020-05-20   235416          283746     332076             13283            291579              20047        0         0
144  Brazil 2020-05-21   246276          296836     347396             13896            310087              21048        0         0
145  Brazil 2020-05-22   257639          310531     363423             14537            330890              22013        0         0
146  Brazil 2020-05-23   269525          324857     380189             15207            347398              22666        0         0
147  Brazil 2020-05-24   281959          339844     397729             15909            363211              23473        0         0
148  Brazil 2020-05-25   294966          355522     416078             16643            374898              24512        0         0
149  Brazil 2020-05-26   308575          371924     435273             17411            391222              25598        0         0
150  Brazil 2020-05-27   322811          389083     455355             18214            411821              26754        0         0
151  Brazil 2020-05-28   337704          407033     476362             19054            438238              27878        0         0
152  Brazil 2020-05-29   353283          425811     498339             19933            465166              28834        0         0
153  Brazil 2020-05-30   369581          445455     521329             20853            498440              29314        0         0
154  Brazil 2020-05-31   386632          466006     545380             21815            514849              29937        0         0
155  Brazil 2020-06-01   404469          487505     570541             22821            526447              31199        0         0
156  Brazil 2020-06-02   423129          509996     596863             23874            555383              32548        0         0
157  Brazil 2020-06-03   442650          533524     624398             24976            584016              34021        0         0
158  Brazil 2020-06-04   463071          558138     653205             26128            614932              35026        0         0
159  Brazil 2020-06-05   484434          583887     683340             27333            645762              35930        0         0
160  Brazil 2020-06-06   506784          610825     714866             28594            672837              36455        0         0
161  Brazil 2020-06-07   530164          639005     747846             29913            691758              37134        0         0
162  Brazil 2020-06-08   554623          668485     782347             31293            707412              38406        0         0
163  Brazil 2020-06-09   580210          699325     818440             32737            739503              39680        0         0
164  Brazil 2020-06-10   606978          731588     856198             34247            772416              40919        0         0
165  Brazil 2020-06-11   634980          765339     895698             35827            802828              41828        0         0
166  Brazil 2020-06-12   664274          800647     937020             37480            828810              42720        0         0
167  Brazil 2020-06-13   694920          837585     980250             39209            850514              43332        0         0
168  Brazil 2020-06-14   726980          876226    1025472             41018            867624              43959        0         0
169  Brazil 2020-06-15   760518          916650    1072782             42911            888271              45241        0         0
170  Brazil 2020-06-16   795604          958939    1122274             44890            923189              46510        0         0
171  Brazil 2020-06-17   832309         1003179    1174049             46961            955377              47748        0         0
172  Brazil 2020-06-18   870707         1049460    1228213             49128            978142              48954        0         0
173  Brazil 2020-06-19   910877         1097877    1284877             51394           1032913              49976        0         0
174  Brazil 2020-06-20   952899         1148526    1344153             53765           1067579              49976        0         0
175  Brazil 2020-06-21   996861         1201513    1406165             56246                NA                 NA        0         0
176  Brazil 2020-06-22  1042851         1256944    1471037             58841                NA                 NA        0         0
177  Brazil 2020-06-23  1090962         1314932    1538902             61555                NA                 NA        0         0
178  Brazil 2020-06-24  1141293         1375596    1609899             64395                NA                 NA        0         0
179  Brazil 2020-06-25  1193945         1439058    1684171             67366                NA                 NA        0         0
180  Brazil 2020-06-26  1249027         1505448    1761869             70474                NA                 NA        0         0
181  Brazil 2020-06-27  1306651         1574901    1843151             73725                NA                 NA        0         0
182  Brazil 2020-06-28  1366932         1647558    1928184             77126                NA                 NA        0         0
183  Brazil 2020-06-29  1429995         1723567    2017139             80684                NA                 NA        0         0
184  Brazil 2020-06-30  1495967         1803083    2110199             84407                NA                 NA        0         0

Fontes:
	OMS - https://ourworldindata.org/coronavirus-source-data
	Worldometers - https://www.worldometers.info/coronavirus