
 Brazil 
Projecao:  7  dias
Gerado em:  2020-06-13 21:09:51
RMSE(%):  14 , BIAS(%): 4.6

Taxa de Mortalidade 5.03 %

    country       dias otimista casos_estimados pessimista estimativa_mortes casos_confirmados mortes_confirmadas latitude longitude
155  Brazil 2020-06-01   433764          504526     575288             25375            526447              31199        0         0
156  Brazil 2020-06-02   456068          530468     604868             26680            555383              32548        0         0
157  Brazil 2020-06-03   479519          557745     635971             28052            584016              34021        0         0
158  Brazil 2020-06-04   504175          586423     668671             29494            614932              35026        0         0
159  Brazil 2020-06-05   530100          616577     703054             31011            645762              35930        0         0
160  Brazil 2020-06-06   557357          648281     739205             32605            672837              36455        0         0
161  Brazil 2020-06-07   586016          681615     777214             34282            691758              37134        0         0
162  Brazil 2020-06-08   616148          716663     817178             36045            707412              38406        0         0
163  Brazil 2020-06-09   647830          753513     859196             37898            739503              39680        0         0
164  Brazil 2020-06-10   681141          792258     903375             39847            772416              40919        0         0
165  Brazil 2020-06-11   716164          832995     949826             41896            802828              41828        0         0
166  Brazil 2020-06-12   752989          875827     998665             44050            828810              42791        0         0
167  Brazil 2020-06-13   791706          920861    1050016             46315            850796              42791        0         0
168  Brazil 2020-06-14   832415          968211    1104007             48696                NA                 NA        0         0
169  Brazil 2020-06-15   875218         1017996    1160774             51200                NA                 NA        0         0
170  Brazil 2020-06-16   920220         1070340    1220460             53833                NA                 NA        0         0
171  Brazil 2020-06-17   967537         1125376    1283215             56601                NA                 NA        0         0
172  Brazil 2020-06-18  1017287         1183242    1349197             59511                NA                 NA        0         0
173  Brazil 2020-06-19  1069595         1244083    1418571             62571                NA                 NA        0         0
174  Brazil 2020-06-20  1124593         1308053    1491513             65789                NA                 NA        0         0

Total de casos no mundo:  7855028 2454129 1387767 2190122 1577672 235704 8913 721 7855028

Estimados a partir dos dados da OMS:
    day       date      x   xest
1     1 2019-12-30      0    224
2     2 2019-12-31      0    235
3     3 2020-01-01      0    247
4     4 2020-01-02      0    260
5     5 2020-01-03      0    273
6     6 2020-01-04      0    287
7     7 2020-01-05      0    302
8     8 2020-01-06      0    318
9     9 2020-01-07      0    334
10   10 2020-01-08      0    351
11   11 2020-01-09      0    369
12   12 2020-01-10      0    388
13   13 2020-01-11      0    408
14   14 2020-01-12      0    429
15   15 2020-01-13      0    451
16   16 2020-01-14      0    474
17   17 2020-01-15      0    499
18   18 2020-01-16      0    524
19   19 2020-01-17      0    551
20   20 2020-01-18      0    580
21   21 2020-01-19      0    609
22   22 2020-01-20      0    641
23   23 2020-01-21      0    674
24   24 2020-01-22      0    708
25   25 2020-01-23      0    745
26   26 2020-01-24      0    783
27   27 2020-01-25      0    823
28   28 2020-01-26      0    866
29   29 2020-01-27      0    910
30   30 2020-01-28      0    957
31   31 2020-01-29      0   1006
32   32 2020-01-30      0   1058
33   33 2020-01-31      0   1112
34   34 2020-02-01      0   1170
35   35 2020-02-02      0   1230
36   36 2020-02-03      0   1293
37   37 2020-02-04      0   1359
38   38 2020-02-05      0   1429
39   39 2020-02-06      0   1503
40   40 2020-02-07      0   1580
41   41 2020-02-08      0   1661
42   42 2020-02-09      0   1747
43   43 2020-02-10      0   1836
44   44 2020-02-11      0   1931
45   45 2020-02-12      0   2030
46   46 2020-02-13      0   2135
47   47 2020-02-14      0   2244
48   48 2020-02-15      0   2360
49   49 2020-02-16      0   2481
50   50 2020-02-17      0   2609
51   51 2020-02-18      0   2743
52   52 2020-02-19      0   2884
53   53 2020-02-20      0   3032
54   54 2020-02-21      0   3188
55   55 2020-02-22      0   3352
56   56 2020-02-23      0   3524
57   57 2020-02-24      0   3706
58   58 2020-02-25      1   3896
59   59 2020-02-26      1   4096
60   60 2020-02-27      1   4307
61   61 2020-02-28      1   4528
62   62 2020-02-29      2   4761
63   63 2020-03-01      2   5006
64   64 2020-03-02      2   5264
65   65 2020-03-03      2   5534
66   66 2020-03-04      3   5819
67   67 2020-03-05      8   6118
68   68 2020-03-06     13   6433
69   69 2020-03-07     13   6763
70   70 2020-03-08     25   7111
71   71 2020-03-09     25   7477
72   72 2020-03-10     34   7861
73   73 2020-03-11     52   8265
74   74 2020-03-12     77   8690
75   75 2020-03-13     98   9137
76   76 2020-03-14    121   9607
77   77 2020-03-15    200  10101
78   78 2020-03-16    234  10620
79   79 2020-03-17    291  11166
80   80 2020-03-18    428  11741
81   81 2020-03-19    621  12344
82   82 2020-03-20    904  12979
83   83 2020-03-21   1128  13646
84   84 2020-03-22   1546  14348
85   85 2020-03-23   1891  15086
86   86 2020-03-24   2201  15862
87   87 2020-03-25   2433  16677
88   88 2020-03-26   2915  17535
89   89 2020-03-27   3417  18436
90   90 2020-03-28   3904  19384
91   91 2020-03-29   4256  20381
92   92 2020-03-30   4579  21429
93   93 2020-03-31   5717  22531
94   94 2020-04-01   6836  23689
95   95 2020-04-02   7910  24908
96   96 2020-04-03   9056  26188
97   97 2020-04-04  10278  27535
98   98 2020-04-05  11130  28951
99   99 2020-04-06  12056  30439
100 100 2020-04-07  13717  32004
101 101 2020-04-08  15927  33650
102 102 2020-04-09  17857  35380
103 103 2020-04-10  19638  37200
104 104 2020-04-11  20727  39112
105 105 2020-04-12  22169  41123
106 106 2020-04-13  23430  43238
107 107 2020-04-14  25262  45461
108 108 2020-04-15  28320  47799
109 109 2020-04-16  30425  50257
110 110 2020-04-17  33682  52841
111 111 2020-04-18  36599  55558
112 112 2020-04-19  38654  58415
113 113 2020-04-20  40581  61418
114 114 2020-04-21  43079  64576
115 115 2020-04-22  45757  67897
116 116 2020-04-23  49492  71388
117 117 2020-04-24  52995  75059
118 118 2020-04-25  58509  78918
119 119 2020-04-26  61888  82976
120 120 2020-04-27  66501  87242
121 121 2020-04-28  71886  91728
122 122 2020-04-29  78162  96445
123 123 2020-04-30  85380 101404
124 124 2020-05-01  91589 106618
125 125 2020-05-02  96559 112100
126 126 2020-05-03 101147 117865
127 127 2020-05-04 107780 123925
128 128 2020-05-05 114715 130297
129 129 2020-05-06 125218 136997
130 130 2020-05-07 135106 144041
131 131 2020-05-08 145328 151448
132 132 2020-05-09 155939 159235
133 133 2020-05-10 162699 167423
134 134 2020-05-11 168331 176031
135 135 2020-05-12 177589 185083
136 136 2020-05-13 188974 194600
137 137 2020-05-14 202918 204606
138 138 2020-05-15 218223 215126
139 139 2020-05-16 233142 226188
140 140 2020-05-17 241080 237818
141 141 2020-05-18 254220 250047
142 142 2020-05-19 271628 262904
143 143 2020-05-20 291579 276422
144 144 2020-05-21 310087 290636
145 145 2020-05-22 330890 305580
146 146 2020-05-23 347398 321293
147 147 2020-05-24 363211 337813
148 148 2020-05-25 374898 355183
149 149 2020-05-26 391222 373446
150 150 2020-05-27 411821 392649
151 151 2020-05-28 438238 412838
152 152 2020-05-29 465166 434066
153 153 2020-05-30 498440 456386
154 154 2020-05-31 514849 479853
155 155 2020-06-01 526447 504526
156 156 2020-06-02 555383 530468
157 157 2020-06-03 584016 557745
158 158 2020-06-04 614932 586423
159 159 2020-06-05 645762 616577
160 160 2020-06-06 672837 648281
161 161 2020-06-07 691758 681615
162 162 2020-06-08 707412 716663
163 163 2020-06-09 739503 753513
164 164 2020-06-10 772416 792258
165 165 2020-06-11 802828 832995
166 166 2020-06-12 828810 875827
167 167 2020-06-13 850796 920861

Intervalo de Confianca
       2.5%     97.5%
b  182.6341 246.79843
y0  19.5682  20.32682


Formula: x ~ SSexp(day, b, y0)

Parameters:
    Estimate Std. Error t value        Pr(>|t|)    
b  2156.5686   291.1070   7.408 0.0000756025654 ***
y0   27.9069     0.6445  43.299 0.0000000000893 ***
---
Signif. codes:  0 ‘***’ 0.001 ‘**’ 0.01 ‘*’ 0.05 ‘.’ 0.1 ‘ ’ 1

Residual standard error: 5466 on 8 degrees of freedom

Number of iterations to convergence: 27 
Achieved convergence tolerance: 0.0000000149

Considerando os casos dos últimos 10 dias, temos:
Número de dias para dobrar:  27.9
Razao de crescimento:  2156.57

Todos os dados gerados
    country       dias otimista casos_estimados pessimista estimativa_mortes casos_confirmados mortes_confirmadas latitude longitude
1    Brazil 2019-12-30      193             224        255                11                 0                  0        0         0
2    Brazil 2019-12-31      202             235        268                12                 0                  0        0         0
3    Brazil 2020-01-01      212             247        282                12                 0                  0        0         0
4    Brazil 2020-01-02      224             260        296                13                 0                  0        0         0
5    Brazil 2020-01-03      235             273        311                14                 0                  0        0         0
6    Brazil 2020-01-04      247             287        327                14                 0                  0        0         0
7    Brazil 2020-01-05      260             302        344                15                 0                  0        0         0
8    Brazil 2020-01-06      273             318        363                16                 0                  0        0         0
9    Brazil 2020-01-07      287             334        381                17                 0                  0        0         0
10   Brazil 2020-01-08      302             351        400                18                 0                  0        0         0
11   Brazil 2020-01-09      317             369        421                19                 0                  0        0         0
12   Brazil 2020-01-10      334             388        442                20                 0                  0        0         0
13   Brazil 2020-01-11      351             408        465                21                 0                  0        0         0
14   Brazil 2020-01-12      369             429        489                22                 0                  0        0         0
15   Brazil 2020-01-13      388             451        514                23                 0                  0        0         0
16   Brazil 2020-01-14      408             474        540                24                 0                  0        0         0
17   Brazil 2020-01-15      429             499        569                25                 0                  0        0         0
18   Brazil 2020-01-16      451             524        597                26                 0                  0        0         0
19   Brazil 2020-01-17      474             551        628                28                 0                  0        0         0
20   Brazil 2020-01-18      499             580        661                29                 0                  0        0         0
21   Brazil 2020-01-19      524             609        694                31                 0                  0        0         0
22   Brazil 2020-01-20      551             641        731                32                 0                  0        0         0
23   Brazil 2020-01-21      579             674        769                34                 0                  0        0         0
24   Brazil 2020-01-22      609             708        807                36                 0                  0        0         0
25   Brazil 2020-01-23      641             745        849                37                 0                  0        0         0
26   Brazil 2020-01-24      673             783        893                39                 0                  0        0         0
27   Brazil 2020-01-25      708             823        938                41                 0                  0        0         0
28   Brazil 2020-01-26      745             866        987                44                 0                  0        0         0
29   Brazil 2020-01-27      782             910       1038                46                 0                  0        0         0
30   Brazil 2020-01-28      823             957       1091                48                 0                  0        0         0
31   Brazil 2020-01-29      865            1006       1147                51                 0                  0        0         0
32   Brazil 2020-01-30      910            1058       1206                53                 0                  0        0         0
33   Brazil 2020-01-31      956            1112       1268                56                 0                  0        0         0
34   Brazil 2020-02-01     1006            1170       1334                59                 0                  0        0         0
35   Brazil 2020-02-02     1057            1230       1403                62                 0                  0        0         0
36   Brazil 2020-02-03     1112            1293       1474                65                 0                  0        0         0
37   Brazil 2020-02-04     1168            1359       1550                68                 0                  0        0         0
38   Brazil 2020-02-05     1229            1429       1629                72                 0                  0        0         0
39   Brazil 2020-02-06     1292            1503       1714                76                 0                  0        0         0
40   Brazil 2020-02-07     1358            1580       1802                79                 0                  0        0         0
41   Brazil 2020-02-08     1428            1661       1894                84                 0                  0        0         0
42   Brazil 2020-02-09     1502            1747       1992                88                 0                  0        0         0
43   Brazil 2020-02-10     1578            1836       2094                92                 0                  0        0         0
44   Brazil 2020-02-11     1660            1931       2202                97                 0                  0        0         0
45   Brazil 2020-02-12     1745            2030       2315               102                 0                  0        0         0
46   Brazil 2020-02-13     1836            2135       2434               107                 0                  0        0         0
47   Brazil 2020-02-14     1929            2244       2559               113                 0                  0        0         0
48   Brazil 2020-02-15     2029            2360       2691               119                 0                  0        0         0
49   Brazil 2020-02-16     2133            2481       2829               125                 0                  0        0         0
50   Brazil 2020-02-17     2243            2609       2975               131                 0                  0        0         0
51   Brazil 2020-02-18     2358            2743       3128               138                 0                  0        0         0
52   Brazil 2020-02-19     2480            2884       3288               145                 0                  0        0         0
53   Brazil 2020-02-20     2607            3032       3457               152                 0                  0        0         0
54   Brazil 2020-02-21     2741            3188       3635               160                 0                  0        0         0
55   Brazil 2020-02-22     2882            3352       3822               169                 0                  0        0         0
56   Brazil 2020-02-23     3030            3524       4018               177                 0                  0        0         0
57   Brazil 2020-02-24     3186            3706       4226               186                 0                  0        0         0
58   Brazil 2020-02-25     3350            3896       4442               196                 1                  0        0         0
59   Brazil 2020-02-26     3522            4096       4670               206                 1                  0        0         0
60   Brazil 2020-02-27     3703            4307       4911               217                 1                  0        0         0
61   Brazil 2020-02-28     3893            4528       5163               228                 1                  0        0         0
62   Brazil 2020-02-29     4093            4761       5429               239                 2                  0        0         0
63   Brazil 2020-03-01     4304            5006       5708               252                 2                  0        0         0
64   Brazil 2020-03-02     4526            5264       6002               265                 2                  0        0         0
65   Brazil 2020-03-03     4758            5534       6310               278                 2                  0        0         0
66   Brazil 2020-03-04     5003            5819       6635               293                 3                  0        0         0
67   Brazil 2020-03-05     5260            6118       6976               308                 8                  0        0         0
68   Brazil 2020-03-06     5531            6433       7335               324                13                  0        0         0
69   Brazil 2020-03-07     5814            6763       7712               340                13                  0        0         0
70   Brazil 2020-03-08     6114            7111       8108               358                25                  0        0         0
71   Brazil 2020-03-09     6428            7477       8526               376                25                  0        0         0
72   Brazil 2020-03-10     6758            7861       8964               395                34                  0        0         0
73   Brazil 2020-03-11     7106            8265       9424               416                52                  0        0         0
74   Brazil 2020-03-12     7471            8690       9909               437                77                  0        0         0
75   Brazil 2020-03-13     7855            9137      10419               460                98                  0        0         0
76   Brazil 2020-03-14     8260            9607      10954               483               121                  0        0         0
77   Brazil 2020-03-15     8684           10101      11518               508               200                  0        0         0
78   Brazil 2020-03-16     9131           10620      12109               534               234                  1        0         0
79   Brazil 2020-03-17     9600           11166      12732               562               291                  4        0         0
80   Brazil 2020-03-18    10094           11741      13388               591               428                  6        0         0
81   Brazil 2020-03-19    10613           12344      14075               621               621                 11        0         0
82   Brazil 2020-03-20    11159           12979      14799               653               904                 18        0         0
83   Brazil 2020-03-21    11732           13646      15560               686              1128                 25        0         0
84   Brazil 2020-03-22    12336           14348      16360               722              1546                 34        0         0
85   Brazil 2020-03-23    12970           15086      17202               759              1891                 46        0         0
86   Brazil 2020-03-24    13637           15862      18087               798              2201                 57        0         0
87   Brazil 2020-03-25    14338           16677      19016               839              2433                 77        0         0
88   Brazil 2020-03-26    15076           17535      19994               882              2915                 92        0         0
89   Brazil 2020-03-27    15850           18436      21022               927              3417                114        0         0
90   Brazil 2020-03-28    16665           19384      22103               975              3904                136        0         0
91   Brazil 2020-03-29    17522           20381      23240              1025              4256                159        0         0
92   Brazil 2020-03-30    18423           21429      24435              1078              4579                201        0         0
93   Brazil 2020-03-31    19371           22531      25691              1133              5717                241        0         0
94   Brazil 2020-04-01    20367           23689      27011              1191              6836                299        0         0
95   Brazil 2020-04-02    21415           24908      28401              1253              7910                359        0         0
96   Brazil 2020-04-03    22515           26188      29861              1317              9056                432        0         0
97   Brazil 2020-04-04    23673           27535      31397              1385             10278                486        0         0
98   Brazil 2020-04-05    24891           28951      33011              1456             11130                553        0         0
99   Brazil 2020-04-06    26170           30439      34708              1531             12056                667        0         0
100  Brazil 2020-04-07    27515           32004      36493              1610             13717                800        0         0
101  Brazil 2020-04-08    28930           33650      38370              1692             15927                941        0         0
102  Brazil 2020-04-09    30418           35380      40342              1779             17857               1056        0         0
103  Brazil 2020-04-10    31983           37200      42417              1871             19638               1124        0         0
104  Brazil 2020-04-11    33626           39112      44598              1967             20727               1223        0         0
105  Brazil 2020-04-12    35355           41123      46891              2068             22169               1328        0         0
106  Brazil 2020-04-13    37174           43238      49302              2175             23430               1532        0         0
107  Brazil 2020-04-14    39085           45461      51837              2286             25262               1736        0         0
108  Brazil 2020-04-15    41095           47799      54503              2404             28320               1924        0         0
109  Brazil 2020-04-16    43208           50257      57306              2528             30425               2141        0         0
110  Brazil 2020-04-17    45430           52841      60252              2658             33682               2347        0         0
111  Brazil 2020-04-18    47766           55558      63350              2794             36599               2462        0         0
112  Brazil 2020-04-19    50222           58415      66608              2938             38654               2575        0         0
113  Brazil 2020-04-20    52804           61418      70032              3089             40581               2741        0         0
114  Brazil 2020-04-21    55519           64576      73633              3248             43079               2906        0         0
115  Brazil 2020-04-22    58374           67897      77420              3415             45757               3313        0         0
116  Brazil 2020-04-23    61376           71388      81400              3590             49492               3670        0         0
117  Brazil 2020-04-24    64532           75059      85586              3775             52995               4016        0         0
118  Brazil 2020-04-25    67849           78918      89987              3969             58509               4205        0         0
119  Brazil 2020-04-26    71338           82976      94614              4173             61888               4543        0         0
120  Brazil 2020-04-27    75006           87242      99478              4388             66501               5017        0         0
121  Brazil 2020-04-28    78863           91728     104593              4613             71886               5466        0         0
122  Brazil 2020-04-29    82918           96445     109972              4851             78162               5901        0         0
123  Brazil 2020-04-30    87182          101404     115626              5100             85380               6329        0         0
124  Brazil 2020-05-01    91664          106618     121572              5362             91589               6750        0         0
125  Brazil 2020-05-02    96378          112100     127822              5638             96559               7025        0         0
126  Brazil 2020-05-03   101334          117865     134396              5928            101147               7321        0         0
127  Brazil 2020-05-04   106544          123925     141306              6233            107780               7921        0         0
128  Brazil 2020-05-05   112022          130297     148572              6553            114715               8536        0         0
129  Brazil 2020-05-06   117783          136997     156211              6890            125218               9146        0         0
130  Brazil 2020-05-07   123839          144041     164243              7245            135106               9897        0         0
131  Brazil 2020-05-08   130207          151448     172689              7617            145328              10627        0         0
132  Brazil 2020-05-09   136902          159235     181568              8009            155939              11123        0         0
133  Brazil 2020-05-10   143941          167423     190905              8421            162699              11519        0         0
134  Brazil 2020-05-11   151342          176031     200720              8854            168331              12400        0         0
135  Brazil 2020-05-12   159124          185083     211042              9309            177589              13149        0         0
136  Brazil 2020-05-13   167307          194600     221893              9787            188974              13993        0         0
137  Brazil 2020-05-14   175909          204606     233303             10291            202918              14817        0         0
138  Brazil 2020-05-15   184954          215126     245298             10820            218223              15633        0         0
139  Brazil 2020-05-16   194464          226188     257912             11376            233142              16118        0         0
140  Brazil 2020-05-17   204463          237818     271173             11961            241080              16792        0         0
141  Brazil 2020-05-18   214977          250047     285117             12576            254220              17971        0         0
142  Brazil 2020-05-19   226031          262904     299777             13223            271628              18859        0         0
143  Brazil 2020-05-20   237653          276422     315191             13903            291579              20047        0         0
144  Brazil 2020-05-21   249873          290636     331399             14618            310087              21048        0         0
145  Brazil 2020-05-22   262721          305580     348439             15369            330890              22013        0         0
146  Brazil 2020-05-23   276230          321293     366356             16160            347398              22666        0         0
147  Brazil 2020-05-24   290433          337813     385193             16990            363211              23473        0         0
148  Brazil 2020-05-25   305367          355183     404999             17864            374898              24512        0         0
149  Brazil 2020-05-26   321069          373446     425823             18783            391222              25598        0         0
150  Brazil 2020-05-27   337578          392649     447720             19748            411821              26754        0         0
151  Brazil 2020-05-28   354936          412838     470740             20764            438238              27878        0         0
152  Brazil 2020-05-29   373186          434066     494946             21831            465166              28834        0         0
153  Brazil 2020-05-30   392376          456386     520396             22954            498440              29314        0         0
154  Brazil 2020-05-31   412552          479853     547154             24134            514849              29937        0         0
155  Brazil 2020-06-01   433764          504526     575288             25375            526447              31199        0         0
156  Brazil 2020-06-02   456068          530468     604868             26680            555383              32548        0         0
157  Brazil 2020-06-03   479519          557745     635971             28052            584016              34021        0         0
158  Brazil 2020-06-04   504175          586423     668671             29494            614932              35026        0         0
159  Brazil 2020-06-05   530100          616577     703054             31011            645762              35930        0         0
160  Brazil 2020-06-06   557357          648281     739205             32605            672837              36455        0         0
161  Brazil 2020-06-07   586016          681615     777214             34282            691758              37134        0         0
162  Brazil 2020-06-08   616148          716663     817178             36045            707412              38406        0         0
163  Brazil 2020-06-09   647830          753513     859196             37898            739503              39680        0         0
164  Brazil 2020-06-10   681141          792258     903375             39847            772416              40919        0         0
165  Brazil 2020-06-11   716164          832995     949826             41896            802828              41828        0         0
166  Brazil 2020-06-12   752989          875827     998665             44050            828810              42791        0         0
167  Brazil 2020-06-13   791706          920861    1050016             46315            850796              42791        0         0
168  Brazil 2020-06-14   832415          968211    1104007             48696                NA                 NA        0         0
169  Brazil 2020-06-15   875218         1017996    1160774             51200                NA                 NA        0         0
170  Brazil 2020-06-16   920220         1070340    1220460             53833                NA                 NA        0         0
171  Brazil 2020-06-17   967537         1125376    1283215             56601                NA                 NA        0         0
172  Brazil 2020-06-18  1017287         1183242    1349197             59511                NA                 NA        0         0
173  Brazil 2020-06-19  1069595         1244083    1418571             62571                NA                 NA        0         0
174  Brazil 2020-06-20  1124593         1308053    1491513             65789                NA                 NA        0         0

Fontes:
	OMS - https://ourworldindata.org/coronavirus-source-data
	Worldometers - https://www.worldometers.info/coronavirus