
 Brazil 
Projecao:  10  dias
Gerado em:  2020-07-30 09:05:09
RMSE(%):  21.3 , BIAS(%): 6.93

Taxa de Mortalidade 3.53 %

    country       dias otimista casos_estimados pessimista estimativa_mortes casos_confirmados mortes_confirmadas latitude longitude
205  Brazil 2020-07-21  1760546         2237606    2714666             78968           2159654              82771        0         0
206  Brazil 2020-07-22  1810661         2301301    2791941             81216           2227514              84082        0         0
207  Brazil 2020-07-23  1862203         2366809    2871415             83528           2287475              85238        0         0
208  Brazil 2020-07-24  1915212         2434182    2953152             85906           2343366              86449        0         0
209  Brazil 2020-07-25  1969730         2503473    3037216             88351           2394513              87004        0         0
210  Brazil 2020-07-26  2025800         2574736    3123672             90866           2419091              87618        0         0
211  Brazil 2020-07-27  2083465         2648027    3212589             93453           2442375              88539        0         0
212  Brazil 2020-07-28  2142772         2723405    3304038             96113           2483191              90134        0         0
213  Brazil 2020-07-29  2203768         2800929    3398090             98849           2552265              90188        0         0
214  Brazil 2020-07-30  2266500         2880659    3494818            101663           2555518              90188        0         0
215  Brazil 2020-07-31  2331017         2962659    3594301            104557                NA                 NA        0         0
216  Brazil 2020-08-01  2397371         3046993    3696615            107533                NA                 NA        0         0
217  Brazil 2020-08-02  2465614         3133728    3801842            110594                NA                 NA        0         0
218  Brazil 2020-08-03  2535799         3222931    3910063            113742                NA                 NA        0         0
219  Brazil 2020-08-04  2607982         3314674    4021366            116980                NA                 NA        0         0
220  Brazil 2020-08-05  2682221         3409029    4135837            120310                NA                 NA        0         0
221  Brazil 2020-08-06  2758572         3506069    4253566            123734                NA                 NA        0         0
222  Brazil 2020-08-07  2837096         3605872    4374648            127257                NA                 NA        0         0
223  Brazil 2020-08-08  2917856         3708515    4499174            130879                NA                 NA        0         0
224  Brazil 2020-08-09  3000914         3814080    4627246            134605                NA                 NA        0         0

Total de casos no mundo:  17217112 5360200 3952480 4146591 2842886 896202 18032 721 17217112

Estimados a partir dos dados da OMS:
    day       date       x    xest
1     1 2019-12-30       0    7296
2     2 2019-12-31       0    7503
3     3 2020-01-01       0    7717
4     4 2020-01-02       0    7937
5     5 2020-01-03       0    8163
6     6 2020-01-04       0    8395
7     7 2020-01-05       0    8634
8     8 2020-01-06       0    8880
9     9 2020-01-07       0    9132
10   10 2020-01-08       0    9392
11   11 2020-01-09       0    9660
12   12 2020-01-10       0    9935
13   13 2020-01-11       0   10217
14   14 2020-01-12       0   10508
15   15 2020-01-13       0   10807
16   16 2020-01-14       0   11115
17   17 2020-01-15       0   11431
18   18 2020-01-16       0   11757
19   19 2020-01-17       0   12092
20   20 2020-01-18       0   12436
21   21 2020-01-19       0   12790
22   22 2020-01-20       0   13154
23   23 2020-01-21       0   13528
24   24 2020-01-22       0   13913
25   25 2020-01-23       0   14309
26   26 2020-01-24       0   14717
27   27 2020-01-25       0   15136
28   28 2020-01-26       0   15566
29   29 2020-01-27       0   16010
30   30 2020-01-28       0   16465
31   31 2020-01-29       0   16934
32   32 2020-01-30       0   17416
33   33 2020-01-31       0   17912
34   34 2020-02-01       0   18422
35   35 2020-02-02       0   18946
36   36 2020-02-03       0   19485
37   37 2020-02-04       0   20040
38   38 2020-02-05       0   20610
39   39 2020-02-06       0   21197
40   40 2020-02-07       0   21800
41   41 2020-02-08       0   22421
42   42 2020-02-09       0   23059
43   43 2020-02-10       0   23716
44   44 2020-02-11       0   24391
45   45 2020-02-12       0   25085
46   46 2020-02-13       0   25799
47   47 2020-02-14       0   26534
48   48 2020-02-15       0   27289
49   49 2020-02-16       0   28066
50   50 2020-02-17       0   28865
51   51 2020-02-18       0   29686
52   52 2020-02-19       0   30531
53   53 2020-02-20       0   31400
54   54 2020-02-21       0   32294
55   55 2020-02-22       0   33213
56   56 2020-02-23       0   34159
57   57 2020-02-24       0   35131
58   58 2020-02-25       1   36131
59   59 2020-02-26       1   37160
60   60 2020-02-27       1   38218
61   61 2020-02-28       1   39305
62   62 2020-02-29       2   40424
63   63 2020-03-01       2   41575
64   64 2020-03-02       2   42758
65   65 2020-03-03       2   43976
66   66 2020-03-04       3   45227
67   67 2020-03-05       8   46515
68   68 2020-03-06      13   47839
69   69 2020-03-07      13   49201
70   70 2020-03-08      25   50601
71   71 2020-03-09      25   52042
72   72 2020-03-10      34   53523
73   73 2020-03-11      52   55047
74   74 2020-03-12      77   56613
75   75 2020-03-13      98   58225
76   76 2020-03-14     121   59882
77   77 2020-03-15     200   61587
78   78 2020-03-16     234   63340
79   79 2020-03-17     291   65143
80   80 2020-03-18     428   66997
81   81 2020-03-19     621   68905
82   82 2020-03-20     904   70866
83   83 2020-03-21    1128   72883
84   84 2020-03-22    1546   74958
85   85 2020-03-23    1891   77092
86   86 2020-03-24    2201   79286
87   87 2020-03-25    2433   81543
88   88 2020-03-26    2915   83864
89   89 2020-03-27    3417   86251
90   90 2020-03-28    3904   88707
91   91 2020-03-29    4256   91232
92   92 2020-03-30    4579   93829
93   93 2020-03-31    5717   96500
94   94 2020-04-01    6836   99247
95   95 2020-04-02    7910  102072
96   96 2020-04-03    9056  104977
97   97 2020-04-04   10278  107966
98   98 2020-04-05   11130  111039
99   99 2020-04-06   12056  114200
100 100 2020-04-07   13717  117450
101 101 2020-04-08   15927  120794
102 102 2020-04-09   17857  124232
103 103 2020-04-10   19638  127769
104 104 2020-04-11   20727  131406
105 105 2020-04-12   22169  135146
106 106 2020-04-13   23430  138993
107 107 2020-04-14   25262  142950
108 108 2020-04-15   28320  147019
109 109 2020-04-16   30425  151204
110 110 2020-04-17   33682  155508
111 111 2020-04-18   36599  159935
112 112 2020-04-19   38654  164487
113 113 2020-04-20   40581  169169
114 114 2020-04-21   43079  173985
115 115 2020-04-22   45757  178938
116 116 2020-04-23   49492  184031
117 117 2020-04-24   52995  189270
118 118 2020-04-25   58509  194657
119 119 2020-04-26   61888  200198
120 120 2020-04-27   66501  205897
121 121 2020-04-28   71886  211758
122 122 2020-04-29   78162  217786
123 123 2020-04-30   85380  223985
124 124 2020-05-01   91589  230361
125 125 2020-05-02   96559  236919
126 126 2020-05-03  101147  243663
127 127 2020-05-04  107780  250599
128 128 2020-05-05  114715  257732
129 129 2020-05-06  125218  265069
130 130 2020-05-07  135106  272614
131 131 2020-05-08  145328  280374
132 132 2020-05-09  155939  288355
133 133 2020-05-10  162699  296564
134 134 2020-05-11  168331  305006
135 135 2020-05-12  177589  313688
136 136 2020-05-13  188974  322617
137 137 2020-05-14  202918  331801
138 138 2020-05-15  218223  341245
139 139 2020-05-16  233142  350959
140 140 2020-05-17  241080  360950
141 141 2020-05-18  254220  371224
142 142 2020-05-19  271628  381791
143 143 2020-05-20  291579  392659
144 144 2020-05-21  310087  403837
145 145 2020-05-22  330890  415332
146 146 2020-05-23  347398  427155
147 147 2020-05-24  363211  439314
148 148 2020-05-25  374898  451819
149 149 2020-05-26  391222  464681
150 150 2020-05-27  411821  477908
151 151 2020-05-28  438238  491512
152 152 2020-05-29  465166  505503
153 153 2020-05-30  498440  519893
154 154 2020-05-31  514849  534692
155 155 2020-06-01  526447  549912
156 156 2020-06-02  555383  565566
157 157 2020-06-03  584016  581665
158 158 2020-06-04  614932  598223
159 159 2020-06-05  645762  615252
160 160 2020-06-06  672837  632765
161 161 2020-06-07  691758  650777
162 162 2020-06-08  707412  669302
163 163 2020-06-09  739503  688354
164 164 2020-06-10  772416  707949
165 165 2020-06-11  802828  728101
166 166 2020-06-12  828810  748827
167 167 2020-06-13  850514  770143
168 168 2020-06-14  867624  792065
169 169 2020-06-15  888271  814612
170 170 2020-06-16  923189  837800
171 171 2020-06-17  955377  861649
172 172 2020-06-18  978142  886176
173 173 2020-06-19 1032913  911402
174 174 2020-06-20 1067579  937346
175 175 2020-06-21 1085038  964028
176 176 2020-06-22 1106470  991470
177 177 2020-06-23 1145906 1019692
178 178 2020-06-24 1188631 1048719
179 179 2020-06-25 1228114 1078571
180 180 2020-06-26 1274974 1109273
181 181 2020-06-27 1313667 1140850
182 182 2020-06-28 1344143 1173325
183 183 2020-06-29 1368195 1206724
184 184 2020-06-30 1402041 1241074
185 185 2020-07-01 1448753 1276402
186 186 2020-07-02 1496858 1312736
187 187 2020-07-03 1539081 1350104
188 188 2020-07-04 1577004 1388536
189 189 2020-07-05 1603055 1428061
190 190 2020-07-06 1623284 1468712
191 191 2020-07-07 1668589 1510520
192 192 2020-07-08 1713160 1553518
193 193 2020-07-09 1755779 1597740
194 194 2020-07-10 1800827 1643220
195 195 2020-07-11 1839850 1689996
196 196 2020-07-12 1864681 1738103
197 197 2020-07-13 1884967 1787579
198 198 2020-07-14 1926824 1838463
199 199 2020-07-15 1966748 1890797
200 200 2020-07-16 2012151 1944619
201 201 2020-07-17 2046328 1999974
202 202 2020-07-18 2074860 2056905
203 203 2020-07-19 2098389 2115456
204 204 2020-07-20 2118646 2175674
205 205 2020-07-21 2159654 2237606
206 206 2020-07-22 2227514 2301301
207 207 2020-07-23 2287475 2366809
208 208 2020-07-24 2343366 2434182
209 209 2020-07-25 2394513 2503473
210 210 2020-07-26 2419091 2574736
211 211 2020-07-27 2442375 2648027
212 212 2020-07-28 2483191 2723405
213 213 2020-07-29 2552265 2800929
214 214 2020-07-30 2555518 2880659

Intervalo de Confianca
         2.5%      97.5%
b  6048.46220 8279.42836
y0   34.63421   36.65064


Formula: x ~ SSexp(day, b, y0)

Parameters:
    Estimate Std. Error t value    Pr(>|t|)    
b  54687.139  12756.550   4.287     0.00266 ** 
y0    55.502      3.425  16.206 0.000000211 ***
---
Signif. codes:  0 ‘***’ 0.001 ‘**’ 0.01 ‘*’ 0.05 ‘.’ 0.1 ‘ ’ 1

Residual standard error: 24050 on 8 degrees of freedom

Number of iterations to convergence: 32 
Achieved convergence tolerance: 0.0000000149

Considerando os casos dos últimos 10 dias, temos:
Número de dias para dobrar:  55.5
Razao de crescimento:  54687.14

Todos os dados gerados
    country       dias otimista casos_estimados pessimista estimativa_mortes casos_confirmados mortes_confirmadas latitude longitude
1    Brazil 2019-12-30     5740            7296       8852               257                 0                  0        0         0
2    Brazil 2019-12-31     5903            7503       9103               265                 0                  0        0         0
3    Brazil 2020-01-01     6072            7717       9362               272                 0                  0        0         0
4    Brazil 2020-01-02     6245            7937       9629               280                 0                  0        0         0
5    Brazil 2020-01-03     6423            8163       9903               288                 0                  0        0         0
6    Brazil 2020-01-04     6605            8395      10185               296                 0                  0        0         0
7    Brazil 2020-01-05     6793            8634      10475               305                 0                  0        0         0
8    Brazil 2020-01-06     6987            8880      10773               313                 0                  0        0         0
9    Brazil 2020-01-07     7185            9132      11079               322                 0                  0        0         0
10   Brazil 2020-01-08     7390            9392      11394               331                 0                  0        0         0
11   Brazil 2020-01-09     7600            9660      11720               341                 0                  0        0         0
12   Brazil 2020-01-10     7817            9935      12053               351                 0                  0        0         0
13   Brazil 2020-01-11     8039           10217      12395               361                 0                  0        0         0
14   Brazil 2020-01-12     8268           10508      12748               371                 0                  0        0         0
15   Brazil 2020-01-13     8503           10807      13111               381                 0                  0        0         0
16   Brazil 2020-01-14     8745           11115      13485               392                 0                  0        0         0
17   Brazil 2020-01-15     8994           11431      13868               403                 0                  0        0         0
18   Brazil 2020-01-16     9250           11757      14264               415                 0                  0        0         0
19   Brazil 2020-01-17     9514           12092      14670               427                 0                  0        0         0
20   Brazil 2020-01-18     9785           12436      15087               439                 0                  0        0         0
21   Brazil 2020-01-19    10063           12790      15517               451                 0                  0        0         0
22   Brazil 2020-01-20    10350           13154      15958               464                 0                  0        0         0
23   Brazil 2020-01-21    10644           13528      16412               477                 0                  0        0         0
24   Brazil 2020-01-22    10947           13913      16879               491                 0                  0        0         0
25   Brazil 2020-01-23    11258           14309      17360               505                 0                  0        0         0
26   Brazil 2020-01-24    11579           14717      17855               519                 0                  0        0         0
27   Brazil 2020-01-25    11909           15136      18363               534                 0                  0        0         0
28   Brazil 2020-01-26    12247           15566      18885               549                 0                  0        0         0
29   Brazil 2020-01-27    12597           16010      19423               565                 0                  0        0         0
30   Brazil 2020-01-28    12955           16465      19975               581                 0                  0        0         0
31   Brazil 2020-01-29    13324           16934      20544               598                 0                  0        0         0
32   Brazil 2020-01-30    13703           17416      21129               615                 0                  0        0         0
33   Brazil 2020-01-31    14093           17912      21731               632                 0                  0        0         0
34   Brazil 2020-02-01    14494           18422      22350               650                 0                  0        0         0
35   Brazil 2020-02-02    14907           18946      22985               669                 0                  0        0         0
36   Brazil 2020-02-03    15331           19485      23639               688                 0                  0        0         0
37   Brazil 2020-02-04    15767           20040      24313               707                 0                  0        0         0
38   Brazil 2020-02-05    16216           20610      25004               727                 0                  0        0         0
39   Brazil 2020-02-06    16678           21197      25716               748                 0                  0        0         0
40   Brazil 2020-02-07    17152           21800      26448               769                 0                  0        0         0
41   Brazil 2020-02-08    17641           22421      27201               791                 0                  0        0         0
42   Brazil 2020-02-09    18143           23059      27975               814                 0                  0        0         0
43   Brazil 2020-02-10    18660           23716      28772               837                 0                  0        0         0
44   Brazil 2020-02-11    19191           24391      29591               861                 0                  0        0         0
45   Brazil 2020-02-12    19737           25085      30433               885                 0                  0        0         0
46   Brazil 2020-02-13    20299           25799      31299               910                 0                  0        0         0
47   Brazil 2020-02-14    20877           26534      32191               936                 0                  0        0         0
48   Brazil 2020-02-15    21471           27289      33107               963                 0                  0        0         0
49   Brazil 2020-02-16    22082           28066      34050               990                 0                  0        0         0
50   Brazil 2020-02-17    22711           28865      35019              1019                 0                  0        0         0
51   Brazil 2020-02-18    23357           29686      36015              1048                 0                  0        0         0
52   Brazil 2020-02-19    24022           30531      37040              1077                 0                  0        0         0
53   Brazil 2020-02-20    24705           31400      38095              1108                 0                  0        0         0
54   Brazil 2020-02-21    25409           32294      39179              1140                 0                  0        0         0
55   Brazil 2020-02-22    26132           33213      40294              1172                 0                  0        0         0
56   Brazil 2020-02-23    26876           34159      41442              1206                 0                  0        0         0
57   Brazil 2020-02-24    27641           35131      42621              1240                 0                  0        0         0
58   Brazil 2020-02-25    28428           36131      43834              1275                 1                  0        0         0
59   Brazil 2020-02-26    29237           37160      45083              1311                 1                  0        0         0
60   Brazil 2020-02-27    30070           38218      46366              1349                 1                  0        0         0
61   Brazil 2020-02-28    30925           39305      47685              1387                 1                  0        0         0
62   Brazil 2020-02-29    31806           40424      49042              1427                 2                  0        0         0
63   Brazil 2020-03-01    32711           41575      50439              1467                 2                  0        0         0
64   Brazil 2020-03-02    33642           42758      51874              1509                 2                  0        0         0
65   Brazil 2020-03-03    34600           43976      53352              1552                 2                  0        0         0
66   Brazil 2020-03-04    35585           45227      54869              1596                 3                  0        0         0
67   Brazil 2020-03-05    36598           46515      56432              1642                 8                  0        0         0
68   Brazil 2020-03-06    37640           47839      58038              1688                13                  0        0         0
69   Brazil 2020-03-07    38711           49201      59691              1736                13                  0        0         0
70   Brazil 2020-03-08    39813           50601      61389              1786                25                  0        0         0
71   Brazil 2020-03-09    40947           52042      63137              1837                25                  0        0         0
72   Brazil 2020-03-10    42112           53523      64934              1889                34                  0        0         0
73   Brazil 2020-03-11    43311           55047      66783              1943                52                  0        0         0
74   Brazil 2020-03-12    44543           56613      68683              1998                77                  0        0         0
75   Brazil 2020-03-13    45811           58225      70639              2055                98                  0        0         0
76   Brazil 2020-03-14    47115           59882      72649              2113               121                  0        0         0
77   Brazil 2020-03-15    48457           61587      74717              2173               200                  0        0         0
78   Brazil 2020-03-16    49836           63340      76844              2235               234                  1        0         0
79   Brazil 2020-03-17    51254           65143      79032              2299               291                  4        0         0
80   Brazil 2020-03-18    52713           66997      81281              2364               428                  6        0         0
81   Brazil 2020-03-19    54214           68905      83596              2432               621                 11        0         0
82   Brazil 2020-03-20    55757           70866      85975              2501               904                 18        0         0
83   Brazil 2020-03-21    57344           72883      88422              2572              1128                 25        0         0
84   Brazil 2020-03-22    58977           74958      90939              2645              1546                 34        0         0
85   Brazil 2020-03-23    60656           77092      93528              2721              1891                 46        0         0
86   Brazil 2020-03-24    62382           79286      96190              2798              2201                 57        0         0
87   Brazil 2020-03-25    64158           81543      98928              2878              2433                 77        0         0
88   Brazil 2020-03-26    65984           83864     101744              2960              2915                 92        0         0
89   Brazil 2020-03-27    67862           86251     104640              3044              3417                114        0         0
90   Brazil 2020-03-28    69795           88707     107619              3131              3904                136        0         0
91   Brazil 2020-03-29    71781           91232     110683              3220              4256                159        0         0
92   Brazil 2020-03-30    73825           93829     113833              3311              4579                201        0         0
93   Brazil 2020-03-31    75926           96500     117074              3406              5717                241        0         0
94   Brazil 2020-04-01    78087           99247     120407              3503              6836                299        0         0
95   Brazil 2020-04-02    80310          102072     123834              3602              7910                359        0         0
96   Brazil 2020-04-03    82596          104977     127358              3705              9056                432        0         0
97   Brazil 2020-04-04    84948          107966     130984              3810             10278                486        0         0
98   Brazil 2020-04-05    87365          111039     134713              3919             11130                553        0         0
99   Brazil 2020-04-06    89852          114200     138548              4030             12056                667        0         0
100  Brazil 2020-04-07    92410          117450     142490              4145             13717                800        0         0
101  Brazil 2020-04-08    95041          120794     146547              4263             15927                941        0         0
102  Brazil 2020-04-09    97746          124232     150718              4384             17857               1056        0         0
103  Brazil 2020-04-10   100529          127769     155009              4509             19638               1124        0         0
104  Brazil 2020-04-11   103390          131406     159422              4638             20727               1223        0         0
105  Brazil 2020-04-12   106333          135146     163959              4770             22169               1328        0         0
106  Brazil 2020-04-13   109360          138993     168626              4905             23430               1532        0         0
107  Brazil 2020-04-14   112473          142950     173427              5045             25262               1736        0         0
108  Brazil 2020-04-15   115674          147019     178364              5189             28320               1924        0         0
109  Brazil 2020-04-16   118967          151204     183441              5336             30425               2141        0         0
110  Brazil 2020-04-17   122354          155508     188662              5488             33682               2347        0         0
111  Brazil 2020-04-18   125837          159935     194033              5644             36599               2462        0         0
112  Brazil 2020-04-19   129418          164487     199556              5805             38654               2575        0         0
113  Brazil 2020-04-20   133102          169169     205236              5970             40581               2741        0         0
114  Brazil 2020-04-21   136891          173985     211079              6140             43079               2906        0         0
115  Brazil 2020-04-22   140788          178938     217088              6315             45757               3313        0         0
116  Brazil 2020-04-23   144795          184031     223267              6495             49492               3670        0         0
117  Brazil 2020-04-24   148917          189270     229623              6680             52995               4016        0         0
118  Brazil 2020-04-25   153156          194657     236158              6870             58509               4205        0         0
119  Brazil 2020-04-26   157516          200198     242880              7065             61888               4543        0         0
120  Brazil 2020-04-27   162000          205897     249794              7266             66501               5017        0         0
121  Brazil 2020-04-28   166611          211758     256905              7473             71886               5466        0         0
122  Brazil 2020-04-29   171354          217786     264218              7686             78162               5901        0         0
123  Brazil 2020-04-30   176231          223985     271739              7905             85380               6329        0         0
124  Brazil 2020-05-01   181248          230361     279474              8130             91589               6750        0         0
125  Brazil 2020-05-02   186408          236919     287430              8361             96559               7025        0         0
126  Brazil 2020-05-03   191714          243663     295612              8599            101147               7321        0         0
127  Brazil 2020-05-04   197171          250599     304027              8844            107780               7921        0         0
128  Brazil 2020-05-05   202783          257732     312681              9096            114715               8536        0         0
129  Brazil 2020-05-06   208556          265069     321582              9355            125218               9146        0         0
130  Brazil 2020-05-07   214492          272614     330736              9621            135106               9897        0         0
131  Brazil 2020-05-08   220598          280374     340150              9895            145328              10627        0         0
132  Brazil 2020-05-09   226877          288355     349833             10176            155939              11123        0         0
133  Brazil 2020-05-10   233336          296564     359792             10466            162699              11519        0         0
134  Brazil 2020-05-11   239978          305006     370034             10764            168331              12400        0         0
135  Brazil 2020-05-12   246809          313688     380567             11071            177589              13149        0         0
136  Brazil 2020-05-13   253835          322617     391399             11386            188974              13993        0         0
137  Brazil 2020-05-14   261061          331801     402541             11710            202918              14817        0         0
138  Brazil 2020-05-15   268491          341245     413999             12043            218223              15633        0         0
139  Brazil 2020-05-16   276134          350959     425784             12386            233142              16118        0         0
140  Brazil 2020-05-17   283995          360950     437905             12738            241080              16792        0         0
141  Brazil 2020-05-18   292079          371224     450369             13101            254220              17971        0         0
142  Brazil 2020-05-19   300393          381791     463189             13474            271628              18859        0         0
143  Brazil 2020-05-20   308944          392659     476374             13858            291579              20047        0         0
144  Brazil 2020-05-21   317739          403837     489935             14252            310087              21048        0         0
145  Brazil 2020-05-22   326783          415332     503881             14658            330890              22013        0         0
146  Brazil 2020-05-23   336085          427155     518225             15075            347398              22666        0         0
147  Brazil 2020-05-24   345652          439314     532976             15504            363211              23473        0         0
148  Brazil 2020-05-25   355491          451819     548147             15945            374898              24512        0         0
149  Brazil 2020-05-26   365611          464681     563751             16399            391222              25598        0         0
150  Brazil 2020-05-27   376018          477908     579798             16866            411821              26754        0         0
151  Brazil 2020-05-28   386721          491512     596303             17346            438238              27878        0         0
152  Brazil 2020-05-29   397729          505503     613277             17840            465166              28834        0         0
153  Brazil 2020-05-30   409051          519893     630735             18348            498440              29314        0         0
154  Brazil 2020-05-31   420695          534692     648689             18870            514849              29937        0         0
155  Brazil 2020-06-01   432670          549912     667154             19407            526447              31199        0         0
156  Brazil 2020-06-02   444987          565566     686145             19960            555383              32548        0         0
157  Brazil 2020-06-03   457653          581665     705677             20528            584016              34021        0         0
158  Brazil 2020-06-04   470681          598223     725765             21112            614932              35026        0         0
159  Brazil 2020-06-05   484080          615252     746424             21713            645762              35930        0         0
160  Brazil 2020-06-06   497859          632765     767671             22331            672837              36455        0         0
161  Brazil 2020-06-07   512031          650777     789523             22967            691758              37134        0         0
162  Brazil 2020-06-08   526606          669302     811998             23621            707412              38406        0         0
163  Brazil 2020-06-09   541596          688354     835112             24293            739503              39680        0         0
164  Brazil 2020-06-10   557014          707949     858884             24985            772416              40919        0         0
165  Brazil 2020-06-11   572869          728101     883333             25696            802828              41828        0         0
166  Brazil 2020-06-12   589176          748827     908478             26427            828810              42720        0         0
167  Brazil 2020-06-13   605948          770143     934338             27179            850514              43332        0         0
168  Brazil 2020-06-14   623196          792065     960934             27953            867624              43959        0         0
169  Brazil 2020-06-15   640936          814612     988288             28749            888271              45241        0         0
170  Brazil 2020-06-16   659180          837800    1016420             29567            923189              46510        0         0
171  Brazil 2020-06-17   677945          861649    1045353             30409            955377              47748        0         0
172  Brazil 2020-06-18   697242          886176    1075110             31274            978142              48954        0         0
173  Brazil 2020-06-19   717090          911402    1105714             32165           1032913              49976        0         0
174  Brazil 2020-06-20   737503          937346    1137189             33080           1067579              50617        0         0
175  Brazil 2020-06-21   758496          964028    1169560             34022           1085038              51271        0         0
176  Brazil 2020-06-22   780088          991470    1202852             34990           1106470              52645        0         0
177  Brazil 2020-06-23   802293         1019692    1237091             35986           1145906              53830        0         0
178  Brazil 2020-06-24   825131         1048719    1272307             37011           1188631              54971        0         0
179  Brazil 2020-06-25   848619         1078571    1308523             38064           1228114              55961        0         0
180  Brazil 2020-06-26   872775         1109273    1345771             39148           1274974              57070        0         0
181  Brazil 2020-06-27   897620         1140850    1384080             40262           1313667              57622        0         0
182  Brazil 2020-06-28   923171         1173325    1423479             41408           1344143              58314        0         0
183  Brazil 2020-06-29   949449         1206724    1463999             42587           1368195              59594        0         0
184  Brazil 2020-06-30   976476         1241074    1505672             43799           1402041              60632        0         0
185  Brazil 2020-07-01  1004272         1276402    1548532             45046           1448753              61884        0         0
186  Brazil 2020-07-02  1032859         1312736    1592613             46328           1496858              63174        0         0
187  Brazil 2020-07-03  1062260         1350104    1637948             47647           1539081              64265        0         0
188  Brazil 2020-07-04  1092499         1388536    1684573             49003           1577004              64867        0         0
189  Brazil 2020-07-05  1123597         1428061    1732525             50398           1603055              65487        0         0
190  Brazil 2020-07-06  1155581         1468712    1781843             51833           1623284              66741        0         0
191  Brazil 2020-07-07  1188476         1510520    1832564             53308           1668589              67964        0         0
192  Brazil 2020-07-08  1222306         1553518    1884730             54826           1713160              69184        0         0
193  Brazil 2020-07-09  1257100         1597740    1938380             56387           1755779              70398        0         0
194  Brazil 2020-07-10  1292884         1643220    1993556             57992           1800827              71469        0         0
195  Brazil 2020-07-11  1329687         1689996    2050305             59642           1839850              72100        0         0
196  Brazil 2020-07-12  1367538         1738103    2108668             61340           1864681              72833        0         0
197  Brazil 2020-07-13  1406465         1787579    2168693             63086           1884967              74133        0         0
198  Brazil 2020-07-14  1446501         1838463    2230425             64882           1926824              75366        0         0
199  Brazil 2020-07-15  1487677         1890797    2293917             66729           1966748              76688        0         0
200  Brazil 2020-07-16  1530024         1944619    2359214             68628           2012151              77851        0         0
201  Brazil 2020-07-17  1573578         1999974    2426370             70582           2046328              78772        0         0
202  Brazil 2020-07-18  1618371         2056905    2495439             72591           2074860              79488        0         0
203  Brazil 2020-07-19  1664439         2115456    2566473             74658           2098389              80120        0         0
204  Brazil 2020-07-20  1711818         2175674    2639530             76783           2118646              81487        0         0
205  Brazil 2020-07-21  1760546         2237606    2714666             78968           2159654              82771        0         0
206  Brazil 2020-07-22  1810661         2301301    2791941             81216           2227514              84082        0         0
207  Brazil 2020-07-23  1862203         2366809    2871415             83528           2287475              85238        0         0
208  Brazil 2020-07-24  1915212         2434182    2953152             85906           2343366              86449        0         0
209  Brazil 2020-07-25  1969730         2503473    3037216             88351           2394513              87004        0         0
210  Brazil 2020-07-26  2025800         2574736    3123672             90866           2419091              87618        0         0
211  Brazil 2020-07-27  2083465         2648027    3212589             93453           2442375              88539        0         0
212  Brazil 2020-07-28  2142772         2723405    3304038             96113           2483191              90134        0         0
213  Brazil 2020-07-29  2203768         2800929    3398090             98849           2552265              90188        0         0
214  Brazil 2020-07-30  2266500         2880659    3494818            101663           2555518              90188        0         0
215  Brazil 2020-07-31  2331017         2962659    3594301            104557                NA                 NA        0         0
216  Brazil 2020-08-01  2397371         3046993    3696615            107533                NA                 NA        0         0
217  Brazil 2020-08-02  2465614         3133728    3801842            110594                NA                 NA        0         0
218  Brazil 2020-08-03  2535799         3222931    3910063            113742                NA                 NA        0         0
219  Brazil 2020-08-04  2607982         3314674    4021366            116980                NA                 NA        0         0
220  Brazil 2020-08-05  2682221         3409029    4135837            120310                NA                 NA        0         0
221  Brazil 2020-08-06  2758572         3506069    4253566            123734                NA                 NA        0         0
222  Brazil 2020-08-07  2837096         3605872    4374648            127257                NA                 NA        0         0
223  Brazil 2020-08-08  2917856         3708515    4499174            130879                NA                 NA        0         0
224  Brazil 2020-08-09  3000914         3814080    4627246            134605                NA                 NA        0         0

Fontes:
	OMS - https://ourworldindata.org/coronavirus-source-data
	Worldometers - https://www.worldometers.info/coronavirus