
 Brazil 
Projecao:  7  dias
Gerado em:  2020-05-15 20:55:09
RMSE(%):  10.7 , BIAS(%): 3.85

Taxa de Mortalidade 6.79 %

    country       dias otimista casos_estimados pessimista estimativa_mortes casos_confirmados mortes_confirmadas latitude longitude
126  Brazil 2020-05-03    88103           98692     109281              6701            101147               7321        0         0
127  Brazil 2020-05-04    94328          105665     117002              7174            107780               7921        0         0
128  Brazil 2020-05-05   100991          113129     125267              7681            114715               8536        0         0
129  Brazil 2020-05-06   108126          121121     134116              8224            125218               9146        0         0
130  Brazil 2020-05-07   115765          129678     143591              8805            135106               9897        0         0
131  Brazil 2020-05-08   123943          138839     153735              9427            145328              10627        0         0
132  Brazil 2020-05-09   132698          148647     164596             10093            155939              11123        0         0
133  Brazil 2020-05-10   142073          159148     176223             10806            162699              11519        0         0
134  Brazil 2020-05-11   152109          170391     188673             11569            168331              12400        0         0
135  Brazil 2020-05-12   162855          182428     202001             12387            177589              13149        0         0
136  Brazil 2020-05-13   174360          195316     216272             13262            188974              13993        0         0
137  Brazil 2020-05-14   186678          209114     231550             14199            202918              14817        0         0
138  Brazil 2020-05-15   199865          223886     247907             15202            218223              14817        0         0
139  Brazil 2020-05-16   213985          239703     265421             16275                NA                 NA        0         0
140  Brazil 2020-05-17   229101          256636     284171             17425                NA                 NA        0         0
141  Brazil 2020-05-18   245286          274766     304246             18656                NA                 NA        0         0
142  Brazil 2020-05-19   262614          294177     325740             19974                NA                 NA        0         0
143  Brazil 2020-05-20   281166          314959     348752             21385                NA                 NA        0         0
144  Brazil 2020-05-21   301029          337209     373389             22896                NA                 NA        0         0
145  Brazil 2020-05-22   322295          361031     399767             24513                NA                 NA        0         0

Total de casos no mundo:  4619709 1630843 1741129 400695 757923 79777 8621 721 4619709

Estimados a partir dos dados da OMS:
    day       date      x   xest
1     1 2019-12-30      0     19
2     2 2019-12-31      0     21
3     3 2020-01-01      0     22
4     4 2020-01-02      0     24
5     5 2020-01-03      0     26
6     6 2020-01-04      0     27
7     7 2020-01-05      0     29
8     8 2020-01-06      0     31
9     9 2020-01-07      0     34
10   10 2020-01-08      0     36
11   11 2020-01-09      0     38
12   12 2020-01-10      0     41
13   13 2020-01-11      0     44
14   14 2020-01-12      0     47
15   15 2020-01-13      0     51
16   16 2020-01-14      0     54
17   17 2020-01-15      0     58
18   18 2020-01-16      0     62
19   19 2020-01-17      0     66
20   20 2020-01-18      0     71
21   21 2020-01-19      0     76
22   22 2020-01-20      0     82
23   23 2020-01-21      0     87
24   24 2020-01-22      0     93
25   25 2020-01-23      0    100
26   26 2020-01-24      0    107
27   27 2020-01-25      0    115
28   28 2020-01-26      0    123
29   29 2020-01-27      0    131
30   30 2020-01-28      0    141
31   31 2020-01-29      0    151
32   32 2020-01-30      0    161
33   33 2020-01-31      0    173
34   34 2020-02-01      0    185
35   35 2020-02-02      0    198
36   36 2020-02-03      0    212
37   37 2020-02-04      0    227
38   38 2020-02-05      0    243
39   39 2020-02-06      0    260
40   40 2020-02-07      0    278
41   41 2020-02-08      0    298
42   42 2020-02-09      0    319
43   43 2020-02-10      0    342
44   44 2020-02-11      0    366
45   45 2020-02-12      0    392
46   46 2020-02-13      0    419
47   47 2020-02-14      0    449
48   48 2020-02-15      0    481
49   49 2020-02-16      0    515
50   50 2020-02-17      0    551
51   51 2020-02-18      0    590
52   52 2020-02-19      0    632
53   53 2020-02-20      0    676
54   54 2020-02-21      0    724
55   55 2020-02-22      0    775
56   56 2020-02-23      0    830
57   57 2020-02-24      0    889
58   58 2020-02-25      1    951
59   59 2020-02-26      1   1019
60   60 2020-02-27      1   1091
61   61 2020-02-28      1   1168
62   62 2020-02-29      2   1250
63   63 2020-03-01      2   1339
64   64 2020-03-02      2   1433
65   65 2020-03-03      2   1534
66   66 2020-03-04      3   1643
67   67 2020-03-05      8   1759
68   68 2020-03-06     13   1883
69   69 2020-03-07     13   2016
70   70 2020-03-08     25   2158
71   71 2020-03-09     25   2311
72   72 2020-03-10     34   2474
73   73 2020-03-11     52   2649
74   74 2020-03-12     77   2836
75   75 2020-03-13     98   3037
76   76 2020-03-14    121   3251
77   77 2020-03-15    200   3481
78   78 2020-03-16    234   3727
79   79 2020-03-17    291   3990
80   80 2020-03-18    428   4272
81   81 2020-03-19    621   4573
82   82 2020-03-20    904   4897
83   83 2020-03-21   1128   5242
84   84 2020-03-22   1546   5613
85   85 2020-03-23   1891   6009
86   86 2020-03-24   2201   6434
87   87 2020-03-25   2433   6888
88   88 2020-03-26   2915   7375
89   89 2020-03-27   3417   7896
90   90 2020-03-28   3904   8454
91   91 2020-03-29   4256   9051
92   92 2020-03-30   4579   9690
93   93 2020-03-31   5717  10375
94   94 2020-04-01   6836  11108
95   95 2020-04-02   7910  11893
96   96 2020-04-03   9056  12733
97   97 2020-04-04  10278  13632
98   98 2020-04-05  11130  14595
99   99 2020-04-06  12056  15626
100 100 2020-04-07  13717  16730
101 101 2020-04-08  15927  17912
102 102 2020-04-09  17857  19178
103 103 2020-04-10  19638  20533
104 104 2020-04-11  20727  21983
105 105 2020-04-12  22169  23536
106 106 2020-04-13  23430  25199
107 107 2020-04-14  25262  26979
108 108 2020-04-15  28320  28885
109 109 2020-04-16  30425  30925
110 110 2020-04-17  33682  33110
111 111 2020-04-18  36599  35449
112 112 2020-04-19  38654  37953
113 113 2020-04-20  40581  40635
114 114 2020-04-21  43079  43505
115 115 2020-04-22  45757  46579
116 116 2020-04-23  49492  49869
117 117 2020-04-24  52995  53392
118 118 2020-04-25  58509  57164
119 119 2020-04-26  61888  61202
120 120 2020-04-27  66501  65526
121 121 2020-04-28  71886  70155
122 122 2020-04-29  78162  75111
123 123 2020-04-30  85380  80417
124 124 2020-05-01  91589  86098
125 125 2020-05-02  96559  92180
126 126 2020-05-03 101147  98692
127 127 2020-05-04 107780 105665
128 128 2020-05-05 114715 113129
129 129 2020-05-06 125218 121121
130 130 2020-05-07 135106 129678
131 131 2020-05-08 145328 138839
132 132 2020-05-09 155939 148647
133 133 2020-05-10 162699 159148
134 134 2020-05-11 168331 170391
135 135 2020-05-12 177589 182428
136 136 2020-05-13 188974 195316
137 137 2020-05-14 202918 209114
138 138 2020-05-15 218223 223886

Intervalo de Confianca
       2.5%    97.5%
b  15.77919 20.83848
y0 14.42430 14.87860


Formula: x ~ SSexp(day, b, y0)

Parameters:
   Estimate Std. Error t value      Pr(>|t|)    
b   70.6014    17.4624   4.043       0.00372 ** 
y0  17.2015     0.5443  31.605 0.00000000109 ***
---
Signif. codes:  0 ‘***’ 0.001 ‘**’ 0.01 ‘*’ 0.05 ‘.’ 0.1 ‘ ’ 1

Residual standard error: 2752 on 8 degrees of freedom

Number of iterations to convergence: 16 
Achieved convergence tolerance: 0.0000000149

Considerando os casos dos últimos 10 dias, temos:
Número de dias para dobrar:  17.2
Razao de crescimento:  70.6

Todos os dados gerados
    country       dias otimista casos_estimados pessimista estimativa_mortes casos_confirmados mortes_confirmadas latitude longitude
1    Brazil 2019-12-30       17              19         21                 1                 0                  0        0         0
2    Brazil 2019-12-31       19              21         23                 1                 0                  0        0         0
3    Brazil 2020-01-01       20              22         24                 1                 0                  0        0         0
4    Brazil 2020-01-02       21              24         27                 2                 0                  0        0         0
5    Brazil 2020-01-03       23              26         29                 2                 0                  0        0         0
6    Brazil 2020-01-04       24              27         30                 2                 0                  0        0         0
7    Brazil 2020-01-05       26              29         32                 2                 0                  0        0         0
8    Brazil 2020-01-06       28              31         34                 2                 0                  0        0         0
9    Brazil 2020-01-07       30              34         38                 2                 0                  0        0         0
10   Brazil 2020-01-08       32              36         40                 2                 0                  0        0         0
11   Brazil 2020-01-09       34              38         42                 3                 0                  0        0         0
12   Brazil 2020-01-10       37              41         45                 3                 0                  0        0         0
13   Brazil 2020-01-11       39              44         49                 3                 0                  0        0         0
14   Brazil 2020-01-12       42              47         52                 3                 0                  0        0         0
15   Brazil 2020-01-13       46              51         56                 3                 0                  0        0         0
16   Brazil 2020-01-14       48              54         60                 4                 0                  0        0         0
17   Brazil 2020-01-15       52              58         64                 4                 0                  0        0         0
18   Brazil 2020-01-16       55              62         69                 4                 0                  0        0         0
19   Brazil 2020-01-17       59              66         73                 4                 0                  0        0         0
20   Brazil 2020-01-18       63              71         79                 5                 0                  0        0         0
21   Brazil 2020-01-19       68              76         84                 5                 0                  0        0         0
22   Brazil 2020-01-20       73              82         91                 6                 0                  0        0         0
23   Brazil 2020-01-21       78              87         96                 6                 0                  0        0         0
24   Brazil 2020-01-22       83              93        103                 6                 0                  0        0         0
25   Brazil 2020-01-23       89             100        111                 7                 0                  0        0         0
26   Brazil 2020-01-24       96             107        118                 7                 0                  0        0         0
27   Brazil 2020-01-25      103             115        127                 8                 0                  0        0         0
28   Brazil 2020-01-26      110             123        136                 8                 0                  0        0         0
29   Brazil 2020-01-27      117             131        145                 9                 0                  0        0         0
30   Brazil 2020-01-28      126             141        156                10                 0                  0        0         0
31   Brazil 2020-01-29      135             151        167                10                 0                  0        0         0
32   Brazil 2020-01-30      144             161        178                11                 0                  0        0         0
33   Brazil 2020-01-31      154             173        192                12                 0                  0        0         0
34   Brazil 2020-02-01      165             185        205                13                 0                  0        0         0
35   Brazil 2020-02-02      177             198        219                13                 0                  0        0         0
36   Brazil 2020-02-03      189             212        235                14                 0                  0        0         0
37   Brazil 2020-02-04      203             227        251                15                 0                  0        0         0
38   Brazil 2020-02-05      217             243        269                16                 0                  0        0         0
39   Brazil 2020-02-06      232             260        288                18                 0                  0        0         0
40   Brazil 2020-02-07      248             278        308                19                 0                  0        0         0
41   Brazil 2020-02-08      266             298        330                20                 0                  0        0         0
42   Brazil 2020-02-09      285             319        353                22                 0                  0        0         0
43   Brazil 2020-02-10      305             342        379                23                 0                  0        0         0
44   Brazil 2020-02-11      327             366        405                25                 0                  0        0         0
45   Brazil 2020-02-12      350             392        434                27                 0                  0        0         0
46   Brazil 2020-02-13      374             419        464                28                 0                  0        0         0
47   Brazil 2020-02-14      401             449        497                30                 0                  0        0         0
48   Brazil 2020-02-15      429             481        533                33                 0                  0        0         0
49   Brazil 2020-02-16      460             515        570                35                 0                  0        0         0
50   Brazil 2020-02-17      492             551        610                37                 0                  0        0         0
51   Brazil 2020-02-18      527             590        653                40                 0                  0        0         0
52   Brazil 2020-02-19      564             632        700                43                 0                  0        0         0
53   Brazil 2020-02-20      603             676        749                46                 0                  0        0         0
54   Brazil 2020-02-21      646             724        802                49                 0                  0        0         0
55   Brazil 2020-02-22      692             775        858                53                 0                  0        0         0
56   Brazil 2020-02-23      741             830        919                56                 0                  0        0         0
57   Brazil 2020-02-24      794             889        984                60                 0                  0        0         0
58   Brazil 2020-02-25      849             951       1053                65                 1                  0        0         0
59   Brazil 2020-02-26      910            1019       1128                69                 1                  0        0         0
60   Brazil 2020-02-27      974            1091       1208                74                 1                  0        0         0
61   Brazil 2020-02-28     1043            1168       1293                79                 1                  0        0         0
62   Brazil 2020-02-29     1116            1250       1384                85                 2                  0        0         0
63   Brazil 2020-03-01     1195            1339       1483                91                 2                  0        0         0
64   Brazil 2020-03-02     1279            1433       1587                97                 2                  0        0         0
65   Brazil 2020-03-03     1369            1534       1699               104                 2                  0        0         0
66   Brazil 2020-03-04     1467            1643       1819               112                 3                  0        0         0
67   Brazil 2020-03-05     1570            1759       1948               119                 8                  0        0         0
68   Brazil 2020-03-06     1681            1883       2085               128                13                  0        0         0
69   Brazil 2020-03-07     1800            2016       2232               137                13                  0        0         0
70   Brazil 2020-03-08     1926            2158       2390               147                25                  0        0         0
71   Brazil 2020-03-09     2063            2311       2559               157                25                  0        0         0
72   Brazil 2020-03-10     2209            2474       2739               168                34                  0        0         0
73   Brazil 2020-03-11     2365            2649       2933               180                52                  0        0         0
74   Brazil 2020-03-12     2532            2836       3140               193                77                  0        0         0
75   Brazil 2020-03-13     2711            3037       3363               206                98                  0        0         0
76   Brazil 2020-03-14     2902            3251       3600               221               121                  0        0         0
77   Brazil 2020-03-15     3108            3481       3854               236               200                  0        0         0
78   Brazil 2020-03-16     3327            3727       4127               253               234                  1        0         0
79   Brazil 2020-03-17     3562            3990       4418               271               291                  4        0         0
80   Brazil 2020-03-18     3814            4272       4730               290               428                  6        0         0
81   Brazil 2020-03-19     4082            4573       5064               310               621                 11        0         0
82   Brazil 2020-03-20     4372            4897       5422               332               904                 18        0         0
83   Brazil 2020-03-21     4680            5242       5804               356              1128                 25        0         0
84   Brazil 2020-03-22     5011            5613       6215               381              1546                 34        0         0
85   Brazil 2020-03-23     5364            6009       6654               408              1891                 46        0         0
86   Brazil 2020-03-24     5744            6434       7124               437              2201                 57        0         0
87   Brazil 2020-03-25     6149            6888       7627               468              2433                 77        0         0
88   Brazil 2020-03-26     6584            7375       8166               501              2915                 92        0         0
89   Brazil 2020-03-27     7049            7896       8743               536              3417                114        0         0
90   Brazil 2020-03-28     7547            8454       9361               574              3904                136        0         0
91   Brazil 2020-03-29     8080            9051      10022               615              4256                159        0         0
92   Brazil 2020-03-30     8650            9690      10730               658              4579                201        0         0
93   Brazil 2020-03-31     9262           10375      11488               704              5717                241        0         0
94   Brazil 2020-04-01     9916           11108      12300               754              6836                299        0         0
95   Brazil 2020-04-02    10617           11893      13169               808              7910                359        0         0
96   Brazil 2020-04-03    11367           12733      14099               865              9056                432        0         0
97   Brazil 2020-04-04    12169           13632      15095               926             10278                486        0         0
98   Brazil 2020-04-05    13029           14595      16161               991             11130                553        0         0
99   Brazil 2020-04-06    13949           15626      17303              1061             12056                667        0         0
100  Brazil 2020-04-07    14935           16730      18525              1136             13717                800        0         0
101  Brazil 2020-04-08    15990           17912      19834              1216             15927                941        0         0
102  Brazil 2020-04-09    17120           19178      21236              1302             17857               1056        0         0
103  Brazil 2020-04-10    18330           20533      22736              1394             19638               1124        0         0
104  Brazil 2020-04-11    19624           21983      24342              1493             20727               1223        0         0
105  Brazil 2020-04-12    21011           23536      26061              1598             22169               1328        0         0
106  Brazil 2020-04-13    22495           25199      27903              1711             23430               1532        0         0
107  Brazil 2020-04-14    24084           26979      29874              1832             25262               1736        0         0
108  Brazil 2020-04-15    25786           28885      31984              1961             28320               1924        0         0
109  Brazil 2020-04-16    27607           30925      34243              2100             30425               2141        0         0
110  Brazil 2020-04-17    29558           33110      36662              2248             33682               2347        0         0
111  Brazil 2020-04-18    31646           35449      39252              2407             36599               2462        0         0
112  Brazil 2020-04-19    33881           37953      42025              2577             38654               2575        0         0
113  Brazil 2020-04-20    36275           40635      44995              2759             40581               2741        0         0
114  Brazil 2020-04-21    38837           43505      48173              2954             43079               2906        0         0
115  Brazil 2020-04-22    41581           46579      51577              3163             45757               3313        0         0
116  Brazil 2020-04-23    44518           49869      55220              3386             49492               3670        0         0
117  Brazil 2020-04-24    47663           53392      59121              3625             52995               4016        0         0
118  Brazil 2020-04-25    51031           57164      63297              3881             58509               4205        0         0
119  Brazil 2020-04-26    54636           61202      67768              4156             61888               4543        0         0
120  Brazil 2020-04-27    58496           65526      72556              4449             66501               5017        0         0
121  Brazil 2020-04-28    62628           70155      77682              4763             71886               5466        0         0
122  Brazil 2020-04-29    67052           75111      83170              5100             78162               5901        0         0
123  Brazil 2020-04-30    71789           80417      89045              5460             85380               6329        0         0
124  Brazil 2020-05-01    76860           86098      95336              5846             91589               6750        0         0
125  Brazil 2020-05-02    82290           92180     102070              6259             96559               7025        0         0
126  Brazil 2020-05-03    88103           98692     109281              6701            101147               7321        0         0
127  Brazil 2020-05-04    94328          105665     117002              7174            107780               7921        0         0
128  Brazil 2020-05-05   100991          113129     125267              7681            114715               8536        0         0
129  Brazil 2020-05-06   108126          121121     134116              8224            125218               9146        0         0
130  Brazil 2020-05-07   115765          129678     143591              8805            135106               9897        0         0
131  Brazil 2020-05-08   123943          138839     153735              9427            145328              10627        0         0
132  Brazil 2020-05-09   132698          148647     164596             10093            155939              11123        0         0
133  Brazil 2020-05-10   142073          159148     176223             10806            162699              11519        0         0
134  Brazil 2020-05-11   152109          170391     188673             11569            168331              12400        0         0
135  Brazil 2020-05-12   162855          182428     202001             12387            177589              13149        0         0
136  Brazil 2020-05-13   174360          195316     216272             13262            188974              13993        0         0
137  Brazil 2020-05-14   186678          209114     231550             14199            202918              14817        0         0
138  Brazil 2020-05-15   199865          223886     247907             15202            218223              14817        0         0
139  Brazil 2020-05-16   213985          239703     265421             16275                NA                 NA        0         0
140  Brazil 2020-05-17   229101          256636     284171             17425                NA                 NA        0         0
141  Brazil 2020-05-18   245286          274766     304246             18656                NA                 NA        0         0
142  Brazil 2020-05-19   262614          294177     325740             19974                NA                 NA        0         0
143  Brazil 2020-05-20   281166          314959     348752             21385                NA                 NA        0         0
144  Brazil 2020-05-21   301029          337209     373389             22896                NA                 NA        0         0
145  Brazil 2020-05-22   322295          361031     399767             24513                NA                 NA        0         0

Fontes:
	OMS - https://ourworldindata.org/coronavirus-source-data
	Worldometers - https://www.worldometers.info/coronavirus