
 Brazil 
Projecao:  10  dias
Gerado em:  2020-09-16 18:41:59
RMSE(%):  24.9 , BIAS(%): 7.67

Taxa de Mortalidade 3.03 %

    country       dias otimista casos_estimados pessimista estimativa_mortes casos_confirmados mortes_confirmadas latitude longitude
253  Brazil 2020-09-07  3333990         4440467    5546944            134755           4147794             127464        0         0
254  Brazil 2020-09-08  3394411         4520940    5647469            137197           4162073             128539        0         0
255  Brazil 2020-09-09  3455926         4602871    5749816            139683           4197889             129522        0         0
256  Brazil 2020-09-10  3518556         4686286    5854016            142215           4238446             130396        0         0
257  Brazil 2020-09-11  3582321         4771213    5960105            144792           4282164             131210        0         0
258  Brazil 2020-09-12  3647242         4857680    6068118            147416           4315687             131625        0         0
259  Brazil 2020-09-13  3713339         4945713    6178087            150088           4330455             132006        0         0
260  Brazil 2020-09-14  3780634         5035342    6290050            152808           4345610             133119        0         0
261  Brazil 2020-09-15  3849149         5126595    6404041            155577           4382263             134106        0         0
262  Brazil 2020-09-16  3918905         5219502    6520099            158396           4419083             134106        0         0
263  Brazil 2020-09-17  3989926         5314093    6638260            161267                NA                 NA        0         0
264  Brazil 2020-09-18  4062233         5410397    6758561            164189                NA                 NA        0         0
265  Brazil 2020-09-19  4135851         5508447    6881043            167165                NA                 NA        0         0
266  Brazil 2020-09-20  4210803         5608274    7005745            170194                NA                 NA        0         0
267  Brazil 2020-09-21  4287113         5709910    7132707            173279                NA                 NA        0         0
268  Brazil 2020-09-22  4364806         5813388    7261970            176419                NA                 NA        0         0
269  Brazil 2020-09-23  4443908         5918742    7393576            179616                NA                 NA        0         0
270  Brazil 2020-09-24  4524443         6026004    7527565            182871                NA                 NA        0         0
271  Brazil 2020-09-25  4606437         6135211    7663985            186185                NA                 NA        0         0
272  Brazil 2020-09-26  4689917         6246396    7802875            189560                NA                 NA        0         0

Total de casos no mundo:  29983847 8124769 8969485 7262100 4217535 1378983 30254 721 29983847

Estimados a partir dos dados da OMS:
    day       date       x    xest
1     1 2019-12-30       0   48064
2     2 2019-12-31       0   48935
3     3 2020-01-01       0   49822
4     4 2020-01-02       0   50724
5     5 2020-01-03       0   51644
6     6 2020-01-04       0   52580
7     7 2020-01-05       0   53533
8     8 2020-01-06       0   54503
9     9 2020-01-07       0   55490
10   10 2020-01-08       0   56496
11   11 2020-01-09       0   57520
12   12 2020-01-10       0   58562
13   13 2020-01-11       0   59624
14   14 2020-01-12       0   60704
15   15 2020-01-13       0   61804
16   16 2020-01-14       0   62924
17   17 2020-01-15       0   64065
18   18 2020-01-16       0   65226
19   19 2020-01-17       0   66408
20   20 2020-01-18       0   67611
21   21 2020-01-19       0   68836
22   22 2020-01-20       0   70084
23   23 2020-01-21       0   71354
24   24 2020-01-22       0   72647
25   25 2020-01-23       0   73964
26   26 2020-01-24       0   75304
27   27 2020-01-25       0   76669
28   28 2020-01-26       0   78058
29   29 2020-01-27       0   79473
30   30 2020-01-28       0   80913
31   31 2020-01-29       0   82379
32   32 2020-01-30       0   83872
33   33 2020-01-31       0   85392
34   34 2020-02-01       0   86940
35   35 2020-02-02       0   88515
36   36 2020-02-03       0   90120
37   37 2020-02-04       0   91753
38   38 2020-02-05       0   93416
39   39 2020-02-06       0   95108
40   40 2020-02-07       0   96832
41   41 2020-02-08       0   98587
42   42 2020-02-09       0  100374
43   43 2020-02-10       0  102193
44   44 2020-02-11       0  104045
45   45 2020-02-12       0  105930
46   46 2020-02-13       0  107850
47   47 2020-02-14       0  109804
48   48 2020-02-15       0  111794
49   49 2020-02-16       0  113820
50   50 2020-02-17       0  115883
51   51 2020-02-18       0  117983
52   52 2020-02-19       0  120121
53   53 2020-02-20       0  122298
54   54 2020-02-21       0  124514
55   55 2020-02-22       0  126771
56   56 2020-02-23       0  129068
57   57 2020-02-24       0  131407
58   58 2020-02-25       1  133789
59   59 2020-02-26       1  136213
60   60 2020-02-27       1  138682
61   61 2020-02-28       1  141195
62   62 2020-02-29       2  143754
63   63 2020-03-01       2  146359
64   64 2020-03-02       2  149012
65   65 2020-03-03       2  151712
66   66 2020-03-04       3  154462
67   67 2020-03-05       8  157261
68   68 2020-03-06      13  160111
69   69 2020-03-07      13  163012
70   70 2020-03-08      25  165967
71   71 2020-03-09      25  168974
72   72 2020-03-10      34  172037
73   73 2020-03-11      52  175154
74   74 2020-03-12      77  178328
75   75 2020-03-13      98  181560
76   76 2020-03-14     121  184851
77   77 2020-03-15     200  188201
78   78 2020-03-16     234  191611
79   79 2020-03-17     291  195084
80   80 2020-03-18     428  198619
81   81 2020-03-19     621  202219
82   82 2020-03-20     904  205883
83   83 2020-03-21    1128  209614
84   84 2020-03-22    1546  213413
85   85 2020-03-23    1891  217281
86   86 2020-03-24    2201  221218
87   87 2020-03-25    2433  225227
88   88 2020-03-26    2915  229309
89   89 2020-03-27    3417  233465
90   90 2020-03-28    3904  237696
91   91 2020-03-29    4256  242003
92   92 2020-03-30    4579  246389
93   93 2020-03-31    5717  250854
94   94 2020-04-01    6836  255400
95   95 2020-04-02    7910  260029
96   96 2020-04-03    9056  264741
97   97 2020-04-04   10278  269539
98   98 2020-04-05   11130  274424
99   99 2020-04-06   12056  279397
100 100 2020-04-07   13717  284460
101 101 2020-04-08   15927  289616
102 102 2020-04-09   17857  294864
103 103 2020-04-10   19638  300208
104 104 2020-04-11   20727  305648
105 105 2020-04-12   22169  311187
106 106 2020-04-13   23430  316827
107 107 2020-04-14   25262  322569
108 108 2020-04-15   28320  328414
109 109 2020-04-16   30425  334366
110 110 2020-04-17   33682  340426
111 111 2020-04-18   36599  346595
112 112 2020-04-19   38654  352876
113 113 2020-04-20   40581  359271
114 114 2020-04-21   43079  365782
115 115 2020-04-22   45757  372411
116 116 2020-04-23   49492  379160
117 117 2020-04-24   52995  386031
118 118 2020-04-25   58509  393027
119 119 2020-04-26   61888  400150
120 120 2020-04-27   66501  407402
121 121 2020-04-28   71886  414785
122 122 2020-04-29   78162  422302
123 123 2020-04-30   85380  429955
124 124 2020-05-01   91589  437747
125 125 2020-05-02   96559  445680
126 126 2020-05-03  101147  453757
127 127 2020-05-04  107780  461980
128 128 2020-05-05  114715  470352
129 129 2020-05-06  125218  478876
130 130 2020-05-07  135106  487555
131 131 2020-05-08  145328  496390
132 132 2020-05-09  155939  505386
133 133 2020-05-10  162699  514545
134 134 2020-05-11  168331  523870
135 135 2020-05-12  177589  533364
136 136 2020-05-13  188974  543030
137 137 2020-05-14  202918  552871
138 138 2020-05-15  218223  562890
139 139 2020-05-16  233142  573091
140 140 2020-05-17  241080  583477
141 141 2020-05-18  254220  594051
142 142 2020-05-19  271628  604817
143 143 2020-05-20  291579  615777
144 144 2020-05-21  310087  626937
145 145 2020-05-22  330890  638299
146 146 2020-05-23  347398  649866
147 147 2020-05-24  363211  661643
148 148 2020-05-25  374898  673634
149 149 2020-05-26  391222  685842
150 150 2020-05-27  411821  698271
151 151 2020-05-28  438238  710926
152 152 2020-05-29  465166  723809
153 153 2020-05-30  498440  736927
154 154 2020-05-31  514849  750282
155 155 2020-06-01  526447  763879
156 156 2020-06-02  555383  777722
157 157 2020-06-03  584016  791816
158 158 2020-06-04  614932  806166
159 159 2020-06-05  645762  820776
160 160 2020-06-06  672837  835650
161 161 2020-06-07  691758  850794
162 162 2020-06-08  707412  866213
163 163 2020-06-09  739503  881911
164 164 2020-06-10  772416  897893
165 165 2020-06-11  802828  914165
166 166 2020-06-12  828810  930732
167 167 2020-06-13  850514  947600
168 168 2020-06-14  867624  964772
169 169 2020-06-15  888271  982257
170 170 2020-06-16  923189 1000058
171 171 2020-06-17  955377 1018181
172 172 2020-06-18  978142 1036633
173 173 2020-06-19 1032913 1055419
174 174 2020-06-20 1067579 1074546
175 175 2020-06-21 1085038 1094020
176 176 2020-06-22 1106470 1113846
177 177 2020-06-23 1145906 1134032
178 178 2020-06-24 1188631 1154583
179 179 2020-06-25 1228114 1175507
180 180 2020-06-26 1274974 1196811
181 181 2020-06-27 1313667 1218500
182 182 2020-06-28 1344143 1240582
183 183 2020-06-29 1368195 1263065
184 184 2020-06-30 1402041 1285954
185 185 2020-07-01 1448753 1309259
186 186 2020-07-02 1496858 1332986
187 187 2020-07-03 1539081 1357143
188 188 2020-07-04 1577004 1381738
189 189 2020-07-05 1603055 1406779
190 190 2020-07-06 1623284 1432273
191 191 2020-07-07 1668589 1458230
192 192 2020-07-08 1713160 1484656
193 193 2020-07-09 1755779 1511562
194 194 2020-07-10 1800827 1538955
195 195 2020-07-11 1839850 1566845
196 196 2020-07-12 1864681 1595240
197 197 2020-07-13 1884967 1624150
198 198 2020-07-14 1926824 1653584
199 199 2020-07-15 1966748 1683551
200 200 2020-07-16 2012151 1714061
201 201 2020-07-17 2046328 1745124
202 202 2020-07-18 2074860 1776750
203 203 2020-07-19 2098389 1808950
204 204 2020-07-20 2118646 1841732
205 205 2020-07-21 2159654 1875109
206 206 2020-07-22 2227514 1909091
207 207 2020-07-23 2287475 1943688
208 208 2020-07-24 2343366 1978913
209 209 2020-07-25 2394513 2014776
210 210 2020-07-26 2419091 2051289
211 211 2020-07-27 2442375 2088463
212 212 2020-07-28 2483191 2126311
213 213 2020-07-29 2552265 2164845
214 214 2020-07-30 2610102 2204078
215 215 2020-07-31 2662485 2244021
216 216 2020-08-01 2707877 2284689
217 217 2020-08-02 2733677 2326093
218 218 2020-08-03 2750318 2368248
219 219 2020-08-04 2801921 2411166
220 220 2020-08-05 2859073 2454863
221 221 2020-08-06 2912212 2499351
222 222 2020-08-07 2962442 2544646
223 223 2020-08-08 3012412 2590761
224 224 2020-08-09 3035422 2637712
225 225 2020-08-10 3057470 2685514
226 226 2020-08-11 3109630 2734182
227 227 2020-08-12 3164785 2783733
228 228 2020-08-13 3224876 2834181
229 229 2020-08-14 3275520 2885543
230 230 2020-08-15 3317096 2937837
231 231 2020-08-16 3340197 2991078
232 232 2020-08-17 3359570 3045284
233 233 2020-08-18 3407354 3100472
234 234 2020-08-19 3456652 3156660
235 235 2020-08-20 3501975 3213867
236 236 2020-08-21 3532330 3272110
237 237 2020-08-22 3582362 3331409
238 238 2020-08-23 3605783 3391783
239 239 2020-08-24 3622861 3453250
240 240 2020-08-25 3669995 3515832
241 241 2020-08-26 3717156 3579548
242 242 2020-08-27 3761391 3644418
243 243 2020-08-28 3804803 3710464
244 244 2020-08-29 3846153 3777707
245 245 2020-08-30 3862311 3846169
246 246 2020-08-31 3908272 3915871
247 247 2020-09-01 3950931 3986836
248 248 2020-09-02 3997865 4059088
249 249 2020-09-03 4041638 4132649
250 250 2020-09-04 4092832 4207543
251 251 2020-09-05 4123000 4283794
252 252 2020-09-06 4137521 4361427
253 253 2020-09-07 4147794 4440467
254 254 2020-09-08 4162073 4520940
255 255 2020-09-09 4197889 4602871
256 256 2020-09-10 4238446 4686286
257 257 2020-09-11 4282164 4771213
258 258 2020-09-12 4315687 4857680
259 259 2020-09-13 4330455 4945713
260 260 2020-09-14 4345610 5035342
261 261 2020-09-15 4382263 5126595
262 262 2020-09-16 4419083 5219502

Intervalo de Confianca
          2.5%    97.5%
b  40985.81031 54111.14
y0    53.89159    57.53


Formula: x ~ SSexp(day, b, y0)

Parameters:
     Estimate Std. Error t value     Pr(>|t|)    
b  685509.911  53455.515   12.82 0.0000012905 ***
y0    140.569      5.981   23.50 0.0000000114 ***
---
Signif. codes:  0 ‘***’ 0.001 ‘**’ 0.01 ‘*’ 0.05 ‘.’ 0.1 ‘ ’ 1

Residual standard error: 11770 on 8 degrees of freedom

Number of iterations to convergence: 39 
Achieved convergence tolerance: 0.0000000149

Considerando os casos dos últimos 10 dias, temos:
Número de dias para dobrar:  140.6
Razao de crescimento:  685509.9

Todos os dados gerados
    country       dias otimista casos_estimados pessimista estimativa_mortes casos_confirmados mortes_confirmadas latitude longitude
1    Brazil 2019-12-30    36087           48064      60041              1459                 0                  0        0         0
2    Brazil 2019-12-31    36741           48935      61129              1485                 0                  0        0         0
3    Brazil 2020-01-01    37407           49822      62237              1512                 0                  0        0         0
4    Brazil 2020-01-02    38085           50724      63363              1539                 0                  0        0         0
5    Brazil 2020-01-03    38775           51644      64513              1567                 0                  0        0         0
6    Brazil 2020-01-04    39478           52580      65682              1596                 0                  0        0         0
7    Brazil 2020-01-05    40194           53533      66872              1625                 0                  0        0         0
8    Brazil 2020-01-06    40922           54503      68084              1654                 0                  0        0         0
9    Brazil 2020-01-07    41663           55490      69317              1684                 0                  0        0         0
10   Brazil 2020-01-08    42418           56496      70574              1714                 0                  0        0         0
11   Brazil 2020-01-09    43187           57520      71853              1746                 0                  0        0         0
12   Brazil 2020-01-10    43970           58562      73154              1777                 0                  0        0         0
13   Brazil 2020-01-11    44767           59624      74481              1809                 0                  0        0         0
14   Brazil 2020-01-12    45578           60704      75830              1842                 0                  0        0         0
15   Brazil 2020-01-13    46404           61804      77204              1876                 0                  0        0         0
16   Brazil 2020-01-14    47245           62924      78603              1910                 0                  0        0         0
17   Brazil 2020-01-15    48101           64065      80029              1944                 0                  0        0         0
18   Brazil 2020-01-16    48973           65226      81479              1979                 0                  0        0         0
19   Brazil 2020-01-17    49860           66408      82956              2015                 0                  0        0         0
20   Brazil 2020-01-18    50764           67611      84458              2052                 0                  0        0         0
21   Brazil 2020-01-19    51683           68836      85989              2089                 0                  0        0         0
22   Brazil 2020-01-20    52620           70084      87548              2127                 0                  0        0         0
23   Brazil 2020-01-21    53574           71354      89134              2165                 0                  0        0         0
24   Brazil 2020-01-22    54545           72647      90749              2205                 0                  0        0         0
25   Brazil 2020-01-23    55534           73964      92394              2245                 0                  0        0         0
26   Brazil 2020-01-24    56540           75304      94068              2285                 0                  0        0         0
27   Brazil 2020-01-25    57565           76669      95773              2327                 0                  0        0         0
28   Brazil 2020-01-26    58607           78058      97509              2369                 0                  0        0         0
29   Brazil 2020-01-27    59670           79473      99276              2412                 0                  0        0         0
30   Brazil 2020-01-28    60751           80913     101075              2455                 0                  0        0         0
31   Brazil 2020-01-29    61852           82379     102906              2500                 0                  0        0         0
32   Brazil 2020-01-30    62973           83872     104771              2545                 0                  0        0         0
33   Brazil 2020-01-31    64114           85392     106670              2591                 0                  0        0         0
34   Brazil 2020-02-01    65276           86940     108604              2638                 0                  0        0         0
35   Brazil 2020-02-02    66459           88515     110571              2686                 0                  0        0         0
36   Brazil 2020-02-03    67664           90120     112576              2735                 0                  0        0         0
37   Brazil 2020-02-04    68890           91753     114616              2784                 0                  0        0         0
38   Brazil 2020-02-05    70139           93416     116693              2835                 0                  0        0         0
39   Brazil 2020-02-06    71409           95108     118807              2886                 0                  0        0         0
40   Brazil 2020-02-07    72703           96832     120961              2939                 0                  0        0         0
41   Brazil 2020-02-08    74021           98587     123153              2992                 0                  0        0         0
42   Brazil 2020-02-09    75363          100374     125385              3046                 0                  0        0         0
43   Brazil 2020-02-10    76729          102193     127657              3101                 0                  0        0         0
44   Brazil 2020-02-11    78119          104045     129971              3157                 0                  0        0         0
45   Brazil 2020-02-12    79534          105930     132326              3215                 0                  0        0         0
46   Brazil 2020-02-13    80976          107850     134724              3273                 0                  0        0         0
47   Brazil 2020-02-14    82443          109804     137165              3332                 0                  0        0         0
48   Brazil 2020-02-15    83937          111794     139651              3393                 0                  0        0         0
49   Brazil 2020-02-16    85458          113820     142182              3454                 0                  0        0         0
50   Brazil 2020-02-17    87007          115883     144759              3517                 0                  0        0         0
51   Brazil 2020-02-18    88584          117983     147382              3580                 0                  0        0         0
52   Brazil 2020-02-19    90189          120121     150053              3645                 0                  0        0         0
53   Brazil 2020-02-20    91824          122298     152772              3711                 0                  0        0         0
54   Brazil 2020-02-21    93488          124514     155540              3779                 0                  0        0         0
55   Brazil 2020-02-22    95182          126771     158360              3847                 0                  0        0         0
56   Brazil 2020-02-23    96907          129068     161229              3917                 0                  0        0         0
57   Brazil 2020-02-24    98663          131407     164151              3988                 0                  0        0         0
58   Brazil 2020-02-25   100451          133789     167127              4060                 1                  0        0         0
59   Brazil 2020-02-26   102271          136213     170155              4134                 1                  0        0         0
60   Brazil 2020-02-27   104125          138682     173239              4209                 1                  0        0         0
61   Brazil 2020-02-28   106012          141195     176378              4285                 1                  0        0         0
62   Brazil 2020-02-29   107933          143754     179575              4363                 2                  0        0         0
63   Brazil 2020-03-01   109889          146359     182829              4442                 2                  0        0         0
64   Brazil 2020-03-02   111881          149012     186143              4522                 2                  0        0         0
65   Brazil 2020-03-03   113908          151712     189516              4604                 2                  0        0         0
66   Brazil 2020-03-04   115973          154462     192951              4687                 3                  0        0         0
67   Brazil 2020-03-05   118075          157261     196447              4772                 8                  0        0         0
68   Brazil 2020-03-06   120214          160111     200008              4859                13                  0        0         0
69   Brazil 2020-03-07   122393          163012     203631              4947                13                  0        0         0
70   Brazil 2020-03-08   124611          165967     207323              5037                25                  0        0         0
71   Brazil 2020-03-09   126869          168974     211079              5128                25                  0        0         0
72   Brazil 2020-03-10   129169          172037     214905              5221                34                  0        0         0
73   Brazil 2020-03-11   131509          175154     218799              5315                52                  0        0         0
74   Brazil 2020-03-12   133892          178328     222764              5412                77                  0        0         0
75   Brazil 2020-03-13   136319          181560     226801              5510                98                  0        0         0
76   Brazil 2020-03-14   138790          184851     230912              5610               121                  0        0         0
77   Brazil 2020-03-15   141305          188201     235097              5711               200                  0        0         0
78   Brazil 2020-03-16   143865          191611     239357              5815               234                  1        0         0
79   Brazil 2020-03-17   146473          195084     243695              5920               291                  4        0         0
80   Brazil 2020-03-18   149127          198619     248111              6027               428                  6        0         0
81   Brazil 2020-03-19   151830          202219     252608              6137               621                 11        0         0
82   Brazil 2020-03-20   154581          205883     257185              6248               904                 18        0         0
83   Brazil 2020-03-21   157382          209614     261846              6361              1128                 25        0         0
84   Brazil 2020-03-22   160235          213413     266591              6476              1546                 34        0         0
85   Brazil 2020-03-23   163139          217281     271423              6594              1891                 46        0         0
86   Brazil 2020-03-24   166095          221218     276341              6713              2201                 57        0         0
87   Brazil 2020-03-25   169105          225227     281349              6835              2433                 77        0         0
88   Brazil 2020-03-26   172170          229309     286448              6959              2915                 92        0         0
89   Brazil 2020-03-27   175290          233465     291640              7085              3417                114        0         0
90   Brazil 2020-03-28   178467          237696     296925              7213              3904                136        0         0
91   Brazil 2020-03-29   181701          242003     302305              7344              4256                159        0         0
92   Brazil 2020-03-30   184994          246389     307784              7477              4579                201        0         0
93   Brazil 2020-03-31   188346          250854     313362              7613              5717                241        0         0
94   Brazil 2020-04-01   191759          255400     319041              7751              6836                299        0         0
95   Brazil 2020-04-02   195235          260029     324823              7891              7910                359        0         0
96   Brazil 2020-04-03   198773          264741     330709              8034              9056                432        0         0
97   Brazil 2020-04-04   202375          269539     336703              8180             10278                486        0         0
98   Brazil 2020-04-05   206043          274424     342805              8328             11130                553        0         0
99   Brazil 2020-04-06   209777          279397     349017              8479             12056                667        0         0
100  Brazil 2020-04-07   213578          284460     355342              8633             13717                800        0         0
101  Brazil 2020-04-08   217449          289616     361783              8789             15927                941        0         0
102  Brazil 2020-04-09   221390          294864     368338              8948             17857               1056        0         0
103  Brazil 2020-04-10   225402          300208     375014              9110             19638               1124        0         0
104  Brazil 2020-04-11   229487          305648     381809              9276             20727               1223        0         0
105  Brazil 2020-04-12   233645          311187     388729              9444             22169               1328        0         0
106  Brazil 2020-04-13   237880          316827     395774              9615             23430               1532        0         0
107  Brazil 2020-04-14   242191          322569     402947              9789             25262               1736        0         0
108  Brazil 2020-04-15   246580          328414     410248              9966             28320               1924        0         0
109  Brazil 2020-04-16   251049          334366     417683             10147             30425               2141        0         0
110  Brazil 2020-04-17   255599          340426     425253             10331             33682               2347        0         0
111  Brazil 2020-04-18   260230          346595     432960             10518             36599               2462        0         0
112  Brazil 2020-04-19   264946          352876     440806             10709             38654               2575        0         0
113  Brazil 2020-04-20   269748          359271     448794             10903             40581               2741        0         0
114  Brazil 2020-04-21   274636          365782     456928             11100             43079               2906        0         0
115  Brazil 2020-04-22   279614          372411     465208             11302             45757               3313        0         0
116  Brazil 2020-04-23   284681          379160     473639             11506             49492               3670        0         0
117  Brazil 2020-04-24   289840          386031     482222             11715             52995               4016        0         0
118  Brazil 2020-04-25   295092          393027     490962             11927             58509               4205        0         0
119  Brazil 2020-04-26   300441          400150     499859             12143             61888               4543        0         0
120  Brazil 2020-04-27   305885          407402     508919             12363             66501               5017        0         0
121  Brazil 2020-04-28   311429          414785     518141             12587             71886               5466        0         0
122  Brazil 2020-04-29   317073          422302     527531             12816             78162               5901        0         0
123  Brazil 2020-04-30   322819          429955     537091             13048             85380               6329        0         0
124  Brazil 2020-05-01   328669          437747     546825             13284             91589               6750        0         0
125  Brazil 2020-05-02   334625          445680     556735             13525             96559               7025        0         0
126  Brazil 2020-05-03   340690          453757     566824             13770            101147               7321        0         0
127  Brazil 2020-05-04   346864          461980     577096             14020            107780               7921        0         0
128  Brazil 2020-05-05   353150          470352     587554             14274            114715               8536        0         0
129  Brazil 2020-05-06   359550          478876     598202             14532            125218               9146        0         0
130  Brazil 2020-05-07   366066          487555     609044             14796            135106               9897        0         0
131  Brazil 2020-05-08   372699          496390     620081             15064            145328              10627        0         0
132  Brazil 2020-05-09   379454          505386     631318             15337            155939              11123        0         0
133  Brazil 2020-05-10   386331          514545     642759             15615            162699              11519        0         0
134  Brazil 2020-05-11   393332          523870     654408             15898            168331              12400        0         0
135  Brazil 2020-05-12   400460          533364     666268             16186            177589              13149        0         0
136  Brazil 2020-05-13   407718          543030     678342             16479            188974              13993        0         0
137  Brazil 2020-05-14   415106          552871     690636             16778            202918              14817        0         0
138  Brazil 2020-05-15   422629          562890     703151             17082            218223              15633        0         0
139  Brazil 2020-05-16   430288          573091     715894             17392            233142              16118        0         0
140  Brazil 2020-05-17   438086          583477     728868             17707            241080              16792        0         0
141  Brazil 2020-05-18   446025          594051     742077             18028            254220              17971        0         0
142  Brazil 2020-05-19   454109          604817     755525             18354            271628              18859        0         0
143  Brazil 2020-05-20   462338          615777     769216             18687            291579              20047        0         0
144  Brazil 2020-05-21   470717          626937     783157             19026            310087              21048        0         0
145  Brazil 2020-05-22   479247          638299     797351             19370            330890              22013        0         0
146  Brazil 2020-05-23   487932          649866     811800             19721            347398              22666        0         0
147  Brazil 2020-05-24   496775          661643     826511             20079            363211              23473        0         0
148  Brazil 2020-05-25   505778          673634     841490             20443            374898              24512        0         0
149  Brazil 2020-05-26   514944          685842     856740             20813            391222              25598        0         0
150  Brazil 2020-05-27   524276          698271     872266             21190            411821              26754        0         0
151  Brazil 2020-05-28   533777          710926     888075             21574            438238              27878        0         0
152  Brazil 2020-05-29   543450          723809     904168             21965            465166              28834        0         0
153  Brazil 2020-05-30   553299          736927     920555             22364            498440              29314        0         0
154  Brazil 2020-05-31   563327          750282     937237             22769            514849              29937        0         0
155  Brazil 2020-06-01   573535          763879     954223             23181            526447              31199        0         0
156  Brazil 2020-06-02   583929          777722     971515             23602            555383              32548        0         0
157  Brazil 2020-06-03   594511          791816     989121             24029            584016              34021        0         0
158  Brazil 2020-06-04   605285          806166    1007047             24465            614932              35026        0         0
159  Brazil 2020-06-05   616255          820776    1025297             24908            645762              35930        0         0
160  Brazil 2020-06-06   627423          835650    1043877             25359            672837              36455        0         0
161  Brazil 2020-06-07   638793          850794    1062795             25819            691758              37134        0         0
162  Brazil 2020-06-08   650370          866213    1082056             26287            707412              38406        0         0
163  Brazil 2020-06-09   662156          881911    1101666             26763            739503              39680        0         0
164  Brazil 2020-06-10   674156          897893    1121630             27248            772416              40919        0         0
165  Brazil 2020-06-11   686373          914165    1141957             27742            802828              41828        0         0
166  Brazil 2020-06-12   698812          930732    1162652             28245            828810              42720        0         0
167  Brazil 2020-06-13   711477          947600    1183723             28757            850514              43332        0         0
168  Brazil 2020-06-14   724370          964772    1205174             29278            867624              43959        0         0
169  Brazil 2020-06-15   737498          982257    1227016             29809            888271              45241        0         0
170  Brazil 2020-06-16   750863         1000058    1249253             30349            923189              46510        0         0
171  Brazil 2020-06-17   764470         1018181    1271892             30899            955377              47748        0         0
172  Brazil 2020-06-18   778325         1036633    1294941             31459            978142              48954        0         0
173  Brazil 2020-06-19   792429         1055419    1318409             32029           1032913              49976        0         0
174  Brazil 2020-06-20   806790         1074546    1342302             32609           1067579              50617        0         0
175  Brazil 2020-06-21   821412         1094020    1366628             33200           1085038              51271        0         0
176  Brazil 2020-06-22   836298         1113846    1391394             33802           1106470              52645        0         0
177  Brazil 2020-06-23   851454         1134032    1416610             34414           1145906              53830        0         0
178  Brazil 2020-06-24   866884         1154583    1442282             35038           1188631              54971        0         0
179  Brazil 2020-06-25   882594         1175507    1468420             35673           1228114              55961        0         0
180  Brazil 2020-06-26   898589         1196811    1495033             36320           1274974              57070        0         0
181  Brazil 2020-06-27   914874         1218500    1522126             36978           1313667              57622        0         0
182  Brazil 2020-06-28   931453         1240582    1549711             37648           1344143              58314        0         0
183  Brazil 2020-06-29   948334         1263065    1577796             38330           1368195              59594        0         0
184  Brazil 2020-06-30   965520         1285954    1606388             39025           1402041              60632        0         0
185  Brazil 2020-07-01   983017         1309259    1635501             39732           1448753              61884        0         0
186  Brazil 2020-07-02  1000832         1332986    1665140             40452           1496858              63174        0         0
187  Brazil 2020-07-03  1018970         1357143    1695316             41185           1539081              64265        0         0
188  Brazil 2020-07-04  1037436         1381738    1726040             41932           1577004              64867        0         0
189  Brazil 2020-07-05  1056237         1406779    1757321             42692           1603055              65487        0         0
190  Brazil 2020-07-06  1075379         1432273    1789167             43465           1623284              66741        0         0
191  Brazil 2020-07-07  1094868         1458230    1821592             44253           1668589              67964        0         0
192  Brazil 2020-07-08  1114709         1484656    1854603             45055           1713160              69184        0         0
193  Brazil 2020-07-09  1134911         1511562    1888213             45871           1755779              70398        0         0
194  Brazil 2020-07-10  1155478         1538955    1922432             46703           1800827              71469        0         0
195  Brazil 2020-07-11  1176418         1566845    1957272             47549           1839850              72100        0         0
196  Brazil 2020-07-12  1197738         1595240    1992742             48411           1864681              72833        0         0
197  Brazil 2020-07-13  1219444         1624150    2028856             49288           1884967              74133        0         0
198  Brazil 2020-07-14  1241543         1653584    2065625             50181           1926824              75366        0         0
199  Brazil 2020-07-15  1264043         1683551    2103059             51091           1966748              76688        0         0
200  Brazil 2020-07-16  1286951         1714061    2141171             52017           2012151              77851        0         0
201  Brazil 2020-07-17  1310274         1745124    2179974             52959           2046328              78772        0         0
202  Brazil 2020-07-18  1334019         1776750    2219481             53919           2074860              79488        0         0
203  Brazil 2020-07-19  1358195         1808950    2259705             54896           2098389              80120        0         0
204  Brazil 2020-07-20  1382809         1841732    2300655             55891           2118646              81487        0         0
205  Brazil 2020-07-21  1407869         1875109    2342349             56904           2159654              82771        0         0
206  Brazil 2020-07-22  1433383         1909091    2384799             57935           2227514              84082        0         0
207  Brazil 2020-07-23  1459359         1943688    2428017             58985           2287475              85238        0         0
208  Brazil 2020-07-24  1485807         1978913    2472019             60054           2343366              86449        0         0
209  Brazil 2020-07-25  1512734         2014776    2516818             61142           2394513              87004        0         0
210  Brazil 2020-07-26  1540148         2051289    2562430             62251           2419091              87618        0         0
211  Brazil 2020-07-27  1568059         2088463    2608867             63379           2442375              88539        0         0
212  Brazil 2020-07-28  1596476         2126311    2656146             64527           2483191              90134        0         0
213  Brazil 2020-07-29  1625408         2164845    2704282             65697           2552265              91263        0         0
214  Brazil 2020-07-30  1654865         2204078    2753291             66887           2610102              92475        0         0
215  Brazil 2020-07-31  1684855         2244021    2803187             68099           2662485              93563        0         0
216  Brazil 2020-08-01  1715390         2284689    2853988             69334           2707877              94104        0         0
217  Brazil 2020-08-02  1746477         2326093    2905709             70590           2733677              94665        0         0
218  Brazil 2020-08-03  1778127         2368248    2958369             71869           2750318              95819        0         0
219  Brazil 2020-08-04  1810351         2411166    3011981             73172           2801921              97256        0         0
220  Brazil 2020-08-05  1843160         2454863    3066566             74498           2859073              98493        0         0
221  Brazil 2020-08-06  1876562         2499351    3122140             75848           2912212              99572        0         0
222  Brazil 2020-08-07  1910570         2544646    3178722             77222           2962442             100477        0         0
223  Brazil 2020-08-08  1945194         2590761    3236328             78622           3012412             101049        0         0
224  Brazil 2020-08-09  1980446         2637712    3294978             80047           3035422             101752        0         0
225  Brazil 2020-08-10  2016337         2685514    3354691             81497           3057470             103026        0         0
226  Brazil 2020-08-11  2052878         2734182    3415486             82974           3109630             104201        0         0
227  Brazil 2020-08-12  2090082         2783733    3477384             84478           3164785             105463        0         0
228  Brazil 2020-08-13  2127959         2834181    3540403             86009           3224876             106523        0         0
229  Brazil 2020-08-14  2166523         2885543    3604563             87568           3275520             107232        0         0
230  Brazil 2020-08-15  2205786         2937837    3669888             89155           3317096             107852        0         0
231  Brazil 2020-08-16  2245760         2991078    3736396             90770           3340197             108536        0         0
232  Brazil 2020-08-17  2286459         3045284    3804109             92415           3359570             109888        0         0
233  Brazil 2020-08-18  2327896         3100472    3873048             94090           3407354             111100        0         0
234  Brazil 2020-08-19  2370083         3156660    3943237             95795           3456652             112304        0         0
235  Brazil 2020-08-20  2413035         3213867    4014699             97531           3501975             113358        0         0
236  Brazil 2020-08-21  2456765         3272110    4087455             99299           3532330             114250        0         0
237  Brazil 2020-08-22  2501288         3331409    4161530            101098           3582362             114744        0         0
238  Brazil 2020-08-23  2546618         3391783    4236948            102931           3605783             115309        0         0
239  Brazil 2020-08-24  2592768         3453250    4313732            104796           3622861             116580        0         0
240  Brazil 2020-08-25  2639756         3515832    4391908            106695           3669995             117665        0         0
241  Brazil 2020-08-26  2687595         3579548    4471501            108629           3717156             118649        0         0
242  Brazil 2020-08-27  2736301         3644418    4552535            110597           3761391             119504        0         0
243  Brazil 2020-08-28  2785890         3710464    4635038            112602           3804803             120462        0         0
244  Brazil 2020-08-29  2836377         3777707    4719037            114642           3846153             120828        0         0
245  Brazil 2020-08-30  2887780         3846169    4804558            116720           3862311             121381        0         0
246  Brazil 2020-08-31  2940113         3915871    4891629            118835           3908272             122596        0         0
247  Brazil 2020-09-01  2993395         3986836    4980277            120989           3950931             123780        0         0
248  Brazil 2020-09-02  3047643         4059088    5070533            123181           3997865             124614        0         0
249  Brazil 2020-09-03  3102874         4132649    5162424            125414           4041638             125521        0         0
250  Brazil 2020-09-04  3159106         4207543    5255980            127686           4092832             126203        0         0
251  Brazil 2020-09-05  3216357         4283794    5351231            130000           4123000             126650        0         0
252  Brazil 2020-09-06  3274645         4361427    5448209            132356           4137521             126960        0         0
253  Brazil 2020-09-07  3333990         4440467    5546944            134755           4147794             127464        0         0
254  Brazil 2020-09-08  3394411         4520940    5647469            137197           4162073             128539        0         0
255  Brazil 2020-09-09  3455926         4602871    5749816            139683           4197889             129522        0         0
256  Brazil 2020-09-10  3518556         4686286    5854016            142215           4238446             130396        0         0
257  Brazil 2020-09-11  3582321         4771213    5960105            144792           4282164             131210        0         0
258  Brazil 2020-09-12  3647242         4857680    6068118            147416           4315687             131625        0         0
259  Brazil 2020-09-13  3713339         4945713    6178087            150088           4330455             132006        0         0
260  Brazil 2020-09-14  3780634         5035342    6290050            152808           4345610             133119        0         0
261  Brazil 2020-09-15  3849149         5126595    6404041            155577           4382263             134106        0         0
262  Brazil 2020-09-16  3918905         5219502    6520099            158396           4419083             134106        0         0
263  Brazil 2020-09-17  3989926         5314093    6638260            161267                NA                 NA        0         0
264  Brazil 2020-09-18  4062233         5410397    6758561            164189                NA                 NA        0         0
265  Brazil 2020-09-19  4135851         5508447    6881043            167165                NA                 NA        0         0
266  Brazil 2020-09-20  4210803         5608274    7005745            170194                NA                 NA        0         0
267  Brazil 2020-09-21  4287113         5709910    7132707            173279                NA                 NA        0         0
268  Brazil 2020-09-22  4364806         5813388    7261970            176419                NA                 NA        0         0
269  Brazil 2020-09-23  4443908         5918742    7393576            179616                NA                 NA        0         0
270  Brazil 2020-09-24  4524443         6026004    7527565            182871                NA                 NA        0         0
271  Brazil 2020-09-25  4606437         6135211    7663985            186185                NA                 NA        0         0
272  Brazil 2020-09-26  4689917         6246396    7802875            189560                NA                 NA        0         0

Fontes:
	OMS - https://ourworldindata.org/coronavirus-source-data
	Worldometers - https://www.worldometers.info/coronavirus