
 Brazil 
Projecao:  10  dias
Gerado em:  2020-06-26 19:02:36
RMSE(%):  17.8 , BIAS(%): 5.67

Taxa de Mortalidade 4.39 %

    country       dias otimista casos_estimados pessimista estimativa_mortes casos_confirmados mortes_confirmadas latitude longitude
171  Brazil 2020-06-17   774611          941786    1108961             41337            955377              47748        0         0
172  Brazil 2020-06-18   807597          981891    1156185             43097            978142              48954        0         0
173  Brazil 2020-06-19   841988         1023704    1205420             44932           1032913              49976        0         0
174  Brazil 2020-06-20   877843         1067298    1256753             46846           1067579              50617        0         0
175  Brazil 2020-06-21   915225         1112748    1310271             48841           1085038              51271        0         0
176  Brazil 2020-06-22   954199         1160133    1366067             50920           1106470              52645        0         0
177  Brazil 2020-06-23   994834         1209537    1424240             53089           1145906              53830        0         0
178  Brazil 2020-06-24  1037198         1261044    1484890             55350           1188631              54971        0         0
179  Brazil 2020-06-25  1081366         1314745    1548124             57707           1228114              55961        0         0
180  Brazil 2020-06-26  1127415         1370732    1614049             60164           1274974              55961        0         0
181  Brazil 2020-06-27  1175426         1429104    1682782             62726                NA                 NA        0         0
182  Brazil 2020-06-28  1225480         1489961    1754442             65397                NA                 NA        0         0
183  Brazil 2020-06-29  1277666         1553410    1829154             68182                NA                 NA        0         0
184  Brazil 2020-06-30  1332075         1619561    1907047             71086                NA                 NA        0         0
185  Brazil 2020-07-01  1388799         1688528    1988257             74113                NA                 NA        0         0
186  Brazil 2020-07-02  1447941         1760433    2072925             77269                NA                 NA        0         0
187  Brazil 2020-07-03  1509600         1835400    2161200             80559                NA                 NA        0         0
188  Brazil 2020-07-04  1573886         1913559    2253232             83990                NA                 NA        0         0
189  Brazil 2020-07-05  1640908         1995046    2349184             87566                NA                 NA        0         0
190  Brazil 2020-07-06  1710785         2080004    2449223             91295                NA                 NA        0         0

Total de casos no mundo:  9877022 2962544 2037181 2388369 2117959 361023 9225 721 9877022

Estimados a partir dos dados da OMS:
    day       date       x    xest
1     1 2019-12-30       0     785
2     2 2019-12-31       0     819
3     3 2020-01-01       0     854
4     4 2020-01-02       0     890
5     5 2020-01-03       0     928
6     6 2020-01-04       0     967
7     7 2020-01-05       0    1009
8     8 2020-01-06       0    1052
9     9 2020-01-07       0    1096
10   10 2020-01-08       0    1143
11   11 2020-01-09       0    1192
12   12 2020-01-10       0    1242
13   13 2020-01-11       0    1295
14   14 2020-01-12       0    1351
15   15 2020-01-13       0    1408
16   16 2020-01-14       0    1468
17   17 2020-01-15       0    1530
18   18 2020-01-16       0    1596
19   19 2020-01-17       0    1664
20   20 2020-01-18       0    1734
21   21 2020-01-19       0    1808
22   22 2020-01-20       0    1885
23   23 2020-01-21       0    1966
24   24 2020-01-22       0    2049
25   25 2020-01-23       0    2137
26   26 2020-01-24       0    2228
27   27 2020-01-25       0    2322
28   28 2020-01-26       0    2421
29   29 2020-01-27       0    2524
30   30 2020-01-28       0    2632
31   31 2020-01-29       0    2744
32   32 2020-01-30       0    2861
33   33 2020-01-31       0    2983
34   34 2020-02-01       0    3110
35   35 2020-02-02       0    3242
36   36 2020-02-03       0    3380
37   37 2020-02-04       0    3524
38   38 2020-02-05       0    3674
39   39 2020-02-06       0    3831
40   40 2020-02-07       0    3994
41   41 2020-02-08       0    4164
42   42 2020-02-09       0    4341
43   43 2020-02-10       0    4526
44   44 2020-02-11       0    4719
45   45 2020-02-12       0    4920
46   46 2020-02-13       0    5129
47   47 2020-02-14       0    5348
48   48 2020-02-15       0    5575
49   49 2020-02-16       0    5813
50   50 2020-02-17       0    6060
51   51 2020-02-18       0    6318
52   52 2020-02-19       0    6588
53   53 2020-02-20       0    6868
54   54 2020-02-21       0    7161
55   55 2020-02-22       0    7465
56   56 2020-02-23       0    7783
57   57 2020-02-24       0    8115
58   58 2020-02-25       1    8460
59   59 2020-02-26       1    8821
60   60 2020-02-27       1    9196
61   61 2020-02-28       1    9588
62   62 2020-02-29       2    9996
63   63 2020-03-01       2   10422
64   64 2020-03-02       2   10866
65   65 2020-03-03       2   11328
66   66 2020-03-04       3   11811
67   67 2020-03-05       8   12314
68   68 2020-03-06      13   12838
69   69 2020-03-07      13   13385
70   70 2020-03-08      25   13955
71   71 2020-03-09      25   14549
72   72 2020-03-10      34   15169
73   73 2020-03-11      52   15815
74   74 2020-03-12      77   16488
75   75 2020-03-13      98   17190
76   76 2020-03-14     121   17922
77   77 2020-03-15     200   18685
78   78 2020-03-16     234   19481
79   79 2020-03-17     291   20311
80   80 2020-03-18     428   21176
81   81 2020-03-19     621   22077
82   82 2020-03-20     904   23018
83   83 2020-03-21    1128   23998
84   84 2020-03-22    1546   25020
85   85 2020-03-23    1891   26085
86   86 2020-03-24    2201   27196
87   87 2020-03-25    2433   28354
88   88 2020-03-26    2915   29561
89   89 2020-03-27    3417   30820
90   90 2020-03-28    3904   32133
91   91 2020-03-29    4256   33501
92   92 2020-03-30    4579   34928
93   93 2020-03-31    5717   36415
94   94 2020-04-01    6836   37966
95   95 2020-04-02    7910   39583
96   96 2020-04-03    9056   41268
97   97 2020-04-04   10278   43026
98   98 2020-04-05   11130   44858
99   99 2020-04-06   12056   46768
100 100 2020-04-07   13717   48760
101 101 2020-04-08   15927   50836
102 102 2020-04-09   17857   53001
103 103 2020-04-10   19638   55258
104 104 2020-04-11   20727   57611
105 105 2020-04-12   22169   60064
106 106 2020-04-13   23430   62622
107 107 2020-04-14   25262   65289
108 108 2020-04-15   28320   68069
109 109 2020-04-16   30425   70968
110 110 2020-04-17   33682   73990
111 111 2020-04-18   36599   77140
112 112 2020-04-19   38654   80425
113 113 2020-04-20   40581   83850
114 114 2020-04-21   43079   87421
115 115 2020-04-22   45757   91144
116 116 2020-04-23   49492   95025
117 117 2020-04-24   52995   99072
118 118 2020-04-25   58509  103291
119 119 2020-04-26   61888  107689
120 120 2020-04-27   66501  112275
121 121 2020-04-28   71886  117056
122 122 2020-04-29   78162  122041
123 123 2020-04-30   85380  127238
124 124 2020-05-01   91589  132656
125 125 2020-05-02   96559  138305
126 126 2020-05-03  101147  144195
127 127 2020-05-04  107780  150335
128 128 2020-05-05  114715  156737
129 129 2020-05-06  125218  163412
130 130 2020-05-07  135106  170371
131 131 2020-05-08  145328  177626
132 132 2020-05-09  155939  185190
133 133 2020-05-10  162699  193076
134 134 2020-05-11  168331  201298
135 135 2020-05-12  177589  209870
136 136 2020-05-13  188974  218807
137 137 2020-05-14  202918  228125
138 138 2020-05-15  218223  237839
139 139 2020-05-16  233142  247968
140 140 2020-05-17  241080  258527
141 141 2020-05-18  254220  269536
142 142 2020-05-19  271628  281014
143 143 2020-05-20  291579  292981
144 144 2020-05-21  310087  305457
145 145 2020-05-22  330890  318465
146 146 2020-05-23  347398  332027
147 147 2020-05-24  363211  346166
148 148 2020-05-25  374898  360907
149 149 2020-05-26  391222  376276
150 150 2020-05-27  411821  392299
151 151 2020-05-28  438238  409005
152 152 2020-05-29  465166  426422
153 153 2020-05-30  498440  444581
154 154 2020-05-31  514849  463513
155 155 2020-06-01  526447  483252
156 156 2020-06-02  555383  503831
157 157 2020-06-03  584016  525286
158 158 2020-06-04  614932  547655
159 159 2020-06-05  645762  570976
160 160 2020-06-06  672837  595291
161 161 2020-06-07  691758  620641
162 162 2020-06-08  707412  647071
163 163 2020-06-09  739503  674626
164 164 2020-06-10  772416  703354
165 165 2020-06-11  802828  733306
166 166 2020-06-12  828810  764533
167 167 2020-06-13  850514  797090
168 168 2020-06-14  867624  831034
169 169 2020-06-15  888271  866423
170 170 2020-06-16  923189  903319
171 171 2020-06-17  955377  941786
172 172 2020-06-18  978142  981891
173 173 2020-06-19 1032913 1023704
174 174 2020-06-20 1067579 1067298
175 175 2020-06-21 1085038 1112748
176 176 2020-06-22 1106470 1160133
177 177 2020-06-23 1145906 1209537
178 178 2020-06-24 1188631 1261044
179 179 2020-06-25 1228114 1314745
180 180 2020-06-26 1274974 1370732

Intervalo de Confianca
        2.5%     97.5%
b  635.49080 889.02754
y0  23.41514  24.55753


Formula: x ~ SSexp(day, b, y0)

Parameters:
   Estimate Std. Error t value      Pr(>|t|)    
b  4707.127    850.312   5.536       0.00055 ***
y0   32.168      1.062  30.293 0.00000000153 ***
---
Signif. codes:  0 ‘***’ 0.001 ‘**’ 0.01 ‘*’ 0.05 ‘.’ 0.1 ‘ ’ 1

Residual standard error: 10250 on 8 degrees of freedom

Number of iterations to convergence: 29 
Achieved convergence tolerance: 0.0000000149

Considerando os casos dos últimos 10 dias, temos:
Número de dias para dobrar:  32.2
Razao de crescimento:  4707.13

Todos os dados gerados
    country       dias otimista casos_estimados pessimista estimativa_mortes casos_confirmados mortes_confirmadas latitude longitude
1    Brazil 2019-12-30      646             785        924                34                 0                  0        0         0
2    Brazil 2019-12-31      674             819        964                36                 0                  0        0         0
3    Brazil 2020-01-01      702             854       1006                37                 0                  0        0         0
4    Brazil 2020-01-02      732             890       1048                39                 0                  0        0         0
5    Brazil 2020-01-03      763             928       1093                41                 0                  0        0         0
6    Brazil 2020-01-04      795             967       1139                42                 0                  0        0         0
7    Brazil 2020-01-05      830            1009       1188                44                 0                  0        0         0
8    Brazil 2020-01-06      865            1052       1239                46                 0                  0        0         0
9    Brazil 2020-01-07      901            1096       1291                48                 0                  0        0         0
10   Brazil 2020-01-08      940            1143       1346                50                 0                  0        0         0
11   Brazil 2020-01-09      980            1192       1404                52                 0                  0        0         0
12   Brazil 2020-01-10     1022            1242       1462                55                 0                  0        0         0
13   Brazil 2020-01-11     1065            1295       1525                57                 0                  0        0         0
14   Brazil 2020-01-12     1111            1351       1591                59                 0                  0        0         0
15   Brazil 2020-01-13     1158            1408       1658                62                 0                  0        0         0
16   Brazil 2020-01-14     1207            1468       1729                64                 0                  0        0         0
17   Brazil 2020-01-15     1258            1530       1802                67                 0                  0        0         0
18   Brazil 2020-01-16     1313            1596       1879                70                 0                  0        0         0
19   Brazil 2020-01-17     1369            1664       1959                73                 0                  0        0         0
20   Brazil 2020-01-18     1426            1734       2042                76                 0                  0        0         0
21   Brazil 2020-01-19     1487            1808       2129                79                 0                  0        0         0
22   Brazil 2020-01-20     1550            1885       2220                83                 0                  0        0         0
23   Brazil 2020-01-21     1617            1966       2315                86                 0                  0        0         0
24   Brazil 2020-01-22     1685            2049       2413                90                 0                  0        0         0
25   Brazil 2020-01-23     1758            2137       2516                94                 0                  0        0         0
26   Brazil 2020-01-24     1833            2228       2623                98                 0                  0        0         0
27   Brazil 2020-01-25     1910            2322       2734               102                 0                  0        0         0
28   Brazil 2020-01-26     1991            2421       2851               106                 0                  0        0         0
29   Brazil 2020-01-27     2076            2524       2972               111                 0                  0        0         0
30   Brazil 2020-01-28     2165            2632       3099               116                 0                  0        0         0
31   Brazil 2020-01-29     2257            2744       3231               120                 0                  0        0         0
32   Brazil 2020-01-30     2353            2861       3369               126                 0                  0        0         0
33   Brazil 2020-01-31     2453            2983       3513               131                 0                  0        0         0
34   Brazil 2020-02-01     2558            3110       3662               137                 0                  0        0         0
35   Brazil 2020-02-02     2667            3242       3817               142                 0                  0        0         0
36   Brazil 2020-02-03     2780            3380       3980               148                 0                  0        0         0
37   Brazil 2020-02-04     2898            3524       4150               155                 0                  0        0         0
38   Brazil 2020-02-05     3022            3674       4326               161                 0                  0        0         0
39   Brazil 2020-02-06     3151            3831       4511               168                 0                  0        0         0
40   Brazil 2020-02-07     3285            3994       4703               175                 0                  0        0         0
41   Brazil 2020-02-08     3425            4164       4903               183                 0                  0        0         0
42   Brazil 2020-02-09     3570            4341       5112               191                 0                  0        0         0
43   Brazil 2020-02-10     3723            4526       5329               199                 0                  0        0         0
44   Brazil 2020-02-11     3881            4719       5557               207                 0                  0        0         0
45   Brazil 2020-02-12     4047            4920       5793               216                 0                  0        0         0
46   Brazil 2020-02-13     4219            5129       6039               225                 0                  0        0         0
47   Brazil 2020-02-14     4399            5348       6297               235                 0                  0        0         0
48   Brazil 2020-02-15     4585            5575       6565               245                 0                  0        0         0
49   Brazil 2020-02-16     4781            5813       6845               255                 0                  0        0         0
50   Brazil 2020-02-17     4984            6060       7136               266                 0                  0        0         0
51   Brazil 2020-02-18     5196            6318       7440               277                 0                  0        0         0
52   Brazil 2020-02-19     5419            6588       7757               289                 0                  0        0         0
53   Brazil 2020-02-20     5649            6868       8087               301                 0                  0        0         0
54   Brazil 2020-02-21     5890            7161       8432               314                 0                  0        0         0
55   Brazil 2020-02-22     6140            7465       8790               328                 0                  0        0         0
56   Brazil 2020-02-23     6401            7783       9165               342                 0                  0        0         0
57   Brazil 2020-02-24     6675            8115       9555               356                 0                  0        0         0
58   Brazil 2020-02-25     6958            8460       9962               371                 1                  0        0         0
59   Brazil 2020-02-26     7255            8821      10387               387                 1                  0        0         0
60   Brazil 2020-02-27     7564            9196      10828               404                 1                  0        0         0
61   Brazil 2020-02-28     7886            9588      11290               421                 1                  0        0         0
62   Brazil 2020-02-29     8222            9996      11770               439                 2                  0        0         0
63   Brazil 2020-03-01     8572           10422      12272               457                 2                  0        0         0
64   Brazil 2020-03-02     8937           10866      12795               477                 2                  0        0         0
65   Brazil 2020-03-03     9317           11328      13339               497                 2                  0        0         0
66   Brazil 2020-03-04     9714           11811      13908               518                 3                  0        0         0
67   Brazil 2020-03-05    10128           12314      14500               540                 8                  0        0         0
68   Brazil 2020-03-06    10559           12838      15117               563                13                  0        0         0
69   Brazil 2020-03-07    11009           13385      15761               587                13                  0        0         0
70   Brazil 2020-03-08    11478           13955      16432               613                25                  0        0         0
71   Brazil 2020-03-09    11966           14549      17132               639                25                  0        0         0
72   Brazil 2020-03-10    12476           15169      17862               666                34                  0        0         0
73   Brazil 2020-03-11    13008           15815      18622               694                52                  0        0         0
74   Brazil 2020-03-12    13561           16488      19415               724                77                  0        0         0
75   Brazil 2020-03-13    14139           17190      20241               755                98                  0        0         0
76   Brazil 2020-03-14    14741           17922      21103               787               121                  0        0         0
77   Brazil 2020-03-15    15368           18685      22002               820               200                  0        0         0
78   Brazil 2020-03-16    16023           19481      22939               855               234                  1        0         0
79   Brazil 2020-03-17    16706           20311      23916               891               291                  4        0         0
80   Brazil 2020-03-18    17417           21176      24935               929               428                  6        0         0
81   Brazil 2020-03-19    18158           22077      25996               969               621                 11        0         0
82   Brazil 2020-03-20    18932           23018      27104              1010               904                 18        0         0
83   Brazil 2020-03-21    19738           23998      28258              1053              1128                 25        0         0
84   Brazil 2020-03-22    20579           25020      29461              1098              1546                 34        0         0
85   Brazil 2020-03-23    21455           26085      30715              1145              1891                 46        0         0
86   Brazil 2020-03-24    22368           27196      32024              1194              2201                 57        0         0
87   Brazil 2020-03-25    23321           28354      33387              1245              2433                 77        0         0
88   Brazil 2020-03-26    24314           29561      34808              1297              2915                 92        0         0
89   Brazil 2020-03-27    25349           30820      36291              1353              3417                114        0         0
90   Brazil 2020-03-28    26429           32133      37837              1410              3904                136        0         0
91   Brazil 2020-03-29    27554           33501      39448              1470              4256                159        0         0
92   Brazil 2020-03-30    28728           34928      41128              1533              4579                201        0         0
93   Brazil 2020-03-31    29951           36415      42879              1598              5717                241        0         0
94   Brazil 2020-04-01    31227           37966      44705              1666              6836                299        0         0
95   Brazil 2020-04-02    32557           39583      46609              1737              7910                359        0         0
96   Brazil 2020-04-03    33943           41268      48593              1811              9056                432        0         0
97   Brazil 2020-04-04    35389           43026      50663              1888             10278                486        0         0
98   Brazil 2020-04-05    36895           44858      52821              1969             11130                553        0         0
99   Brazil 2020-04-06    38466           46768      55070              2053             12056                667        0         0
100  Brazil 2020-04-07    40105           48760      57415              2140             13717                800        0         0
101  Brazil 2020-04-08    41812           50836      59860              2231             15927                941        0         0
102  Brazil 2020-04-09    43593           53001      62409              2326             17857               1056        0         0
103  Brazil 2020-04-10    45449           55258      65067              2425             19638               1124        0         0
104  Brazil 2020-04-11    47385           57611      67837              2529             20727               1223        0         0
105  Brazil 2020-04-12    49402           60064      70726              2636             22169               1328        0         0
106  Brazil 2020-04-13    51506           62622      73738              2749             23430               1532        0         0
107  Brazil 2020-04-14    53700           65289      76878              2866             25262               1736        0         0
108  Brazil 2020-04-15    55986           68069      80152              2988             28320               1924        0         0
109  Brazil 2020-04-16    58371           70968      83565              3115             30425               2141        0         0
110  Brazil 2020-04-17    60856           73990      87124              3248             33682               2347        0         0
111  Brazil 2020-04-18    63447           77140      90833              3386             36599               2462        0         0
112  Brazil 2020-04-19    66149           80425      94701              3530             38654               2575        0         0
113  Brazil 2020-04-20    68966           83850      98734              3680             40581               2741        0         0
114  Brazil 2020-04-21    71903           87421     102939              3837             43079               2906        0         0
115  Brazil 2020-04-22    74965           91144     107323              4000             45757               3313        0         0
116  Brazil 2020-04-23    78157           95025     111893              4171             49492               3670        0         0
117  Brazil 2020-04-24    81486           99072     116658              4348             52995               4016        0         0
118  Brazil 2020-04-25    84956          103291     121626              4534             58509               4205        0         0
119  Brazil 2020-04-26    88573          107689     126805              4727             61888               4543        0         0
120  Brazil 2020-04-27    92345          112275     132205              4928             66501               5017        0         0
121  Brazil 2020-04-28    96278          117056     137834              5138             71886               5466        0         0
122  Brazil 2020-04-29   100378          122041     143704              5357             78162               5901        0         0
123  Brazil 2020-04-30   104652          127238     149824              5585             85380               6329        0         0
124  Brazil 2020-05-01   109108          132656     156204              5823             91589               6750        0         0
125  Brazil 2020-05-02   113755          138305     162855              6070             96559               7025        0         0
126  Brazil 2020-05-03   118599          144195     169791              6329            101147               7321        0         0
127  Brazil 2020-05-04   123649          150335     177021              6598            107780               7921        0         0
128  Brazil 2020-05-05   128915          156737     184559              6879            114715               8536        0         0
129  Brazil 2020-05-06   134405          163412     192419              7172            125218               9146        0         0
130  Brazil 2020-05-07   140129          170371     200613              7478            135106               9897        0         0
131  Brazil 2020-05-08   146096          177626     209156              7796            145328              10627        0         0
132  Brazil 2020-05-09   152317          185190     218063              8128            155939              11123        0         0
133  Brazil 2020-05-10   158803          193076     227349              8474            162699              11519        0         0
134  Brazil 2020-05-11   165566          201298     237030              8835            168331              12400        0         0
135  Brazil 2020-05-12   172616          209870     247124              9212            177589              13149        0         0
136  Brazil 2020-05-13   179967          218807     257647              9604            188974              13993        0         0
137  Brazil 2020-05-14   187631          228125     268619             10013            202918              14817        0         0
138  Brazil 2020-05-15   195620          237839     280058             10439            218223              15633        0         0
139  Brazil 2020-05-16   203952          247968     291984             10884            233142              16118        0         0
140  Brazil 2020-05-17   212636          258527     304418             11347            241080              16792        0         0
141  Brazil 2020-05-18   221691          269536     317381             11830            254220              17971        0         0
142  Brazil 2020-05-19   231132          281014     330896             12334            271628              18859        0         0
143  Brazil 2020-05-20   240974          292981     344988             12859            291579              20047        0         0
144  Brazil 2020-05-21   251236          305457     359678             13407            310087              21048        0         0
145  Brazil 2020-05-22   261935          318465     374995             13978            330890              22013        0         0
146  Brazil 2020-05-23   273089          332027     390965             14573            347398              22666        0         0
147  Brazil 2020-05-24   284719          346166     407613             15194            363211              23473        0         0
148  Brazil 2020-05-25   296843          360907     424971             15841            374898              24512        0         0
149  Brazil 2020-05-26   309484          376276     443068             16515            391222              25598        0         0
150  Brazil 2020-05-27   322662          392299     461936             17219            411821              26754        0         0
151  Brazil 2020-05-28   336403          409005     481607             17952            438238              27878        0         0
152  Brazil 2020-05-29   350728          426422     502116             18716            465166              28834        0         0
153  Brazil 2020-05-30   365664          444581     523498             19513            498440              29314        0         0
154  Brazil 2020-05-31   381235          463513     545791             20344            514849              29937        0         0
155  Brazil 2020-06-01   397471          483252     569033             21211            526447              31199        0         0
156  Brazil 2020-06-02   414397          503831     593265             22114            555383              32548        0         0
157  Brazil 2020-06-03   432043          525286     618529             23056            584016              34021        0         0
158  Brazil 2020-06-04   450441          547655     644869             24038            614932              35026        0         0
159  Brazil 2020-06-05   469623          570976     672329             25061            645762              35930        0         0
160  Brazil 2020-06-06   489622          595291     700960             26128            672837              36455        0         0
161  Brazil 2020-06-07   510472          620641     730810             27241            691758              37134        0         0
162  Brazil 2020-06-08   532210          647071     761932             28401            707412              38406        0         0
163  Brazil 2020-06-09   554874          674626     794378             29611            739503              39680        0         0
164  Brazil 2020-06-10   578503          703354     828205             30872            772416              40919        0         0
165  Brazil 2020-06-11   603138          733306     863474             32186            802828              41828        0         0
166  Brazil 2020-06-12   628822          764533     900244             33557            828810              42720        0         0
167  Brazil 2020-06-13   655600          797090     938580             34986            850514              43332        0         0
168  Brazil 2020-06-14   683518          831034     978550             36476            867624              43959        0         0
169  Brazil 2020-06-15   712625          866423    1020221             38029            888271              45241        0         0
170  Brazil 2020-06-16   742972          903319    1063666             39648            923189              46510        0         0
171  Brazil 2020-06-17   774611          941786    1108961             41337            955377              47748        0         0
172  Brazil 2020-06-18   807597          981891    1156185             43097            978142              48954        0         0
173  Brazil 2020-06-19   841988         1023704    1205420             44932           1032913              49976        0         0
174  Brazil 2020-06-20   877843         1067298    1256753             46846           1067579              50617        0         0
175  Brazil 2020-06-21   915225         1112748    1310271             48841           1085038              51271        0         0
176  Brazil 2020-06-22   954199         1160133    1366067             50920           1106470              52645        0         0
177  Brazil 2020-06-23   994834         1209537    1424240             53089           1145906              53830        0         0
178  Brazil 2020-06-24  1037198         1261044    1484890             55350           1188631              54971        0         0
179  Brazil 2020-06-25  1081366         1314745    1548124             57707           1228114              55961        0         0
180  Brazil 2020-06-26  1127415         1370732    1614049             60164           1274974              55961        0         0
181  Brazil 2020-06-27  1175426         1429104    1682782             62726                NA                 NA        0         0
182  Brazil 2020-06-28  1225480         1489961    1754442             65397                NA                 NA        0         0
183  Brazil 2020-06-29  1277666         1553410    1829154             68182                NA                 NA        0         0
184  Brazil 2020-06-30  1332075         1619561    1907047             71086                NA                 NA        0         0
185  Brazil 2020-07-01  1388799         1688528    1988257             74113                NA                 NA        0         0
186  Brazil 2020-07-02  1447941         1760433    2072925             77269                NA                 NA        0         0
187  Brazil 2020-07-03  1509600         1835400    2161200             80559                NA                 NA        0         0
188  Brazil 2020-07-04  1573886         1913559    2253232             83990                NA                 NA        0         0
189  Brazil 2020-07-05  1640908         1995046    2349184             87566                NA                 NA        0         0
190  Brazil 2020-07-06  1710785         2080004    2449223             91295                NA                 NA        0         0

Fontes:
	OMS - https://ourworldindata.org/coronavirus-source-data
	Worldometers - https://www.worldometers.info/coronavirus