
 Brazil 
Projecao:  7  dias
Gerado em:  2020-04-29 23:51:39
RMSE(%):  15.4 , BIAS(%): 4.91

Taxa de Mortalidade 6.92 %

    country       dias otimista casos_estimados pessimista estimativa_mortes casos_confirmados mortes_confirmadas latitude longitude
110  Brazil 2020-04-17    25910           30613      35316              2118             33682               2347        0         0
111  Brazil 2020-04-18    28082           33179      38276              2295             36599               2462        0         0
112  Brazil 2020-04-19    30436           35960      41484              2488             38654               2575        0         0
113  Brazil 2020-04-20    32987           38974      44961              2696             40581               2741        0         0
114  Brazil 2020-04-21    35752           42241      48730              2922             43079               2906        0         0
115  Brazil 2020-04-22    38749           45782      52815              3167             45757               3313        0         0
116  Brazil 2020-04-23    41996           49619      57242              3433             49492               3670        0         0
117  Brazil 2020-04-24    45517           53779      62041              3721             52995               4016        0         0
118  Brazil 2020-04-25    49332           58286      67240              4033             58509               4205        0         0
119  Brazil 2020-04-26    53467           63172      72877              4371             61888               4543        0         0
120  Brazil 2020-04-27    57949           68467      78985              4737             66501               5017        0         0
121  Brazil 2020-04-28    62806           74206      85606              5134             71886               5513        0         0
122  Brazil 2020-04-29    68072           80427      92782              5564             79685               5513        0         0
123  Brazil 2020-04-30    73777           87168     100559              6031                NA                 NA        0         0
124  Brazil 2020-05-01    79962           94475     108988              6536                NA                 NA        0         0
125  Brazil 2020-05-02    86664          102394     118124              7084                NA                 NA        0         0
126  Brazil 2020-05-03    93929          110977     128025              7678                NA                 NA        0         0
127  Brazil 2020-05-04   101802          120279     138756              8321                NA                 NA        0         0
128  Brazil 2020-05-05   110335          130361     150387              9019                NA                 NA        0         0
129  Brazil 2020-05-06   119584          141289     162994              9775                NA                 NA        0         0

Total de casos no mundo:  3220182 1152518 1347380 507336 166204 8330 37693 721 3220182

Estimados a partir dos dados da OMS:
    day       date     x  xest
1     1 2019-12-30     0     5
2     2 2019-12-31     0     5
3     3 2020-01-01     0     6
4     4 2020-01-02     0     6
5     5 2020-01-03     0     7
6     6 2020-01-04     0     7
7     7 2020-01-05     0     8
8     8 2020-01-06     0     8
9     9 2020-01-07     0     9
10   10 2020-01-08     0    10
11   11 2020-01-09     0    11
12   12 2020-01-10     0    11
13   13 2020-01-11     0    12
14   14 2020-01-12     0    13
15   15 2020-01-13     0    15
16   16 2020-01-14     0    16
17   17 2020-01-15     0    17
18   18 2020-01-16     0    19
19   19 2020-01-17     0    20
20   20 2020-01-18     0    22
21   21 2020-01-19     0    24
22   22 2020-01-20     0    26
23   23 2020-01-21     0    28
24   24 2020-01-22     0    30
25   25 2020-01-23     0    33
26   26 2020-01-24     0    35
27   27 2020-01-25     0    38
28   28 2020-01-26     0    42
29   29 2020-01-27     0    45
30   30 2020-01-28     0    49
31   31 2020-01-29     0    53
32   32 2020-01-30     0    57
33   33 2020-01-31     0    62
34   34 2020-02-01     0    67
35   35 2020-02-02     0    73
36   36 2020-02-03     0    79
37   37 2020-02-04     0    86
38   38 2020-02-05     0    93
39   39 2020-02-06     0   101
40   40 2020-02-07     0   109
41   41 2020-02-08     0   119
42   42 2020-02-09     0   128
43   43 2020-02-10     0   139
44   44 2020-02-11     0   151
45   45 2020-02-12     0   164
46   46 2020-02-13     0   177
47   47 2020-02-14     0   192
48   48 2020-02-15     0   208
49   49 2020-02-16     0   226
50   50 2020-02-17     0   245
51   51 2020-02-18     0   265
52   52 2020-02-19     0   287
53   53 2020-02-20     0   311
54   54 2020-02-21     0   337
55   55 2020-02-22     0   366
56   56 2020-02-23     0   396
57   57 2020-02-24     0   430
58   58 2020-02-25     1   466
59   59 2020-02-26     1   505
60   60 2020-02-27     1   547
61   61 2020-02-28     1   593
62   62 2020-02-29     2   643
63   63 2020-03-01     2   696
64   64 2020-03-02     2   755
65   65 2020-03-03     2   818
66   66 2020-03-04     3   887
67   67 2020-03-05     8   961
68   68 2020-03-06    13  1042
69   69 2020-03-07    13  1129
70   70 2020-03-08    25  1223
71   71 2020-03-09    25  1326
72   72 2020-03-10    34  1437
73   73 2020-03-11    52  1558
74   74 2020-03-12    77  1688
75   75 2020-03-13    98  1830
76   76 2020-03-14   121  1983
77   77 2020-03-15   200  2149
78   78 2020-03-16   234  2329
79   79 2020-03-17   291  2525
80   80 2020-03-18   428  2736
81   81 2020-03-19   621  2966
82   82 2020-03-20   904  3214
83   83 2020-03-21  1128  3484
84   84 2020-03-22  1546  3776
85   85 2020-03-23  1891  4092
86   86 2020-03-24  2201  4435
87   87 2020-03-25  2433  4807
88   88 2020-03-26  2915  5210
89   89 2020-03-27  3417  5647
90   90 2020-03-28  3904  6120
91   91 2020-03-29  4256  6633
92   92 2020-03-30  4579  7189
93   93 2020-03-31  5717  7791
94   94 2020-04-01  6836  8444
95   95 2020-04-02  7910  9152
96   96 2020-04-03  9056  9919
97   97 2020-04-04 10278 10751
98   98 2020-04-05 11130 11652
99   99 2020-04-06 12056 12629
100 100 2020-04-07 13717 13687
101 101 2020-04-08 15927 14835
102 102 2020-04-09 17857 16078
103 103 2020-04-10 19638 17426
104 104 2020-04-11 20727 18887
105 105 2020-04-12 22169 20470
106 106 2020-04-13 23430 22186
107 107 2020-04-14 25262 24045
108 108 2020-04-15 28320 26061
109 109 2020-04-16 30425 28245
110 110 2020-04-17 33682 30613
111 111 2020-04-18 36599 33179
112 112 2020-04-19 38654 35960
113 113 2020-04-20 40581 38974
114 114 2020-04-21 43079 42241
115 115 2020-04-22 45757 45782
116 116 2020-04-23 49492 49619
117 117 2020-04-24 52995 53779
118 118 2020-04-25 58509 58286
119 119 2020-04-26 61888 63172
120 120 2020-04-27 66501 68467
121 121 2020-04-28 71886 74206
122 122 2020-04-29 79685 80427

Intervalo de Confianca
        2.5%     97.5%
b   3.523986  5.391747
y0 12.144620 12.708253


Formula: x ~ SSexp(day, b, y0)

Parameters:
   Estimate Std. Error t value        Pr(>|t|)    
b    7.6683     1.4876   5.155        0.000869 ***
y0  13.2161     0.2854  46.312 0.0000000000522 ***
---
Signif. codes:  0 ‘***’ 0.001 ‘**’ 0.01 ‘*’ 0.05 ‘.’ 0.1 ‘ ’ 1

Residual standard error: 818.7 on 8 degrees of freedom

Number of iterations to convergence: 8 
Achieved convergence tolerance: 0.0000000149

Considerando os casos dos últimos 10 dias, temos:
Número de dias para dobrar:  7.7
Razao de crescimento:  7.67

Todos os dados gerados
    country       dias otimista casos_estimados pessimista estimativa_mortes casos_confirmados mortes_confirmadas latitude longitude
1    Brazil 2019-12-30        4               5          6                 0                 0                  0        0         0
2    Brazil 2019-12-31        4               5          6                 0                 0                  0        0         0
3    Brazil 2020-01-01        5               6          7                 0                 0                  0        0         0
4    Brazil 2020-01-02        5               6          7                 0                 0                  0        0         0
5    Brazil 2020-01-03        6               7          8                 0                 0                  0        0         0
6    Brazil 2020-01-04        6               7          8                 0                 0                  0        0         0
7    Brazil 2020-01-05        7               8          9                 1                 0                  0        0         0
8    Brazil 2020-01-06        7               8          9                 1                 0                  0        0         0
9    Brazil 2020-01-07        8               9         10                 1                 0                  0        0         0
10   Brazil 2020-01-08        8              10         12                 1                 0                  0        0         0
11   Brazil 2020-01-09        9              11         13                 1                 0                  0        0         0
12   Brazil 2020-01-10        9              11         13                 1                 0                  0        0         0
13   Brazil 2020-01-11       10              12         14                 1                 0                  0        0         0
14   Brazil 2020-01-12       11              13         15                 1                 0                  0        0         0
15   Brazil 2020-01-13       13              15         17                 1                 0                  0        0         0
16   Brazil 2020-01-14       14              16         18                 1                 0                  0        0         0
17   Brazil 2020-01-15       14              17         20                 1                 0                  0        0         0
18   Brazil 2020-01-16       16              19         22                 1                 0                  0        0         0
19   Brazil 2020-01-17       17              20         23                 1                 0                  0        0         0
20   Brazil 2020-01-18       19              22         25                 2                 0                  0        0         0
21   Brazil 2020-01-19       20              24         28                 2                 0                  0        0         0
22   Brazil 2020-01-20       22              26         30                 2                 0                  0        0         0
23   Brazil 2020-01-21       24              28         32                 2                 0                  0        0         0
24   Brazil 2020-01-22       25              30         35                 2                 0                  0        0         0
25   Brazil 2020-01-23       28              33         38                 2                 0                  0        0         0
26   Brazil 2020-01-24       30              35         40                 2                 0                  0        0         0
27   Brazil 2020-01-25       32              38         44                 3                 0                  0        0         0
28   Brazil 2020-01-26       36              42         48                 3                 0                  0        0         0
29   Brazil 2020-01-27       38              45         52                 3                 0                  0        0         0
30   Brazil 2020-01-28       41              49         57                 3                 0                  0        0         0
31   Brazil 2020-01-29       45              53         61                 4                 0                  0        0         0
32   Brazil 2020-01-30       48              57         66                 4                 0                  0        0         0
33   Brazil 2020-01-31       52              62         72                 4                 0                  0        0         0
34   Brazil 2020-02-01       57              67         77                 5                 0                  0        0         0
35   Brazil 2020-02-02       62              73         84                 5                 0                  0        0         0
36   Brazil 2020-02-03       67              79         91                 5                 0                  0        0         0
37   Brazil 2020-02-04       73              86         99                 6                 0                  0        0         0
38   Brazil 2020-02-05       79              93        107                 6                 0                  0        0         0
39   Brazil 2020-02-06       85             101        117                 7                 0                  0        0         0
40   Brazil 2020-02-07       92             109        126                 8                 0                  0        0         0
41   Brazil 2020-02-08      101             119        137                 8                 0                  0        0         0
42   Brazil 2020-02-09      108             128        148                 9                 0                  0        0         0
43   Brazil 2020-02-10      118             139        160                10                 0                  0        0         0
44   Brazil 2020-02-11      128             151        174                10                 0                  0        0         0
45   Brazil 2020-02-12      139             164        189                11                 0                  0        0         0
46   Brazil 2020-02-13      150             177        204                12                 0                  0        0         0
47   Brazil 2020-02-14      163             192        221                13                 0                  0        0         0
48   Brazil 2020-02-15      176             208        240                14                 0                  0        0         0
49   Brazil 2020-02-16      191             226        261                16                 0                  0        0         0
50   Brazil 2020-02-17      207             245        283                17                 0                  0        0         0
51   Brazil 2020-02-18      224             265        306                18                 0                  0        0         0
52   Brazil 2020-02-19      243             287        331                20                 0                  0        0         0
53   Brazil 2020-02-20      263             311        359                22                 0                  0        0         0
54   Brazil 2020-02-21      285             337        389                23                 0                  0        0         0
55   Brazil 2020-02-22      310             366        422                25                 0                  0        0         0
56   Brazil 2020-02-23      335             396        457                27                 0                  0        0         0
57   Brazil 2020-02-24      364             430        496                30                 0                  0        0         0
58   Brazil 2020-02-25      394             466        538                32                 1                  0        0         0
59   Brazil 2020-02-26      427             505        583                35                 1                  0        0         0
60   Brazil 2020-02-27      463             547        631                38                 1                  0        0         0
61   Brazil 2020-02-28      502             593        684                41                 1                  0        0         0
62   Brazil 2020-02-29      544             643        742                44                 2                  0        0         0
63   Brazil 2020-03-01      589             696        803                48                 2                  0        0         0
64   Brazil 2020-03-02      639             755        871                52                 2                  0        0         0
65   Brazil 2020-03-03      692             818        944                57                 2                  0        0         0
66   Brazil 2020-03-04      751             887       1023                61                 3                  0        0         0
67   Brazil 2020-03-05      813             961       1109                66                 8                  0        0         0
68   Brazil 2020-03-06      882            1042       1202                72                13                  0        0         0
69   Brazil 2020-03-07      956            1129       1302                78                13                  0        0         0
70   Brazil 2020-03-08     1035            1223       1411                85                25                  0        0         0
71   Brazil 2020-03-09     1122            1326       1530                92                25                  0        0         0
72   Brazil 2020-03-10     1216            1437       1658                99                34                  0        0         0
73   Brazil 2020-03-11     1319            1558       1797               108                52                  0        0         0
74   Brazil 2020-03-12     1429            1688       1947               117                77                  0        0         0
75   Brazil 2020-03-13     1549            1830       2111               127                98                  0        0         0
76   Brazil 2020-03-14     1678            1983       2288               137               121                  0        0         0
77   Brazil 2020-03-15     1819            2149       2479               149               200                  0        0         0
78   Brazil 2020-03-16     1971            2329       2687               161               234                  1        0         0
79   Brazil 2020-03-17     2137            2525       2913               175               291                  4        0         0
80   Brazil 2020-03-18     2316            2736       3156               189               428                  6        0         0
81   Brazil 2020-03-19     2510            2966       3422               205               621                 11        0         0
82   Brazil 2020-03-20     2720            3214       3708               222               904                 18        0         0
83   Brazil 2020-03-21     2949            3484       4019               241              1128                 25        0         0
84   Brazil 2020-03-22     3196            3776       4356               261              1546                 34        0         0
85   Brazil 2020-03-23     3463            4092       4721               283              1891                 46        0         0
86   Brazil 2020-03-24     3754            4435       5116               307              2201                 57        0         0
87   Brazil 2020-03-25     4069            4807       5545               333              2433                 77        0         0
88   Brazil 2020-03-26     4410            5210       6010               360              2915                 92        0         0
89   Brazil 2020-03-27     4780            5647       6514               391              3417                114        0         0
90   Brazil 2020-03-28     5180            6120       7060               423              3904                136        0         0
91   Brazil 2020-03-29     5614            6633       7652               459              4256                159        0         0
92   Brazil 2020-03-30     6085            7189       8293               497              4579                201        0         0
93   Brazil 2020-03-31     6594            7791       8988               539              5717                241        0         0
94   Brazil 2020-04-01     7147            8444       9741               584              6836                299        0         0
95   Brazil 2020-04-02     7746            9152      10558               633              7910                359        0         0
96   Brazil 2020-04-03     8395            9919      11443               686              9056                432        0         0
97   Brazil 2020-04-04     9099           10751      12403               744             10278                486        0         0
98   Brazil 2020-04-05     9862           11652      13442               806             11130                553        0         0
99   Brazil 2020-04-06    10689           12629      14569               874             12056                667        0         0
100  Brazil 2020-04-07    11584           13687      15790               947             13717                800        0         0
101  Brazil 2020-04-08    12556           14835      17114              1026             15927                941        0         0
102  Brazil 2020-04-09    13608           16078      18548              1112             17857               1056        0         0
103  Brazil 2020-04-10    14749           17426      20103              1206             19638               1124        0         0
104  Brazil 2020-04-11    15986           18887      21788              1307             20727               1223        0         0
105  Brazil 2020-04-12    17325           20470      23615              1416             22169               1328        0         0
106  Brazil 2020-04-13    18778           22186      25594              1535             23430               1532        0         0
107  Brazil 2020-04-14    20351           24045      27739              1664             25262               1736        0         0
108  Brazil 2020-04-15    22057           26061      30065              1803             28320               1924        0         0
109  Brazil 2020-04-16    23906           28245      32584              1954             30425               2141        0         0
110  Brazil 2020-04-17    25910           30613      35316              2118             33682               2347        0         0
111  Brazil 2020-04-18    28082           33179      38276              2295             36599               2462        0         0
112  Brazil 2020-04-19    30436           35960      41484              2488             38654               2575        0         0
113  Brazil 2020-04-20    32987           38974      44961              2696             40581               2741        0         0
114  Brazil 2020-04-21    35752           42241      48730              2922             43079               2906        0         0
115  Brazil 2020-04-22    38749           45782      52815              3167             45757               3313        0         0
116  Brazil 2020-04-23    41996           49619      57242              3433             49492               3670        0         0
117  Brazil 2020-04-24    45517           53779      62041              3721             52995               4016        0         0
118  Brazil 2020-04-25    49332           58286      67240              4033             58509               4205        0         0
119  Brazil 2020-04-26    53467           63172      72877              4371             61888               4543        0         0
120  Brazil 2020-04-27    57949           68467      78985              4737             66501               5017        0         0
121  Brazil 2020-04-28    62806           74206      85606              5134             71886               5513        0         0
122  Brazil 2020-04-29    68072           80427      92782              5564             79685               5513        0         0
123  Brazil 2020-04-30    73777           87168     100559              6031                NA                 NA        0         0
124  Brazil 2020-05-01    79962           94475     108988              6536                NA                 NA        0         0
125  Brazil 2020-05-02    86664          102394     118124              7084                NA                 NA        0         0
126  Brazil 2020-05-03    93929          110977     128025              7678                NA                 NA        0         0
127  Brazil 2020-05-04   101802          120279     138756              8321                NA                 NA        0         0
128  Brazil 2020-05-05   110335          130361     150387              9019                NA                 NA        0         0
129  Brazil 2020-05-06   119584          141289     162994              9775                NA                 NA        0         0

Fontes:
	OMS - https://ourworldindata.org/coronavirus-source-data
	Worldometers - https://www.worldometers.info/coronavirus