
 Italy 
Projecao:  7  dias
Gerado em:  2020-04-25 12:51:02
RMSE(%):  36.2 , BIAS(%): 9.58

Taxa de Mortalidade 13.46 %

    country       dias otimista casos_estimados pessimista estimativa_mortes casos_confirmados mortes_confirmadas latitude longitude
106   Italy 2020-04-13    90514          141788     193062             19079            159516              21069 41.87194  12.56738
107   Italy 2020-04-14    94467          147980     201493             19912            162488              21647 41.87194  12.56738
108   Italy 2020-04-15    98592          154442     210292             20781            165155              22172 41.87194  12.56738
109   Italy 2020-04-16   102898          161187     219476             21689            168941              22747 41.87194  12.56738
110   Italy 2020-04-17   107392          168226     229060             22636            172434              23227 41.87194  12.56738
111   Italy 2020-04-18   112082          175573     239064             23625            175925              23660 41.87194  12.56738
112   Italy 2020-04-19   116977          183241     249505             24657            178972              24114 41.87194  12.56738
113   Italy 2020-04-20   122085          191243     260401             25733            181228              24648 41.87194  12.56738
114   Italy 2020-04-21   127417          199595     271773             26857            183957              25085 41.87194  12.56738
115   Italy 2020-04-22   132982          208312     283642             28030            187327              25549 41.87194  12.56738
116   Italy 2020-04-23   138789          217409     296029             29254            189973              25969 41.87194  12.56738
117   Italy 2020-04-24   144850          226904     308958             30532            192994              25969 41.87194  12.56738
118   Italy 2020-04-25   151176          236813     322450             31865            192994              25969 41.87194  12.56738
119   Italy 2020-04-26   157779          247156     336533             33257                NA                 NA 41.87194  12.56738
120   Italy 2020-04-27   164669          257949     351229             34709                NA                 NA 41.87194  12.56738
121   Italy 2020-04-28   171861          269215     366569             36225                NA                 NA 41.87194  12.56738
122   Italy 2020-04-29   179366          280972     382578             37807                NA                 NA 41.87194  12.56738
123   Italy 2020-04-30   187199          293242     399285             39458                NA                 NA 41.87194  12.56738
124   Italy 2020-05-01   195375          306049     416723             41182                NA                 NA 41.87194  12.56738
125   Italy 2020-05-02   203907          319414     434921             42980                NA                 NA 41.87194  12.56738

Total de casos no mundo:  2865217 1002325 1246755 454863 121874 8257 30422 721 2865217

Estimados a partir dos dados da OMS:
    day       date      x   xest
1     1 2019-12-30      0   1594
2     2 2019-12-31      0   1663
3     3 2020-01-01      0   1736
4     4 2020-01-02      0   1812
5     5 2020-01-03      0   1891
6     6 2020-01-04      0   1973
7     7 2020-01-05      0   2060
8     8 2020-01-06      0   2150
9     9 2020-01-07      0   2244
10   10 2020-01-08      0   2341
11   11 2020-01-09      0   2444
12   12 2020-01-10      0   2550
13   13 2020-01-11      0   2662
14   14 2020-01-12      0   2778
15   15 2020-01-13      0   2899
16   16 2020-01-14      0   3026
17   17 2020-01-15      0   3158
18   18 2020-01-16      0   3296
19   19 2020-01-17      0   3440
20   20 2020-01-18      0   3590
21   21 2020-01-19      0   3747
22   22 2020-01-20      0   3911
23   23 2020-01-21      0   4082
24   24 2020-01-22      0   4260
25   25 2020-01-23      0   4446
26   26 2020-01-24      0   4640
27   27 2020-01-25      0   4843
28   28 2020-01-26      0   5054
29   29 2020-01-27      0   5275
30   30 2020-01-28      0   5505
31   31 2020-01-29      0   5746
32   32 2020-01-30      3   5997
33   33 2020-01-31      3   6258
34   34 2020-02-01      3   6532
35   35 2020-02-02      3   6817
36   36 2020-02-03      3   7115
37   37 2020-02-04      3   7425
38   38 2020-02-05      3   7750
39   39 2020-02-06      3   8088
40   40 2020-02-07      3   8441
41   41 2020-02-08      3   8810
42   42 2020-02-09      3   9195
43   43 2020-02-10      3   9596
44   44 2020-02-11      3  10015
45   45 2020-02-12      3  10453
46   46 2020-02-13      3  10909
47   47 2020-02-14      3  11386
48   48 2020-02-15      3  11883
49   49 2020-02-16      3  12402
50   50 2020-02-17      3  12944
51   51 2020-02-18      3  13509
52   52 2020-02-19      3  14099
53   53 2020-02-20      3  14714
54   54 2020-02-21     17  15357
55   55 2020-02-22     79  16028
56   56 2020-02-23    132  16728
57   57 2020-02-24    229  17458
58   58 2020-02-25    322  18221
59   59 2020-02-26    400  19016
60   60 2020-02-27    650  19847
61   61 2020-02-28    888  20714
62   62 2020-02-29   1128  21618
63   63 2020-03-01   1689  22562
64   64 2020-03-02   2036  23548
65   65 2020-03-03   2502  24576
66   66 2020-03-04   3089  25649
67   67 2020-03-05   3858  26770
68   68 2020-03-06   4636  27939
69   69 2020-03-07   5883  29159
70   70 2020-03-08   7375  30432
71   71 2020-03-09   9172  31761
72   72 2020-03-10  10149  33148
73   73 2020-03-11  12462  34596
74   74 2020-03-12  15113  36107
75   75 2020-03-13  17660  37684
76   76 2020-03-14  21157  39329
77   77 2020-03-15  23980  41047
78   78 2020-03-16  27980  42840
79   79 2020-03-17  31506  44710
80   80 2020-03-18  35713  46663
81   81 2020-03-19  41035  48701
82   82 2020-03-20  47021  50828
83   83 2020-03-21  53578  53048
84   84 2020-03-22  59138  55364
85   85 2020-03-23  63927  57782
86   86 2020-03-24  69176  60306
87   87 2020-03-25  74386  62939
88   88 2020-03-26  80539  65688
89   89 2020-03-27  86498  68557
90   90 2020-03-28  92472  71551
91   91 2020-03-29  97689  74675
92   92 2020-03-30 101739  77937
93   93 2020-03-31 105792  81340
94   94 2020-04-01 110574  84893
95   95 2020-04-02 115242  88600
96   96 2020-04-03 119827  92469
97   97 2020-04-04 124632  96508
98   98 2020-04-05 128948 100722
99   99 2020-04-06 132547 105121
100 100 2020-04-07 135586 109712
101 101 2020-04-08 139422 114503
102 102 2020-04-09 143626 119504
103 103 2020-04-10 147577 124723
104 104 2020-04-11 152271 130170
105 105 2020-04-12 156363 135854
106 106 2020-04-13 159516 141788
107 107 2020-04-14 162488 147980
108 108 2020-04-15 165155 154442
109 109 2020-04-16 168941 161187
110 110 2020-04-17 172434 168226
111 111 2020-04-18 175925 175573
112 112 2020-04-19 178972 183241
113 113 2020-04-20 181228 191243
114 114 2020-04-21 183957 199595
115 115 2020-04-22 187327 208312
116 116 2020-04-23 189973 217409
117 117 2020-04-24 192994 226904
118 118 2020-04-25 192994 236813

Intervalo de Confianca
         2.5%      97.5%
b  1115.09124 2047.22582
y0   21.90483   24.99517


Formula: x ~ SSexp(day, b, y0)

Parameters:
    Estimate Std. Error t value     Pr(>|t|)    
b  32571.061   2416.623   13.48 0.0000008807 ***
y0    65.903      2.832   23.27 0.0000000124 ***
---
Signif. codes:  0 ‘***’ 0.001 ‘**’ 0.01 ‘*’ 0.05 ‘.’ 0.1 ‘ ’ 1

Residual standard error: 1079 on 8 degrees of freedom

Number of iterations to convergence: 26 
Achieved convergence tolerance: 0.0000000149

Considerando os casos dos últimos 10 dias, temos:
Número de dias para dobrar:  32571.1
Razao de crescimento:  32571.06

Todos os dados gerados
    country       dias otimista casos_estimados pessimista estimativa_mortes casos_confirmados mortes_confirmadas latitude longitude
1     Italy 2019-12-30     1018            1594       2170               214                 0                  0 41.87194  12.56738
2     Italy 2019-12-31     1062            1663       2264               224                 0                  0 41.87194  12.56738
3     Italy 2020-01-01     1108            1736       2364               234                 0                  0 41.87194  12.56738
4     Italy 2020-01-02     1157            1812       2467               244                 0                  0 41.87194  12.56738
5     Italy 2020-01-03     1207            1891       2575               254                 0                  0 41.87194  12.56738
6     Italy 2020-01-04     1260            1973       2686               265                 0                  0 41.87194  12.56738
7     Italy 2020-01-05     1315            2060       2805               277                 0                  0 41.87194  12.56738
8     Italy 2020-01-06     1373            2150       2927               289                 0                  0 41.87194  12.56738
9     Italy 2020-01-07     1433            2244       3055               302                 0                  0 41.87194  12.56738
10    Italy 2020-01-08     1494            2341       3188               315                 0                  0 41.87194  12.56738
11    Italy 2020-01-09     1560            2444       3328               329                 0                  0 41.87194  12.56738
12    Italy 2020-01-10     1628            2550       3472               343                 0                  0 41.87194  12.56738
13    Italy 2020-01-11     1699            2662       3625               358                 0                  0 41.87194  12.56738
14    Italy 2020-01-12     1773            2778       3783               374                 0                  0 41.87194  12.56738
15    Italy 2020-01-13     1851            2899       3947               390                 0                  0 41.87194  12.56738
16    Italy 2020-01-14     1932            3026       4120               407                 0                  0 41.87194  12.56738
17    Italy 2020-01-15     2016            3158       4300               425                 0                  0 41.87194  12.56738
18    Italy 2020-01-16     2104            3296       4488               444                 0                  0 41.87194  12.56738
19    Italy 2020-01-17     2196            3440       4684               463                 0                  0 41.87194  12.56738
20    Italy 2020-01-18     2292            3590       4888               483                 0                  0 41.87194  12.56738
21    Italy 2020-01-19     2392            3747       5102               504                 0                  0 41.87194  12.56738
22    Italy 2020-01-20     2497            3911       5325               526                 0                  0 41.87194  12.56738
23    Italy 2020-01-21     2606            4082       5558               549                 0                  0 41.87194  12.56738
24    Italy 2020-01-22     2719            4260       5801               573                 0                  0 41.87194  12.56738
25    Italy 2020-01-23     2838            4446       6054               598                 0                  0 41.87194  12.56738
26    Italy 2020-01-24     2962            4640       6318               624                 0                  0 41.87194  12.56738
27    Italy 2020-01-25     3092            4843       6594               652                 0                  0 41.87194  12.56738
28    Italy 2020-01-26     3226            5054       6882               680                 0                  0 41.87194  12.56738
29    Italy 2020-01-27     3367            5275       7183               710                 0                  0 41.87194  12.56738
30    Italy 2020-01-28     3514            5505       7496               741                 0                  0 41.87194  12.56738
31    Italy 2020-01-29     3668            5746       7824               773                 0                  0 41.87194  12.56738
32    Italy 2020-01-30     3828            5997       8166               807                 3                  0 41.87194  12.56738
33    Italy 2020-01-31     3995            6258       8521               842                 3                  0 41.87194  12.56738
34    Italy 2020-02-01     4170            6532       8894               879                 3                  0 41.87194  12.56738
35    Italy 2020-02-02     4352            6817       9282               917                 3                  0 41.87194  12.56738
36    Italy 2020-02-03     4542            7115       9688               957                 3                  0 41.87194  12.56738
37    Italy 2020-02-04     4740            7425      10110               999                 3                  0 41.87194  12.56738
38    Italy 2020-02-05     4947            7750      10553              1043                 3                  0 41.87194  12.56738
39    Italy 2020-02-06     5163            8088      11013              1088                 3                  0 41.87194  12.56738
40    Italy 2020-02-07     5389            8441      11493              1136                 3                  0 41.87194  12.56738
41    Italy 2020-02-08     5624            8810      11996              1185                 3                  0 41.87194  12.56738
42    Italy 2020-02-09     5870            9195      12520              1237                 3                  0 41.87194  12.56738
43    Italy 2020-02-10     6126            9596      13066              1291                 3                  0 41.87194  12.56738
44    Italy 2020-02-11     6393           10015      13637              1348                 3                  0 41.87194  12.56738
45    Italy 2020-02-12     6673           10453      14233              1407                 3                  0 41.87194  12.56738
46    Italy 2020-02-13     6964           10909      14854              1468                 3                  0 41.87194  12.56738
47    Italy 2020-02-14     7269           11386      15503              1532                 3                  0 41.87194  12.56738
48    Italy 2020-02-15     7586           11883      16180              1599                 3                  0 41.87194  12.56738
49    Italy 2020-02-16     7917           12402      16887              1669                 3                  0 41.87194  12.56738
50    Italy 2020-02-17     8263           12944      17625              1742                 3                  0 41.87194  12.56738
51    Italy 2020-02-18     8624           13509      18394              1818                 3                  0 41.87194  12.56738
52    Italy 2020-02-19     9000           14099      19198              1897                 3                  0 41.87194  12.56738
53    Italy 2020-02-20     9393           14714      20035              1980                 3                  0 41.87194  12.56738
54    Italy 2020-02-21     9804           15357      20910              2066                17                  2 41.87194  12.56738
55    Italy 2020-02-22    10232           16028      21824              2157                79                  2 41.87194  12.56738
56    Italy 2020-02-23    10679           16728      22777              2251               132                  6 41.87194  12.56738
57    Italy 2020-02-24    11145           17458      23771              2349               229                 11 41.87194  12.56738
58    Italy 2020-02-25    11632           18221      24810              2452               322                 12 41.87194  12.56738
59    Italy 2020-02-26    12139           19016      25893              2559               400                 17 41.87194  12.56738
60    Italy 2020-02-27    12670           19847      27024              2671               650                 21 41.87194  12.56738
61    Italy 2020-02-28    13223           20714      28205              2787               888                 29 41.87194  12.56738
62    Italy 2020-02-29    13800           21618      29436              2909              1128                 35 41.87194  12.56738
63    Italy 2020-03-01    14403           22562      30721              3036              1689                 52 41.87194  12.56738
64    Italy 2020-03-02    15033           23548      32063              3169              2036                 80 41.87194  12.56738
65    Italy 2020-03-03    15689           24576      33463              3307              2502                107 41.87194  12.56738
66    Italy 2020-03-04    16374           25649      34924              3451              3089                148 41.87194  12.56738
67    Italy 2020-03-05    17089           26770      36451              3602              3858                197 41.87194  12.56738
68    Italy 2020-03-06    17836           27939      38042              3759              4636                233 41.87194  12.56738
69    Italy 2020-03-07    18614           29159      39704              3924              5883                366 41.87194  12.56738
70    Italy 2020-03-08    19427           30432      41437              4095              7375                464 41.87194  12.56738
71    Italy 2020-03-09    20275           31761      43247              4274              9172                631 41.87194  12.56738
72    Italy 2020-03-10    21161           33148      45135              4460             10149                827 41.87194  12.56738
73    Italy 2020-03-11    22085           34596      47107              4655             12462               1016 41.87194  12.56738
74    Italy 2020-03-12    23050           36107      49164              4859             15113               1268 41.87194  12.56738
75    Italy 2020-03-13    24057           37684      51311              5071             17660               1441 41.87194  12.56738
76    Italy 2020-03-14    25107           39329      53551              5292             21157               1811 41.87194  12.56738
77    Italy 2020-03-15    26203           41047      55891              5523             23980               2158 41.87194  12.56738
78    Italy 2020-03-16    27348           42840      58332              5764             27980               2505 41.87194  12.56738
79    Italy 2020-03-17    28542           44710      60878              6016             31506               2978 41.87194  12.56738
80    Italy 2020-03-18    29789           46663      63537              6279             35713               3407 41.87194  12.56738
81    Italy 2020-03-19    31090           48701      66312              6553             41035               4032 41.87194  12.56738
82    Italy 2020-03-20    32447           50828      69209              6839             47021               4827 41.87194  12.56738
83    Italy 2020-03-21    33865           53048      72231              7138             53578               5476 41.87194  12.56738
84    Italy 2020-03-22    35343           55364      75385              7450             59138               6077 41.87194  12.56738
85    Italy 2020-03-23    36887           57782      78677              7775             63927               6820 41.87194  12.56738
86    Italy 2020-03-24    38498           60306      82114              8115             69176               7505 41.87194  12.56738
87    Italy 2020-03-25    40179           62939      85699              8469             74386               8165 41.87194  12.56738
88    Italy 2020-03-26    41934           65688      89442              8839             80539               9136 41.87194  12.56738
89    Italy 2020-03-27    43765           68557      93349              9225             86498              10023 41.87194  12.56738
90    Italy 2020-03-28    45677           71551      97425              9628             92472              10781 41.87194  12.56738
91    Italy 2020-03-29    47671           74675     101679             10048             97689              11591 41.87194  12.56738
92    Italy 2020-03-30    49753           77937     106121             10487            101739              12430 41.87194  12.56738
93    Italy 2020-03-31    51926           81340     110754             10945            105792              13157 41.87194  12.56738
94    Italy 2020-04-01    54194           84893     115592             11423            110574              13917 41.87194  12.56738
95    Italy 2020-04-02    56560           88600     120640             11922            115242              14681 41.87194  12.56738
96    Italy 2020-04-03    59030           92469     125908             12442            119827              15362 41.87194  12.56738
97    Italy 2020-04-04    61608           96508     131408             12986            124632              15889 41.87194  12.56738
98    Italy 2020-04-05    64299          100722     137145             13553            128948              16525 41.87194  12.56738
99    Italy 2020-04-06    67107          105121     143135             14145            132547              17129 41.87194  12.56738
100   Italy 2020-04-07    70038          109712     149386             14763            135586              17669 41.87194  12.56738
101   Italy 2020-04-08    73096          114503     155910             15407            139422              18281 41.87194  12.56738
102   Italy 2020-04-09    76289          119504     162719             16080            143626              18851 41.87194  12.56738
103   Italy 2020-04-10    79620          124723     169826             16783            147577              19470 41.87194  12.56738
104   Italy 2020-04-11    83098          130170     177242             17515            152271              19901 41.87194  12.56738
105   Italy 2020-04-12    86726          135854     184982             18280            156363              20465 41.87194  12.56738
106   Italy 2020-04-13    90514          141788     193062             19079            159516              21069 41.87194  12.56738
107   Italy 2020-04-14    94467          147980     201493             19912            162488              21647 41.87194  12.56738
108   Italy 2020-04-15    98592          154442     210292             20781            165155              22172 41.87194  12.56738
109   Italy 2020-04-16   102898          161187     219476             21689            168941              22747 41.87194  12.56738
110   Italy 2020-04-17   107392          168226     229060             22636            172434              23227 41.87194  12.56738
111   Italy 2020-04-18   112082          175573     239064             23625            175925              23660 41.87194  12.56738
112   Italy 2020-04-19   116977          183241     249505             24657            178972              24114 41.87194  12.56738
113   Italy 2020-04-20   122085          191243     260401             25733            181228              24648 41.87194  12.56738
114   Italy 2020-04-21   127417          199595     271773             26857            183957              25085 41.87194  12.56738
115   Italy 2020-04-22   132982          208312     283642             28030            187327              25549 41.87194  12.56738
116   Italy 2020-04-23   138789          217409     296029             29254            189973              25969 41.87194  12.56738
117   Italy 2020-04-24   144850          226904     308958             30532            192994              25969 41.87194  12.56738
118   Italy 2020-04-25   151176          236813     322450             31865            192994              25969 41.87194  12.56738
119   Italy 2020-04-26   157779          247156     336533             33257                NA                 NA 41.87194  12.56738
120   Italy 2020-04-27   164669          257949     351229             34709                NA                 NA 41.87194  12.56738
121   Italy 2020-04-28   171861          269215     366569             36225                NA                 NA 41.87194  12.56738
122   Italy 2020-04-29   179366          280972     382578             37807                NA                 NA 41.87194  12.56738
123   Italy 2020-04-30   187199          293242     399285             39458                NA                 NA 41.87194  12.56738
124   Italy 2020-05-01   195375          306049     416723             41182                NA                 NA 41.87194  12.56738
125   Italy 2020-05-02   203907          319414     434921             42980                NA                 NA 41.87194  12.56738

Fontes:
	OMS - https://ourworldindata.org/coronavirus-source-data
	Worldometers - https://www.worldometers.info/coronavirus