
 Italy 
Projecao:  7  dias
Gerado em:  2020-05-24 10:53:45
RMSE(%):  39.6 , BIAS(%): 8.88

Taxa de Mortalidade 14.27 %

    country       dias otimista casos_estimados pessimista estimativa_mortes casos_confirmados mortes_confirmadas latitude longitude
135   Italy 2020-05-12   136340          225786     315232             32230            221216              31106 41.87194  12.56738
136   Italy 2020-05-13   139596          231178     322760             32999            222104              31368 41.87194  12.56738
137   Italy 2020-05-14   142930          236699     330468             33787            223096              31610 41.87194  12.56738
138   Italy 2020-05-15   146344          242352     338360             34594            223885              31763 41.87194  12.56738
139   Italy 2020-05-16   149838          248139     346440             35420            224760              31908 41.87194  12.56738
140   Italy 2020-05-17   153417          254065     354713             36266            225435              32007 41.87194  12.56738
141   Italy 2020-05-18   157081          260133     363185             37132            225886              32169 41.87194  12.56738
142   Italy 2020-05-19   160832          266345     371858             38019            226699              32330 41.87194  12.56738
143   Italy 2020-05-20   164673          272706     380739             38927            227364              32486 41.87194  12.56738
144   Italy 2020-05-21   168605          279218     389831             39857            228006              32616 41.87194  12.56738
145   Italy 2020-05-22   172632          285887     399142             40809            228658              32735 41.87194  12.56738
146   Italy 2020-05-23   176755          292714     408673             41783            229327              32735 41.87194  12.56738
147   Italy 2020-05-24   180976          299704     418432             42781            229327              32735 41.87194  12.56738
148   Italy 2020-05-25   185298          306862     428426             43803                NA                 NA 41.87194  12.56738
149   Italy 2020-05-26   189723          314190     438657             44849                NA                 NA 41.87194  12.56738
150   Italy 2020-05-27   194254          321694     449134             45920                NA                 NA 41.87194  12.56738
151   Italy 2020-05-28   198893          329376     459859             47016                NA                 NA 41.87194  12.56738
152   Italy 2020-05-29   203643          337242     470841             48139                NA                 NA 41.87194  12.56738
153   Italy 2020-05-30   208506          345296     482086             49289                NA                 NA 41.87194  12.56738
154   Italy 2020-05-31   213486          353542     493598             50466                NA                 NA 41.87194  12.56738

Total de casos no mundo:  5435994 1857582 607017 1897591 954088 110273 8722 721 5435994

Estimados a partir dos dados da OMS:
    day       date      x   xest
1     1 2019-12-30      0   9555
2     2 2019-12-31      0   9783
3     3 2020-01-01      0  10017
4     4 2020-01-02      0  10256
5     5 2020-01-03      0  10501
6     6 2020-01-04      0  10752
7     7 2020-01-05      0  11009
8     8 2020-01-06      0  11272
9     9 2020-01-07      0  11541
10   10 2020-01-08      0  11816
11   11 2020-01-09      0  12099
12   12 2020-01-10      0  12387
13   13 2020-01-11      0  12683
14   14 2020-01-12      0  12986
15   15 2020-01-13      0  13296
16   16 2020-01-14      0  13614
17   17 2020-01-15      0  13939
18   18 2020-01-16      0  14272
19   19 2020-01-17      0  14613
20   20 2020-01-18      0  14962
21   21 2020-01-19      0  15319
22   22 2020-01-20      0  15685
23   23 2020-01-21      0  16059
24   24 2020-01-22      0  16443
25   25 2020-01-23      0  16836
26   26 2020-01-24      0  17238
27   27 2020-01-25      0  17649
28   28 2020-01-26      0  18071
29   29 2020-01-27      0  18502
30   30 2020-01-28      0  18944
31   31 2020-01-29      0  19397
32   32 2020-01-30      3  19860
33   33 2020-01-31      3  20334
34   34 2020-02-01      3  20820
35   35 2020-02-02      3  21317
36   36 2020-02-03      3  21826
37   37 2020-02-04      3  22347
38   38 2020-02-05      3  22881
39   39 2020-02-06      3  23427
40   40 2020-02-07      3  23987
41   41 2020-02-08      3  24560
42   42 2020-02-09      3  25146
43   43 2020-02-10      3  25747
44   44 2020-02-11      3  26362
45   45 2020-02-12      3  26991
46   46 2020-02-13      3  27636
47   47 2020-02-14      3  28296
48   48 2020-02-15      3  28972
49   49 2020-02-16      3  29663
50   50 2020-02-17      3  30372
51   51 2020-02-18      3  31097
52   52 2020-02-19      3  31840
53   53 2020-02-20      3  32600
54   54 2020-02-21     17  33379
55   55 2020-02-22     79  34176
56   56 2020-02-23    132  34992
57   57 2020-02-24    229  35828
58   58 2020-02-25    322  36683
59   59 2020-02-26    400  37559
60   60 2020-02-27    650  38456
61   61 2020-02-28    888  39375
62   62 2020-02-29   1128  40315
63   63 2020-03-01   1689  41278
64   64 2020-03-02   2036  42264
65   65 2020-03-03   2502  43273
66   66 2020-03-04   3089  44306
67   67 2020-03-05   3858  45365
68   68 2020-03-06   4636  46448
69   69 2020-03-07   5883  47557
70   70 2020-03-08   7375  48693
71   71 2020-03-09   9172  49856
72   72 2020-03-10  10149  51046
73   73 2020-03-11  12462  52266
74   74 2020-03-12  15113  53514
75   75 2020-03-13  17660  54792
76   76 2020-03-14  21157  56100
77   77 2020-03-15  23980  57440
78   78 2020-03-16  27980  58812
79   79 2020-03-17  31506  60216
80   80 2020-03-18  35713  61654
81   81 2020-03-19  41035  63127
82   82 2020-03-20  47021  64634
83   83 2020-03-21  53578  66178
84   84 2020-03-22  59138  67758
85   85 2020-03-23  63927  69376
86   86 2020-03-24  69176  71033
87   87 2020-03-25  74386  72730
88   88 2020-03-26  80539  74466
89   89 2020-03-27  86498  76245
90   90 2020-03-28  92472  78066
91   91 2020-03-29  97689  79930
92   92 2020-03-30 101739  81839
93   93 2020-03-31 105792  83793
94   94 2020-04-01 110574  85794
95   95 2020-04-02 115242  87843
96   96 2020-04-03 119827  89941
97   97 2020-04-04 124632  92089
98   98 2020-04-05 128948  94288
99   99 2020-04-06 132547  96540
100 100 2020-04-07 135586  98846
101 101 2020-04-08 139422 101206
102 102 2020-04-09 143626 103623
103 103 2020-04-10 147577 106098
104 104 2020-04-11 152271 108632
105 105 2020-04-12 156363 111226
106 106 2020-04-13 159516 113882
107 107 2020-04-14 162488 116602
108 108 2020-04-15 165155 119386
109 109 2020-04-16 168941 122238
110 110 2020-04-17 172434 125157
111 111 2020-04-18 175925 128146
112 112 2020-04-19 178972 131206
113 113 2020-04-20 181228 134339
114 114 2020-04-21 183957 137548
115 115 2020-04-22 187327 140832
116 116 2020-04-23 189973 144196
117 117 2020-04-24 192994 147639
118 118 2020-04-25 195351 151165
119 119 2020-04-26 197675 154775
120 120 2020-04-27 199414 158472
121 121 2020-04-28 201505 162256
122 122 2020-04-29 203591 166131
123 123 2020-04-30 205463 170098
124 124 2020-05-01 207428 174161
125 125 2020-05-02 209328 178320
126 126 2020-05-03 210717 182578
127 127 2020-05-04 211938 186939
128 128 2020-05-05 213013 191403
129 129 2020-05-06 214457 195974
130 130 2020-05-07 215858 200654
131 131 2020-05-08 217185 205446
132 132 2020-05-09 218268 210353
133 133 2020-05-10 219070 215376
134 134 2020-05-11 219814 220520
135 135 2020-05-12 221216 225786
136 136 2020-05-13 222104 231178
137 137 2020-05-14 223096 236699
138 138 2020-05-15 223885 242352
139 139 2020-05-16 224760 248139
140 140 2020-05-17 225435 254065
141 141 2020-05-18 225886 260133
142 142 2020-05-19 226699 266345
143 143 2020-05-20 227364 272706
144 144 2020-05-21 228006 279218
145 145 2020-05-22 228658 285887
146 146 2020-05-23 229327 292714
147 147 2020-05-24 229327 299704

Intervalo de Confianca
         2.5%      97.5%
b  7327.24989 11672.4826
y0   39.27106    45.7699


Formula: x ~ SSexp(day, b, y0)

Parameters:
    Estimate Std. Error t value         Pr(>|t|)    
b  152735.74    2266.61   67.39 0.00000000000262 ***
y0    359.92      13.48   26.69 0.00000000417403 ***
---
Signif. codes:  0 ‘***’ 0.001 ‘**’ 0.01 ‘*’ 0.05 ‘.’ 0.1 ‘ ’ 1

Residual standard error: 214.5 on 8 degrees of freedom

Number of iterations to convergence: 44 
Achieved convergence tolerance: 0.0000000149

Considerando os casos dos últimos 10 dias, temos:
Número de dias para dobrar:  359.9
Razao de crescimento:  152735.7

Todos os dados gerados
    country       dias otimista casos_estimados pessimista estimativa_mortes casos_confirmados mortes_confirmadas latitude longitude
1     Italy 2019-12-30     5770            9555      13340              1364                 0                  0 41.87194  12.56738
2     Italy 2019-12-31     5907            9783      13659              1396                 0                  0 41.87194  12.56738
3     Italy 2020-01-01     6049           10017      13985              1430                 0                  0 41.87194  12.56738
4     Italy 2020-01-02     6193           10256      14319              1464                 0                  0 41.87194  12.56738
5     Italy 2020-01-03     6341           10501      14661              1499                 0                  0 41.87194  12.56738
6     Italy 2020-01-04     6493           10752      15011              1535                 0                  0 41.87194  12.56738
7     Italy 2020-01-05     6648           11009      15370              1571                 0                  0 41.87194  12.56738
8     Italy 2020-01-06     6807           11272      15737              1609                 0                  0 41.87194  12.56738
9     Italy 2020-01-07     6969           11541      16113              1647                 0                  0 41.87194  12.56738
10    Italy 2020-01-08     7135           11816      16497              1687                 0                  0 41.87194  12.56738
11    Italy 2020-01-09     7306           12099      16892              1727                 0                  0 41.87194  12.56738
12    Italy 2020-01-10     7480           12387      17294              1768                 0                  0 41.87194  12.56738
13    Italy 2020-01-11     7659           12683      17707              1810                 0                  0 41.87194  12.56738
14    Italy 2020-01-12     7842           12986      18130              1854                 0                  0 41.87194  12.56738
15    Italy 2020-01-13     8029           13296      18563              1898                 0                  0 41.87194  12.56738
16    Italy 2020-01-14     8221           13614      19007              1943                 0                  0 41.87194  12.56738
17    Italy 2020-01-15     8417           13939      19461              1990                 0                  0 41.87194  12.56738
18    Italy 2020-01-16     8618           14272      19926              2037                 0                  0 41.87194  12.56738
19    Italy 2020-01-17     8824           14613      20402              2086                 0                  0 41.87194  12.56738
20    Italy 2020-01-18     9035           14962      20889              2136                 0                  0 41.87194  12.56738
21    Italy 2020-01-19     9250           15319      21388              2187                 0                  0 41.87194  12.56738
22    Italy 2020-01-20     9471           15685      21899              2239                 0                  0 41.87194  12.56738
23    Italy 2020-01-21     9697           16059      22421              2292                 0                  0 41.87194  12.56738
24    Italy 2020-01-22     9929           16443      22957              2347                 0                  0 41.87194  12.56738
25    Italy 2020-01-23    10166           16836      23506              2403                 0                  0 41.87194  12.56738
26    Italy 2020-01-24    10409           17238      24067              2461                 0                  0 41.87194  12.56738
27    Italy 2020-01-25    10657           17649      24641              2519                 0                  0 41.87194  12.56738
28    Italy 2020-01-26    10912           18071      25230              2580                 0                  0 41.87194  12.56738
29    Italy 2020-01-27    11172           18502      25832              2641                 0                  0 41.87194  12.56738
30    Italy 2020-01-28    11439           18944      26449              2704                 0                  0 41.87194  12.56738
31    Italy 2020-01-29    11713           19397      27081              2769                 0                  0 41.87194  12.56738
32    Italy 2020-01-30    11992           19860      27728              2835                 3                  0 41.87194  12.56738
33    Italy 2020-01-31    12279           20334      28389              2903                 3                  0 41.87194  12.56738
34    Italy 2020-02-01    12572           20820      29068              2972                 3                  0 41.87194  12.56738
35    Italy 2020-02-02    12872           21317      29762              3043                 3                  0 41.87194  12.56738
36    Italy 2020-02-03    13180           21826      30472              3116                 3                  0 41.87194  12.56738
37    Italy 2020-02-04    13494           22347      31200              3190                 3                  0 41.87194  12.56738
38    Italy 2020-02-05    13817           22881      31945              3266                 3                  0 41.87194  12.56738
39    Italy 2020-02-06    14146           23427      32708              3344                 3                  0 41.87194  12.56738
40    Italy 2020-02-07    14484           23987      33490              3424                 3                  0 41.87194  12.56738
41    Italy 2020-02-08    14830           24560      34290              3506                 3                  0 41.87194  12.56738
42    Italy 2020-02-09    15184           25146      35108              3589                 3                  0 41.87194  12.56738
43    Italy 2020-02-10    15547           25747      35947              3675                 3                  0 41.87194  12.56738
44    Italy 2020-02-11    15919           26362      36805              3763                 3                  0 41.87194  12.56738
45    Italy 2020-02-12    16298           26991      37684              3853                 3                  0 41.87194  12.56738
46    Italy 2020-02-13    16688           27636      38584              3945                 3                  0 41.87194  12.56738
47    Italy 2020-02-14    17086           28296      39506              4039                 3                  0 41.87194  12.56738
48    Italy 2020-02-15    17495           28972      40449              4136                 3                  0 41.87194  12.56738
49    Italy 2020-02-16    17912           29663      41414              4234                 3                  0 41.87194  12.56738
50    Italy 2020-02-17    18340           30372      42404              4335                 3                  0 41.87194  12.56738
51    Italy 2020-02-18    18778           31097      43416              4439                 3                  0 41.87194  12.56738
52    Italy 2020-02-19    19227           31840      44453              4545                 3                  0 41.87194  12.56738
53    Italy 2020-02-20    19685           32600      45515              4653                 3                  0 41.87194  12.56738
54    Italy 2020-02-21    20156           33379      46602              4765                17                  2 41.87194  12.56738
55    Italy 2020-02-22    20637           34176      47715              4878                79                  2 41.87194  12.56738
56    Italy 2020-02-23    21130           34992      48854              4995               132                  6 41.87194  12.56738
57    Italy 2020-02-24    21635           35828      50021              5114               229                 11 41.87194  12.56738
58    Italy 2020-02-25    22151           36683      51215              5236               322                 12 41.87194  12.56738
59    Italy 2020-02-26    22680           37559      52438              5361               400                 17 41.87194  12.56738
60    Italy 2020-02-27    23222           38456      53690              5489               650                 21 41.87194  12.56738
61    Italy 2020-02-28    23777           39375      54973              5621               888                 29 41.87194  12.56738
62    Italy 2020-02-29    24344           40315      56286              5755              1128                 35 41.87194  12.56738
63    Italy 2020-03-01    24926           41278      57630              5892              1689                 52 41.87194  12.56738
64    Italy 2020-03-02    25521           42264      59007              6033              2036                 80 41.87194  12.56738
65    Italy 2020-03-03    26130           43273      60416              6177              2502                107 41.87194  12.56738
66    Italy 2020-03-04    26754           44306      61858              6324              3089                148 41.87194  12.56738
67    Italy 2020-03-05    27394           45365      63336              6476              3858                197 41.87194  12.56738
68    Italy 2020-03-06    28048           46448      64848              6630              4636                233 41.87194  12.56738
69    Italy 2020-03-07    28717           47557      66397              6788              5883                366 41.87194  12.56738
70    Italy 2020-03-08    29403           48693      67983              6951              7375                464 41.87194  12.56738
71    Italy 2020-03-09    30105           49856      69607              7117              9172                631 41.87194  12.56738
72    Italy 2020-03-10    30824           51046      71268              7286             10149                827 41.87194  12.56738
73    Italy 2020-03-11    31561           52266      72971              7461             12462               1016 41.87194  12.56738
74    Italy 2020-03-12    32314           53514      74714              7639             15113               1268 41.87194  12.56738
75    Italy 2020-03-13    33086           54792      76498              7821             17660               1441 41.87194  12.56738
76    Italy 2020-03-14    33876           56100      78324              8008             21157               1811 41.87194  12.56738
77    Italy 2020-03-15    34685           57440      80195              8199             23980               2158 41.87194  12.56738
78    Italy 2020-03-16    35513           58812      82111              8395             27980               2505 41.87194  12.56738
79    Italy 2020-03-17    36361           60216      84071              8595             31506               2978 41.87194  12.56738
80    Italy 2020-03-18    37230           61654      86078              8801             35713               3407 41.87194  12.56738
81    Italy 2020-03-19    38119           63127      88135              9011             41035               4032 41.87194  12.56738
82    Italy 2020-03-20    39029           64634      90239              9226             47021               4827 41.87194  12.56738
83    Italy 2020-03-21    39961           66178      92395              9446             53578               5476 41.87194  12.56738
84    Italy 2020-03-22    40916           67758      94600              9672             59138               6077 41.87194  12.56738
85    Italy 2020-03-23    41893           69376      96859              9903             63927               6820 41.87194  12.56738
86    Italy 2020-03-24    42893           71033      99173             10140             69176               7505 41.87194  12.56738
87    Italy 2020-03-25    43918           72730     101542             10382             74386               8165 41.87194  12.56738
88    Italy 2020-03-26    44966           74466     103966             10630             80539               9136 41.87194  12.56738
89    Italy 2020-03-27    46040           76245     106450             10883             86498              10023 41.87194  12.56738
90    Italy 2020-03-28    47140           78066     108992             11143             92472              10781 41.87194  12.56738
91    Italy 2020-03-29    48266           79930     111594             11410             97689              11591 41.87194  12.56738
92    Italy 2020-03-30    49418           81839     114260             11682            101739              12430 41.87194  12.56738
93    Italy 2020-03-31    50598           83793     116988             11961            105792              13157 41.87194  12.56738
94    Italy 2020-04-01    51807           85794     119781             12247            110574              13917 41.87194  12.56738
95    Italy 2020-04-02    53044           87843     122642             12539            115242              14681 41.87194  12.56738
96    Italy 2020-04-03    54311           89941     125571             12839            119827              15362 41.87194  12.56738
97    Italy 2020-04-04    55608           92089     128570             13145            124632              15889 41.87194  12.56738
98    Italy 2020-04-05    56936           94288     131640             13459            128948              16525 41.87194  12.56738
99    Italy 2020-04-06    58295           96540     134785             13780            132547              17129 41.87194  12.56738
100   Italy 2020-04-07    59688           98846     138004             14110            135586              17669 41.87194  12.56738
101   Italy 2020-04-08    61113          101206     141299             14447            139422              18281 41.87194  12.56738
102   Italy 2020-04-09    62573          103623     144673             14792            143626              18851 41.87194  12.56738
103   Italy 2020-04-10    64067          106098     148129             15145            147577              19470 41.87194  12.56738
104   Italy 2020-04-11    65597          108632     151667             15507            152271              19901 41.87194  12.56738
105   Italy 2020-04-12    67164          111226     155288             15877            156363              20465 41.87194  12.56738
106   Italy 2020-04-13    68767          113882     158997             16256            159516              21069 41.87194  12.56738
107   Italy 2020-04-14    70410          116602     162794             16644            162488              21647 41.87194  12.56738
108   Italy 2020-04-15    72091          119386     166681             17042            165155              22172 41.87194  12.56738
109   Italy 2020-04-16    73813          122238     170663             17449            168941              22747 41.87194  12.56738
110   Italy 2020-04-17    75576          125157     174738             17865            172434              23227 41.87194  12.56738
111   Italy 2020-04-18    77381          128146     178911             18292            175925              23660 41.87194  12.56738
112   Italy 2020-04-19    79228          131206     183184             18729            178972              24114 41.87194  12.56738
113   Italy 2020-04-20    81120          134339     187558             19176            181228              24648 41.87194  12.56738
114   Italy 2020-04-21    83058          137548     192038             19634            183957              25085 41.87194  12.56738
115   Italy 2020-04-22    85041          140832     196623             20103            187327              25549 41.87194  12.56738
116   Italy 2020-04-23    87072          144196     201320             20583            189973              25969 41.87194  12.56738
117   Italy 2020-04-24    89151          147639     206127             21075            192994              26384 41.87194  12.56738
118   Italy 2020-04-25    91281          151165     211049             21578            195351              26644 41.87194  12.56738
119   Italy 2020-04-26    93461          154775     216089             22093            197675              26977 41.87194  12.56738
120   Italy 2020-04-27    95693          158472     221251             22621            199414              27359 41.87194  12.56738
121   Italy 2020-04-28    97978          162256     226534             23161            201505              27682 41.87194  12.56738
122   Italy 2020-04-29   100318          166131     231944             23714            203591              27967 41.87194  12.56738
123   Italy 2020-04-30   102713          170098     237483             24280            205463              28236 41.87194  12.56738
124   Italy 2020-05-01   105167          174161     243155             24860            207428              28710 41.87194  12.56738
125   Italy 2020-05-02   107678          178320     248962             25454            209328              28884 41.87194  12.56738
126   Italy 2020-05-03   110249          182578     254907             26062            210717              29079 41.87194  12.56738
127   Italy 2020-05-04   112883          186939     260995             26684            211938              29315 41.87194  12.56738
128   Italy 2020-05-05   115578          191403     267228             27322            213013              29684 41.87194  12.56738
129   Italy 2020-05-06   118338          195974     273610             27974            214457              29958 41.87194  12.56738
130   Italy 2020-05-07   121164          200654     280144             28642            215858              30201 41.87194  12.56738
131   Italy 2020-05-08   124058          205446     286834             29326            217185              30395 41.87194  12.56738
132   Italy 2020-05-09   127021          210353     293685             30027            218268              30560 41.87194  12.56738
133   Italy 2020-05-10   130054          215376     300698             30744            219070              30739 41.87194  12.56738
134   Italy 2020-05-11   133160          220520     307880             31478            219814              30911 41.87194  12.56738
135   Italy 2020-05-12   136340          225786     315232             32230            221216              31106 41.87194  12.56738
136   Italy 2020-05-13   139596          231178     322760             32999            222104              31368 41.87194  12.56738
137   Italy 2020-05-14   142930          236699     330468             33787            223096              31610 41.87194  12.56738
138   Italy 2020-05-15   146344          242352     338360             34594            223885              31763 41.87194  12.56738
139   Italy 2020-05-16   149838          248139     346440             35420            224760              31908 41.87194  12.56738
140   Italy 2020-05-17   153417          254065     354713             36266            225435              32007 41.87194  12.56738
141   Italy 2020-05-18   157081          260133     363185             37132            225886              32169 41.87194  12.56738
142   Italy 2020-05-19   160832          266345     371858             38019            226699              32330 41.87194  12.56738
143   Italy 2020-05-20   164673          272706     380739             38927            227364              32486 41.87194  12.56738
144   Italy 2020-05-21   168605          279218     389831             39857            228006              32616 41.87194  12.56738
145   Italy 2020-05-22   172632          285887     399142             40809            228658              32735 41.87194  12.56738
146   Italy 2020-05-23   176755          292714     408673             41783            229327              32735 41.87194  12.56738
147   Italy 2020-05-24   180976          299704     418432             42781            229327              32735 41.87194  12.56738
148   Italy 2020-05-25   185298          306862     428426             43803                NA                 NA 41.87194  12.56738
149   Italy 2020-05-26   189723          314190     438657             44849                NA                 NA 41.87194  12.56738
150   Italy 2020-05-27   194254          321694     449134             45920                NA                 NA 41.87194  12.56738
151   Italy 2020-05-28   198893          329376     459859             47016                NA                 NA 41.87194  12.56738
152   Italy 2020-05-29   203643          337242     470841             48139                NA                 NA 41.87194  12.56738
153   Italy 2020-05-30   208506          345296     482086             49289                NA                 NA 41.87194  12.56738
154   Italy 2020-05-31   213486          353542     493598             50466                NA                 NA 41.87194  12.56738

Fontes:
	OMS - https://ourworldindata.org/coronavirus-source-data
	Worldometers - https://www.worldometers.info/coronavirus