
 Brazil 
Projecao:  7  dias
Gerado em:  2020-04-07 18:22:25
RMSE(%):  20 , BIAS(%): 4.97

Taxa de Mortalidade 4.92 %

    country       dias otimista casos_estimados pessimista estimativa_mortes casos_confirmados mortes_confirmadas latitude longitude
88   Brazil 2020-03-26     2252            2816       3380               139              2915                 92        0         0
89   Brazil 2020-03-27     2581            3228       3875               159              3417                114        0         0
90   Brazil 2020-03-28     2960            3701       4442               182              3904                136        0         0
91   Brazil 2020-03-29     3392            4242       5092               209              4256                159        0         0
92   Brazil 2020-03-30     3889            4863       5837               239              4579                201        0         0
93   Brazil 2020-03-31     4457            5574       6691               274              5717                241        0         0
94   Brazil 2020-04-01     5110            6390       7670               315              6836                299        0         0
95   Brazil 2020-04-02     5858            7325       8792               361              7910                359        0         0
96   Brazil 2020-04-03     6715            8397      10079               413              9056                432        0         0
97   Brazil 2020-04-04     7697            9625      11553               474             10278                486        0         0
98   Brazil 2020-04-05     8823           11033      13243               543             11130                553        0         0
99   Brazil 2020-04-06    10114           12648      15182               623             12056                681        0         0
100  Brazil 2020-04-07    11594           14498      17402               714             13831                681        0         0
101  Brazil 2020-04-08    13290           16620      19950               818                NA                 NA        0         0
102  Brazil 2020-04-09    15235           19052      22869               938                NA                 NA        0         0
103  Brazil 2020-04-10    17464           21839      26214              1075                NA                 NA        0         0
104  Brazil 2020-04-11    20020           25035      30050              1233                NA                 NA        0         0
105  Brazil 2020-04-12    22949           28698      34447              1413                NA                 NA        0         0
106  Brazil 2020-04-13    26307           32897      39487              1620                NA                 NA        0         0
107  Brazil 2020-04-14    30155           37710      45265              1857                NA                 NA        0         0

Total de casos no mundo:  1421442 1421442

Estimados a partir dos dados da OMS:
    day       date     x  xest
1     1 2019-12-30     0     0
2     2 2019-12-31     0     0
3     3 2020-01-01     0     0
4     4 2020-01-02     0     0
5     5 2020-01-03     0     0
6     6 2020-01-04     0     0
7     7 2020-01-05     0     0
8     8 2020-01-06     0     0
9     9 2020-01-07     0     0
10   10 2020-01-08     0     0
11   11 2020-01-09     0     0
12   12 2020-01-10     0     0
13   13 2020-01-11     0     0
14   14 2020-01-12     0     0
15   15 2020-01-13     0     0
16   16 2020-01-14     0     0
17   17 2020-01-15     0     0
18   18 2020-01-16     0     0
19   19 2020-01-17     0     0
20   20 2020-01-18     0     0
21   21 2020-01-19     0     0
22   22 2020-01-20     0     0
23   23 2020-01-21     0     0
24   24 2020-01-22     0     0
25   25 2020-01-23     0     1
26   26 2020-01-24     0     1
27   27 2020-01-25     0     1
28   28 2020-01-26     0     1
29   29 2020-01-27     0     1
30   30 2020-01-28     0     1
31   31 2020-01-29     0     1
32   32 2020-01-30     0     1
33   33 2020-01-31     0     2
34   34 2020-02-01     0     2
35   35 2020-02-02     0     2
36   36 2020-02-03     0     2
37   37 2020-02-04     0     3
38   38 2020-02-05     0     3
39   39 2020-02-06     0     3
40   40 2020-02-07     0     4
41   41 2020-02-08     0     5
42   42 2020-02-09     0     5
43   43 2020-02-10     0     6
44   44 2020-02-11     0     7
45   45 2020-02-12     0     8
46   46 2020-02-13     0     9
47   47 2020-02-14     0    10
48   48 2020-02-15     0    12
49   49 2020-02-16     0    14
50   50 2020-02-17     0    16
51   51 2020-02-18     0    18
52   52 2020-02-19     0    21
53   53 2020-02-20     0    24
54   54 2020-02-21     0    27
55   55 2020-02-22     0    31
56   56 2020-02-23     0    36
57   57 2020-02-24     0    41
58   58 2020-02-25     1    47
59   59 2020-02-26     1    54
60   60 2020-02-27     1    62
61   61 2020-02-28     1    71
62   62 2020-02-29     2    81
63   63 2020-03-01     2    93
64   64 2020-03-02     0   106
65   65 2020-03-03     0   122
66   66 2020-03-04     3   140
67   67 2020-03-05     8   160
68   68 2020-03-06    13   183
69   69 2020-03-07    13   210
70   70 2020-03-08    25   241
71   71 2020-03-09     0   276
72   72 2020-03-10    34   317
73   73 2020-03-11    52   363
74   74 2020-03-12    77   416
75   75 2020-03-13    98   477
76   76 2020-03-14   121   547
77   77 2020-03-15   200   627
78   78 2020-03-16   234   719
79   79 2020-03-17   291   824
80   80 2020-03-18   428   945
81   81 2020-03-19   621  1083
82   82 2020-03-20   904  1241
83   83 2020-03-21  1128  1423
84   84 2020-03-22  1546  1631
85   85 2020-03-23  1891  1870
86   86 2020-03-24  2201  2143
87   87 2020-03-25  2433  2457
88   88 2020-03-26  2915  2816
89   89 2020-03-27  3417  3228
90   90 2020-03-28  3904  3701
91   91 2020-03-29  4256  4242
92   92 2020-03-30  4579  4863
93   93 2020-03-31  5717  5574
94   94 2020-04-01  6836  6390
95   95 2020-04-02  7910  7325
96   96 2020-04-03  9056  8397
97   97 2020-04-04 10278  9625
98   98 2020-04-05 11130 11033
99   99 2020-04-06 12056 12648
100 100 2020-04-07 13831 14498


Todos os dados gerados
    country       dias otimista casos_estimados pessimista estimativa_mortes casos_confirmados mortes_confirmadas latitude longitude
1    Brazil 2019-12-30        0               0          0                 0                 0                  0        0         0
2    Brazil 2019-12-31        0               0          0                 0                 0                  0        0         0
3    Brazil 2020-01-01        0               0          0                 0                 0                  0        0         0
4    Brazil 2020-01-02        0               0          0                 0                 0                  0        0         0
5    Brazil 2020-01-03        0               0          0                 0                 0                  0        0         0
6    Brazil 2020-01-04        0               0          0                 0                 0                  0        0         0
7    Brazil 2020-01-05        0               0          0                 0                 0                  0        0         0
8    Brazil 2020-01-06        0               0          0                 0                 0                  0        0         0
9    Brazil 2020-01-07        0               0          0                 0                 0                  0        0         0
10   Brazil 2020-01-08        0               0          0                 0                 0                  0        0         0
11   Brazil 2020-01-09        0               0          0                 0                 0                  0        0         0
12   Brazil 2020-01-10        0               0          0                 0                 0                  0        0         0
13   Brazil 2020-01-11        0               0          0                 0                 0                  0        0         0
14   Brazil 2020-01-12        0               0          0                 0                 0                  0        0         0
15   Brazil 2020-01-13        0               0          0                 0                 0                  0        0         0
16   Brazil 2020-01-14        0               0          0                 0                 0                  0        0         0
17   Brazil 2020-01-15        0               0          0                 0                 0                  0        0         0
18   Brazil 2020-01-16        0               0          0                 0                 0                  0        0         0
19   Brazil 2020-01-17        0               0          0                 0                 0                  0        0         0
20   Brazil 2020-01-18        0               0          0                 0                 0                  0        0         0
21   Brazil 2020-01-19        0               0          0                 0                 0                  0        0         0
22   Brazil 2020-01-20        0               0          0                 0                 0                  0        0         0
23   Brazil 2020-01-21        0               0          0                 0                 0                  0        0         0
24   Brazil 2020-01-22        0               0          0                 0                 0                  0        0         0
25   Brazil 2020-01-23        1               1          1                 0                 0                  0        0         0
26   Brazil 2020-01-24        1               1          1                 0                 0                  0        0         0
27   Brazil 2020-01-25        1               1          1                 0                 0                  0        0         0
28   Brazil 2020-01-26        1               1          1                 0                 0                  0        0         0
29   Brazil 2020-01-27        1               1          1                 0                 0                  0        0         0
30   Brazil 2020-01-28        1               1          1                 0                 0                  0        0         0
31   Brazil 2020-01-29        1               1          1                 0                 0                  0        0         0
32   Brazil 2020-01-30        1               1          1                 0                 0                  0        0         0
33   Brazil 2020-01-31        2               2          2                 0                 0                  0        0         0
34   Brazil 2020-02-01        2               2          2                 0                 0                  0        0         0
35   Brazil 2020-02-02        2               2          2                 0                 0                  0        0         0
36   Brazil 2020-02-03        2               2          2                 0                 0                  0        0         0
37   Brazil 2020-02-04        2               3          4                 0                 0                  0        0         0
38   Brazil 2020-02-05        2               3          4                 0                 0                  0        0         0
39   Brazil 2020-02-06        2               3          4                 0                 0                  0        0         0
40   Brazil 2020-02-07        3               4          5                 0                 0                  0        0         0
41   Brazil 2020-02-08        4               5          6                 0                 0                  0        0         0
42   Brazil 2020-02-09        4               5          6                 0                 0                  0        0         0
43   Brazil 2020-02-10        5               6          7                 0                 0                  0        0         0
44   Brazil 2020-02-11        6               7          8                 0                 0                  0        0         0
45   Brazil 2020-02-12        6               8         10                 0                 0                  0        0         0
46   Brazil 2020-02-13        7               9         11                 0                 0                  0        0         0
47   Brazil 2020-02-14        8              10         12                 0                 0                  0        0         0
48   Brazil 2020-02-15       10              12         14                 1                 0                  0        0         0
49   Brazil 2020-02-16       11              14         17                 1                 0                  0        0         0
50   Brazil 2020-02-17       13              16         19                 1                 0                  0        0         0
51   Brazil 2020-02-18       14              18         22                 1                 0                  0        0         0
52   Brazil 2020-02-19       17              21         25                 1                 0                  0        0         0
53   Brazil 2020-02-20       19              24         29                 1                 0                  0        0         0
54   Brazil 2020-02-21       22              27         32                 1                 0                  0        0         0
55   Brazil 2020-02-22       25              31         37                 2                 0                  0        0         0
56   Brazil 2020-02-23       29              36         43                 2                 0                  0        0         0
57   Brazil 2020-02-24       33              41         49                 2                 0                  0        0         0
58   Brazil 2020-02-25       38              47         56                 2                 1                  0        0         0
59   Brazil 2020-02-26       43              54         65                 3                 1                  0        0         0
60   Brazil 2020-02-27       50              62         74                 3                 1                  0        0         0
61   Brazil 2020-02-28       57              71         85                 3                 1                  0        0         0
62   Brazil 2020-02-29       65              81         97                 4                 2                  0        0         0
63   Brazil 2020-03-01       74              93        112                 5                 2                 NA        0         0
64   Brazil 2020-03-02       85             106        127                 5                 0                 NA        0         0
65   Brazil 2020-03-03       98             122        146                 6                 0                  0        0         0
66   Brazil 2020-03-04      112             140        168                 7                 3                  0        0         0
67   Brazil 2020-03-05      128             160        192                 8                 8                  0        0         0
68   Brazil 2020-03-06      146             183        220                 9                13                  0        0         0
69   Brazil 2020-03-07      168             210        252                10                13                  0        0         0
70   Brazil 2020-03-08      193             241        289                12                25                 NA        0         0
71   Brazil 2020-03-09      221             276        331                14                 0                  0        0         0
72   Brazil 2020-03-10      253             317        381                16                34                  0        0         0
73   Brazil 2020-03-11      290             363        436                18                52                  0        0         0
74   Brazil 2020-03-12      333             416        499                20                77                  0        0         0
75   Brazil 2020-03-13      381             477        573                23                98                  0        0         0
76   Brazil 2020-03-14      437             547        657                27               121                  0        0         0
77   Brazil 2020-03-15      501             627        753                31               200                  0        0         0
78   Brazil 2020-03-16      575             719        863                35               234                  1        0         0
79   Brazil 2020-03-17      659             824        989                41               291                  4        0         0
80   Brazil 2020-03-18      756             945       1134                47               428                  6        0         0
81   Brazil 2020-03-19      866            1083       1300                53               621                 11        0         0
82   Brazil 2020-03-20      992            1241       1490                61               904                 18        0         0
83   Brazil 2020-03-21     1138            1423       1708                70              1128                 25        0         0
84   Brazil 2020-03-22     1304            1631       1958                80              1546                 34        0         0
85   Brazil 2020-03-23     1495            1870       2245                92              1891                 46        0         0
86   Brazil 2020-03-24     1714            2143       2572               106              2201                 57        0         0
87   Brazil 2020-03-25     1965            2457       2949               121              2433                 77        0         0
88   Brazil 2020-03-26     2252            2816       3380               139              2915                 92        0         0
89   Brazil 2020-03-27     2581            3228       3875               159              3417                114        0         0
90   Brazil 2020-03-28     2960            3701       4442               182              3904                136        0         0
91   Brazil 2020-03-29     3392            4242       5092               209              4256                159        0         0
92   Brazil 2020-03-30     3889            4863       5837               239              4579                201        0         0
93   Brazil 2020-03-31     4457            5574       6691               274              5717                241        0         0
94   Brazil 2020-04-01     5110            6390       7670               315              6836                299        0         0
95   Brazil 2020-04-02     5858            7325       8792               361              7910                359        0         0
96   Brazil 2020-04-03     6715            8397      10079               413              9056                432        0         0
97   Brazil 2020-04-04     7697            9625      11553               474             10278                486        0         0
98   Brazil 2020-04-05     8823           11033      13243               543             11130                553        0         0
99   Brazil 2020-04-06    10114           12648      15182               623             12056                681        0         0
100  Brazil 2020-04-07    11594           14498      17402               714             13831                681        0         0
101  Brazil 2020-04-08    13290           16620      19950               818                NA                 NA        0         0
102  Brazil 2020-04-09    15235           19052      22869               938                NA                 NA        0         0
103  Brazil 2020-04-10    17464           21839      26214              1075                NA                 NA        0         0
104  Brazil 2020-04-11    20020           25035      30050              1233                NA                 NA        0         0
105  Brazil 2020-04-12    22949           28698      34447              1413                NA                 NA        0         0
106  Brazil 2020-04-13    26307           32897      39487              1620                NA                 NA        0         0
107  Brazil 2020-04-14    30155           37710      45265              1857                NA                 NA        0         0

Fontes:
	OMS - https://ourworldindata.org/coronavirus-source-data
	Worldometers - https://www.worldometers.info/coronavirus