
 Brazil 
Projecao:  10  dias
Gerado em:  2020-10-07 12:21:55
RMSE(%):  27.4 , BIAS(%): 7.9

Taxa de Mortalidade 2.97 %

    country       dias otimista casos_estimados pessimista estimativa_mortes casos_confirmados mortes_confirmadas latitude longitude
274  Brazil 2020-09-28  3815988         5253152    6690316            155949           4745464             142921        0         0
275  Brazil 2020-09-29  3873599         5332460    6791321            158303           4777522             143952        0         0
276  Brazil 2020-09-30  3932079         5412965    6893851            160693           4810935             144680        0         0
277  Brazil 2020-10-01  3991442         5494685    6997928            163119           4847092             145388        0         0
278  Brazil 2020-10-02  4051702         5577640    7103578            165582           4880523             145987        0         0
279  Brazil 2020-10-03  4112871         5661846    7210821            168081           4906833             146352        0         0
280  Brazil 2020-10-04  4174964         5747324    7319684            170619           4915289             146675        0         0
281  Brazil 2020-10-05  4237994         5834092    7430190            173195           4927235             147494        0         0
282  Brazil 2020-10-06  4301976         5922171    7542366            175809           4969141             147571        0         0
283  Brazil 2020-10-07  4366924         6011579    7656234            178464           4970953             147571        0         0
284  Brazil 2020-10-08  4432851         6102336    7771821            181158                NA                 NA        0         0
285  Brazil 2020-10-09  4499775         6194465    7889155            183893                NA                 NA        0         0
286  Brazil 2020-10-10  4567709         6287983    8008257            186669                NA                 NA        0         0
287  Brazil 2020-10-11  4636668         6382914    8129160            189487                NA                 NA        0         0
288  Brazil 2020-10-12  4706669         6479278    8251887            192348                NA                 NA        0         0
289  Brazil 2020-10-13  4777727         6577097    8376467            195252                NA                 NA        0         0
290  Brazil 2020-10-14  4849856         6676392    8502928            198200                NA                 NA        0         0
291  Brazil 2020-10-15  4923076         6777187    8631298            201192                NA                 NA        0         0
292  Brazil 2020-10-16  4997400         6879503    8761606            204229                NA                 NA        0         0
293  Brazil 2020-10-17  5072847         6983364    8893881            207313                NA                 NA        0         0

Total de casos no mundo:  36152949 9271652 11332442 8397978 5580174 1538110 31872 721 36152949

Estimados a partir dos dados da OMS:
    day       date       x    xest
1     1 2019-12-30       0   87870
2     2 2019-12-31       0   89197
3     3 2020-01-01       0   90543
4     4 2020-01-02       0   91910
5     5 2020-01-03       0   93298
6     6 2020-01-04       0   94706
7     7 2020-01-05       0   96136
8     8 2020-01-06       0   97587
9     9 2020-01-07       0   99061
10   10 2020-01-08       0  100556
11   11 2020-01-09       0  102074
12   12 2020-01-10       0  103615
13   13 2020-01-11       0  105180
14   14 2020-01-12       0  106768
15   15 2020-01-13       0  108380
16   16 2020-01-14       0  110016
17   17 2020-01-15       0  111677
18   18 2020-01-16       0  113363
19   19 2020-01-17       0  115074
20   20 2020-01-18       0  116811
21   21 2020-01-19       0  118575
22   22 2020-01-20       0  120365
23   23 2020-01-21       0  122182
24   24 2020-01-22       0  124027
25   25 2020-01-23       0  125899
26   26 2020-01-24       0  127800
27   27 2020-01-25       0  129729
28   28 2020-01-26       0  131688
29   29 2020-01-27       0  133676
30   30 2020-01-28       0  135694
31   31 2020-01-29       0  137743
32   32 2020-01-30       0  139822
33   33 2020-01-31       0  141933
34   34 2020-02-01       0  144076
35   35 2020-02-02       0  146251
36   36 2020-02-03       0  148459
37   37 2020-02-04       0  150701
38   38 2020-02-05       0  152976
39   39 2020-02-06       0  155285
40   40 2020-02-07       0  157630
41   41 2020-02-08       0  160009
42   42 2020-02-09       0  162425
43   43 2020-02-10       0  164877
44   44 2020-02-11       0  167366
45   45 2020-02-12       0  169893
46   46 2020-02-13       0  172458
47   47 2020-02-14       0  175062
48   48 2020-02-15       0  177705
49   49 2020-02-16       0  180387
50   50 2020-02-17       0  183111
51   51 2020-02-18       0  185875
52   52 2020-02-19       0  188681
53   53 2020-02-20       0  191530
54   54 2020-02-21       0  194422
55   55 2020-02-22       0  197357
56   56 2020-02-23       0  200336
57   57 2020-02-24       0  203361
58   58 2020-02-25       1  206431
59   59 2020-02-26       1  209547
60   60 2020-02-27       1  212711
61   61 2020-02-28       1  215922
62   62 2020-02-29       2  219182
63   63 2020-03-01       2  222491
64   64 2020-03-02       2  225850
65   65 2020-03-03       2  229260
66   66 2020-03-04       3  232721
67   67 2020-03-05       8  236235
68   68 2020-03-06      13  239801
69   69 2020-03-07      13  243421
70   70 2020-03-08      25  247096
71   71 2020-03-09      25  250827
72   72 2020-03-10      34  254613
73   73 2020-03-11      52  258457
74   74 2020-03-12      77  262359
75   75 2020-03-13      98  266320
76   76 2020-03-14     121  270341
77   77 2020-03-15     200  274422
78   78 2020-03-16     234  278565
79   79 2020-03-17     291  282771
80   80 2020-03-18     428  287040
81   81 2020-03-19     621  291373
82   82 2020-03-20     904  295772
83   83 2020-03-21    1128  300238
84   84 2020-03-22    1546  304770
85   85 2020-03-23    1891  309372
86   86 2020-03-24    2201  314042
87   87 2020-03-25    2433  318783
88   88 2020-03-26    2915  323596
89   89 2020-03-27    3417  328481
90   90 2020-03-28    3904  333441
91   91 2020-03-29    4256  338475
92   92 2020-03-30    4579  343585
93   93 2020-03-31    5717  348772
94   94 2020-04-01    6836  354037
95   95 2020-04-02    7910  359382
96   96 2020-04-03    9056  364808
97   97 2020-04-04   10278  370315
98   98 2020-04-05   11130  375906
99   99 2020-04-06   12056  381581
100 100 2020-04-07   13717  387342
101 101 2020-04-08   15927  393190
102 102 2020-04-09   17857  399126
103 103 2020-04-10   19638  405152
104 104 2020-04-11   20727  411268
105 105 2020-04-12   22169  417477
106 106 2020-04-13   23430  423780
107 107 2020-04-14   25262  430178
108 108 2020-04-15   28320  436672
109 109 2020-04-16   30425  443265
110 110 2020-04-17   33682  449957
111 111 2020-04-18   36599  456750
112 112 2020-04-19   38654  463646
113 113 2020-04-20   40581  470645
114 114 2020-04-21   43079  477751
115 115 2020-04-22   45757  484963
116 116 2020-04-23   49492  492285
117 117 2020-04-24   52995  499717
118 118 2020-04-25   58509  507261
119 119 2020-04-26   61888  514920
120 120 2020-04-27   66501  522693
121 121 2020-04-28   71886  530585
122 122 2020-04-29   78162  538595
123 123 2020-04-30   85380  546726
124 124 2020-05-01   91589  554980
125 125 2020-05-02   96559  563359
126 126 2020-05-03  101147  571864
127 127 2020-05-04  107780  580497
128 128 2020-05-05  114715  589261
129 129 2020-05-06  125218  598158
130 130 2020-05-07  135106  607188
131 131 2020-05-08  145328  616355
132 132 2020-05-09  155939  625660
133 133 2020-05-10  162699  635106
134 134 2020-05-11  168331  644694
135 135 2020-05-12  177589  654427
136 136 2020-05-13  188974  664307
137 137 2020-05-14  202918  674336
138 138 2020-05-15  218223  684517
139 139 2020-05-16  233142  694851
140 140 2020-05-17  241080  705341
141 141 2020-05-18  254220  715990
142 142 2020-05-19  271628  726799
143 143 2020-05-20  291579  737772
144 144 2020-05-21  310087  748910
145 145 2020-05-22  330890  760217
146 146 2020-05-23  347398  771694
147 147 2020-05-24  363211  783344
148 148 2020-05-25  374898  795171
149 149 2020-05-26  391222  807175
150 150 2020-05-27  411821  819361
151 151 2020-05-28  438238  831731
152 152 2020-05-29  465166  844288
153 153 2020-05-30  498440  857035
154 154 2020-05-31  514849  869973
155 155 2020-06-01  526447  883108
156 156 2020-06-02  555383  896440
157 157 2020-06-03  584016  909974
158 158 2020-06-04  614932  923712
159 159 2020-06-05  645762  937657
160 160 2020-06-06  672837  951813
161 161 2020-06-07  691758  966183
162 162 2020-06-08  707412  980769
163 163 2020-06-09  739503  995576
164 164 2020-06-10  772416 1010607
165 165 2020-06-11  802828 1025864
166 166 2020-06-12  828810 1041352
167 167 2020-06-13  850514 1057073
168 168 2020-06-14  867624 1073032
169 169 2020-06-15  888271 1089232
170 170 2020-06-16  923189 1105676
171 171 2020-06-17  955377 1122369
172 172 2020-06-18  978142 1139313
173 173 2020-06-19 1032913 1156513
174 174 2020-06-20 1067579 1173974
175 175 2020-06-21 1085038 1191697
176 176 2020-06-22 1106470 1209689
177 177 2020-06-23 1145906 1227951
178 178 2020-06-24 1188631 1246490
179 179 2020-06-25 1228114 1265308
180 180 2020-06-26 1274974 1284411
181 181 2020-06-27 1313667 1303802
182 182 2020-06-28 1344143 1323486
183 183 2020-06-29 1368195 1343467
184 184 2020-06-30 1402041 1363749
185 185 2020-07-01 1448753 1384338
186 186 2020-07-02 1496858 1405237
187 187 2020-07-03 1539081 1426453
188 188 2020-07-04 1577004 1447988
189 189 2020-07-05 1603055 1469848
190 190 2020-07-06 1623284 1492039
191 191 2020-07-07 1668589 1514565
192 192 2020-07-08 1713160 1537430
193 193 2020-07-09 1755779 1560641
194 194 2020-07-10 1800827 1584202
195 195 2020-07-11 1839850 1608119
196 196 2020-07-12 1864681 1632397
197 197 2020-07-13 1884967 1657042
198 198 2020-07-14 1926824 1682059
199 199 2020-07-15 1966748 1707453
200 200 2020-07-16 2012151 1733231
201 201 2020-07-17 2046328 1759397
202 202 2020-07-18 2074860 1785959
203 203 2020-07-19 2098389 1812922
204 204 2020-07-20 2118646 1840292
205 205 2020-07-21 2159654 1868076
206 206 2020-07-22 2227514 1896278
207 207 2020-07-23 2287475 1924907
208 208 2020-07-24 2343366 1953967
209 209 2020-07-25 2394513 1983467
210 210 2020-07-26 2419091 2013411
211 211 2020-07-27 2442375 2043808
212 212 2020-07-28 2483191 2074664
213 213 2020-07-29 2552265 2105985
214 214 2020-07-30 2610102 2137780
215 215 2020-07-31 2662485 2170054
216 216 2020-08-01 2707877 2202816
217 217 2020-08-02 2733677 2236072
218 218 2020-08-03 2750318 2269831
219 219 2020-08-04 2801921 2304099
220 220 2020-08-05 2859073 2338884
221 221 2020-08-06 2912212 2374195
222 222 2020-08-07 2962442 2410038
223 223 2020-08-08 3012412 2446423
224 224 2020-08-09 3035422 2483357
225 225 2020-08-10 3057470 2520849
226 226 2020-08-11 3109630 2558906
227 227 2020-08-12 3164785 2597539
228 228 2020-08-13 3224876 2636754
229 229 2020-08-14 3275520 2676562
230 230 2020-08-15 3317096 2716970
231 231 2020-08-16 3340197 2757989
232 232 2020-08-17 3359570 2799626
233 233 2020-08-18 3407354 2841893
234 234 2020-08-19 3456652 2884797
235 235 2020-08-20 3501975 2928350
236 236 2020-08-21 3532330 2972559
237 237 2020-08-22 3582362 3017437
238 238 2020-08-23 3605783 3062991
239 239 2020-08-24 3622861 3109234
240 240 2020-08-25 3669995 3156175
241 241 2020-08-26 3717156 3203824
242 242 2020-08-27 3761391 3252193
243 243 2020-08-28 3804803 3301291
244 244 2020-08-29 3846153 3351132
245 245 2020-08-30 3862311 3401724
246 246 2020-08-31 3908272 3453081
247 247 2020-09-01 3950931 3505212
248 248 2020-09-02 3997865 3558131
249 249 2020-09-03 4041638 3611849
250 250 2020-09-04 4092832 3666378
251 251 2020-09-05 4123000 3721729
252 252 2020-09-06 4137521 3777917
253 253 2020-09-07 4147794 3834953
254 254 2020-09-08 4162073 3892850
255 255 2020-09-09 4197889 3951621
256 256 2020-09-10 4238446 4011279
257 257 2020-09-11 4282164 4071838
258 258 2020-09-12 4315687 4133311
259 259 2020-09-13 4330455 4195713
260 260 2020-09-14 4345610 4259056
261 261 2020-09-15 4382263 4323356
262 262 2020-09-16 4419083 4388626
263 263 2020-09-17 4455386 4454882
264 264 2020-09-18 4495183 4522138
265 265 2020-09-19 4528240 4590410
266 266 2020-09-20 4544629 4659712
267 267 2020-09-21 4558068 4730060
268 268 2020-09-22 4591604 4801471
269 269 2020-09-23 4624885 4873959
270 270 2020-09-24 4657702 4947542
271 271 2020-09-25 4689613 5022236
272 272 2020-09-26 4717991 5098058
273 273 2020-09-27 4732309 5175024
274 274 2020-09-28 4745464 5253152
275 275 2020-09-29 4777522 5332460
276 276 2020-09-30 4810935 5412965
277 277 2020-10-01 4847092 5494685
278 278 2020-10-02 4880523 5577640
279 279 2020-10-03 4906833 5661846
280 280 2020-10-04 4915289 5747324
281 281 2020-10-05 4927235 5834092
282 282 2020-10-06 4969141 5922171
283 283 2020-10-07 4970953 6011579

Intervalo de Confianca
          2.5%       97.5%
b  75377.71903 98894.58877
y0    64.39349    69.17446


Formula: x ~ SSexp(day, b, y0)

Parameters:
     Estimate Std. Error t value    Pr(>|t|)    
b  1148590.61  105565.70   10.88 0.000004506 ***
y0     192.67      12.25   15.73 0.000000266 ***
---
Signif. codes:  0 ‘***’ 0.001 ‘**’ 0.01 ‘*’ 0.05 ‘.’ 0.1 ‘ ’ 1

Residual standard error: 14610 on 8 degrees of freedom

Number of iterations to convergence: 42 
Achieved convergence tolerance: 0.0000000149

Considerando os casos dos últimos 10 dias, temos:
Número de dias para dobrar:  192.7
Razao de crescimento:  1148591

Todos os dados gerados
    country       dias otimista casos_estimados pessimista estimativa_mortes casos_confirmados mortes_confirmadas latitude longitude
1    Brazil 2019-12-30    63830           87870     111910              2609                 0                  0        0         0
2    Brazil 2019-12-31    64794           89197     113600              2648                 0                  0        0         0
3    Brazil 2020-01-01    65772           90543     115314              2688                 0                  0        0         0
4    Brazil 2020-01-02    66765           91910     117055              2729                 0                  0        0         0
5    Brazil 2020-01-03    67773           93298     118823              2770                 0                  0        0         0
6    Brazil 2020-01-04    68796           94706     120616              2812                 0                  0        0         0
7    Brazil 2020-01-05    69835           96136     122437              2854                 0                  0        0         0
8    Brazil 2020-01-06    70889           97587     124285              2897                 0                  0        0         0
9    Brazil 2020-01-07    71960           99061     126162              2941                 0                  0        0         0
10   Brazil 2020-01-08    73046          100556     128066              2985                 0                  0        0         0
11   Brazil 2020-01-09    74148          102074     130000              3030                 0                  0        0         0
12   Brazil 2020-01-10    75268          103615     131962              3076                 0                  0        0         0
13   Brazil 2020-01-11    76405          105180     133955              3122                 0                  0        0         0
14   Brazil 2020-01-12    77558          106768     135978              3170                 0                  0        0         0
15   Brazil 2020-01-13    78729          108380     138031              3217                 0                  0        0         0
16   Brazil 2020-01-14    79918          110016     140114              3266                 0                  0        0         0
17   Brazil 2020-01-15    81124          111677     142230              3315                 0                  0        0         0
18   Brazil 2020-01-16    82349          113363     144377              3365                 0                  0        0         0
19   Brazil 2020-01-17    83592          115074     146556              3416                 0                  0        0         0
20   Brazil 2020-01-18    84854          116811     148768              3468                 0                  0        0         0
21   Brazil 2020-01-19    86135          118575     151015              3520                 0                  0        0         0
22   Brazil 2020-01-20    87435          120365     153295              3573                 0                  0        0         0
23   Brazil 2020-01-21    88755          122182     155609              3627                 0                  0        0         0
24   Brazil 2020-01-22    90096          124027     157958              3682                 0                  0        0         0
25   Brazil 2020-01-23    91455          125899     160343              3738                 0                  0        0         0
26   Brazil 2020-01-24    92836          127800     162764              3794                 0                  0        0         0
27   Brazil 2020-01-25    94238          129729     165220              3851                 0                  0        0         0
28   Brazil 2020-01-26    95661          131688     167715              3909                 0                  0        0         0
29   Brazil 2020-01-27    97105          133676     170247              3968                 0                  0        0         0
30   Brazil 2020-01-28    98571          135694     172817              4028                 0                  0        0         0
31   Brazil 2020-01-29   100059          137743     175427              4089                 0                  0        0         0
32   Brazil 2020-01-30   101569          139822     178075              4151                 0                  0        0         0
33   Brazil 2020-01-31   103103          141933     180763              4214                 0                  0        0         0
34   Brazil 2020-02-01   104660          144076     183492              4277                 0                  0        0         0
35   Brazil 2020-02-02   106239          146251     186263              4342                 0                  0        0         0
36   Brazil 2020-02-03   107843          148459     189075              4407                 0                  0        0         0
37   Brazil 2020-02-04   109472          150701     191930              4474                 0                  0        0         0
38   Brazil 2020-02-05   111125          152976     194827              4541                 0                  0        0         0
39   Brazil 2020-02-06   112802          155285     197768              4610                 0                  0        0         0
40   Brazil 2020-02-07   114505          157630     200755              4680                 0                  0        0         0
41   Brazil 2020-02-08   116234          160009     203784              4750                 0                  0        0         0
42   Brazil 2020-02-09   117989          162425     206861              4822                 0                  0        0         0
43   Brazil 2020-02-10   119770          164877     209984              4895                 0                  0        0         0
44   Brazil 2020-02-11   121578          167366     213154              4969                 0                  0        0         0
45   Brazil 2020-02-12   123413          169893     216373              5044                 0                  0        0         0
46   Brazil 2020-02-13   125277          172458     219639              5120                 0                  0        0         0
47   Brazil 2020-02-14   127168          175062     222956              5197                 0                  0        0         0
48   Brazil 2020-02-15   129088          177705     226322              5275                 0                  0        0         0
49   Brazil 2020-02-16   131036          180387     229738              5355                 0                  0        0         0
50   Brazil 2020-02-17   133015          183111     233207              5436                 0                  0        0         0
51   Brazil 2020-02-18   135023          185875     236727              5518                 0                  0        0         0
52   Brazil 2020-02-19   137061          188681     240301              5601                 0                  0        0         0
53   Brazil 2020-02-20   139131          191530     243929              5686                 0                  0        0         0
54   Brazil 2020-02-21   141232          194422     247612              5772                 0                  0        0         0
55   Brazil 2020-02-22   143364          197357     251350              5859                 0                  0        0         0
56   Brazil 2020-02-23   145528          200336     255144              5947                 0                  0        0         0
57   Brazil 2020-02-24   147725          203361     258997              6037                 0                  0        0         0
58   Brazil 2020-02-25   149955          206431     262907              6128                 1                  0        0         0
59   Brazil 2020-02-26   152219          209547     266875              6221                 1                  0        0         0
60   Brazil 2020-02-27   154517          212711     270905              6315                 1                  0        0         0
61   Brazil 2020-02-28   156850          215922     274994              6410                 1                  0        0         0
62   Brazil 2020-02-29   159218          219182     279146              6507                 2                  0        0         0
63   Brazil 2020-03-01   161622          222491     283360              6605                 2                  0        0         0
64   Brazil 2020-03-02   164062          225850     287638              6705                 2                  0        0         0
65   Brazil 2020-03-03   166539          229260     291981              6806                 2                  0        0         0
66   Brazil 2020-03-04   169053          232721     296389              6909                 3                  0        0         0
67   Brazil 2020-03-05   171606          236235     300864              7013                 8                  0        0         0
68   Brazil 2020-03-06   174196          239801     305406              7119                13                  0        0         0
69   Brazil 2020-03-07   176826          243421     310016              7226                13                  0        0         0
70   Brazil 2020-03-08   179495          247096     314697              7335                25                  0        0         0
71   Brazil 2020-03-09   182205          250827     319449              7446                25                  0        0         0
72   Brazil 2020-03-10   184956          254613     324270              7559                34                  0        0         0
73   Brazil 2020-03-11   187748          258457     329166              7673                52                  0        0         0
74   Brazil 2020-03-12   190582          262359     334136              7789                77                  0        0         0
75   Brazil 2020-03-13   193460          266320     339180              7906                98                  0        0         0
76   Brazil 2020-03-14   196381          270341     344301              8026               121                  0        0         0
77   Brazil 2020-03-15   199345          274422     349499              8147               200                  0        0         0
78   Brazil 2020-03-16   202355          278565     354775              8270               234                  1        0         0
79   Brazil 2020-03-17   205410          282771     360132              8395               291                  4        0         0
80   Brazil 2020-03-18   208511          287040     365569              8521               428                  6        0         0
81   Brazil 2020-03-19   211659          291373     371087              8650               621                 11        0         0
82   Brazil 2020-03-20   214854          295772     376690              8780               904                 18        0         0
83   Brazil 2020-03-21   218099          300238     382377              8913              1128                 25        0         0
84   Brazil 2020-03-22   221391          304770     388149              9048              1546                 34        0         0
85   Brazil 2020-03-23   224734          309372     394010              9184              1891                 46        0         0
86   Brazil 2020-03-24   228126          314042     399958              9323              2201                 57        0         0
87   Brazil 2020-03-25   231570          318783     405996              9464              2433                 77        0         0
88   Brazil 2020-03-26   235066          323596     412126              9606              2915                 92        0         0
89   Brazil 2020-03-27   238615          328481     418347              9752              3417                114        0         0
90   Brazil 2020-03-28   242218          333441     424664              9899              3904                136        0         0
91   Brazil 2020-03-29   245875          338475     431075             10048              4256                159        0         0
92   Brazil 2020-03-30   249587          343585     437583             10200              4579                201        0         0
93   Brazil 2020-03-31   253355          348772     444189             10354              5717                241        0         0
94   Brazil 2020-04-01   257179          354037     450895             10510              6836                299        0         0
95   Brazil 2020-04-02   261062          359382     457702             10669              7910                359        0         0
96   Brazil 2020-04-03   265003          364808     464613             10830              9056                432        0         0
97   Brazil 2020-04-04   269004          370315     471626             10993             10278                486        0         0
98   Brazil 2020-04-05   273065          375906     478747             11159             11130                553        0         0
99   Brazil 2020-04-06   277188          381581     485974             11328             12056                667        0         0
100  Brazil 2020-04-07   281372          387342     493312             11499             13717                800        0         0
101  Brazil 2020-04-08   285621          393190     500759             11672             15927                941        0         0
102  Brazil 2020-04-09   289933          399126     508319             11849             17857               1056        0         0
103  Brazil 2020-04-10   294310          405152     515994             12028             19638               1124        0         0
104  Brazil 2020-04-11   298753          411268     523783             12209             20727               1223        0         0
105  Brazil 2020-04-12   303263          417477     531691             12393             22169               1328        0         0
106  Brazil 2020-04-13   307842          423780     539718             12581             23430               1532        0         0
107  Brazil 2020-04-14   312489          430178     547867             12771             25262               1736        0         0
108  Brazil 2020-04-15   317207          436672     556137             12963             28320               1924        0         0
109  Brazil 2020-04-16   321996          443265     564534             13159             30425               2141        0         0
110  Brazil 2020-04-17   326857          449957     573057             13358             33682               2347        0         0
111  Brazil 2020-04-18   331792          456750     581708             13559             36599               2462        0         0
112  Brazil 2020-04-19   336801          463646     590491             13764             38654               2575        0         0
113  Brazil 2020-04-20   341885          470645     599405             13972             40581               2741        0         0
114  Brazil 2020-04-21   347047          477751     608455             14183             43079               2906        0         0
115  Brazil 2020-04-22   352286          484963     617640             14397             45757               3313        0         0
116  Brazil 2020-04-23   357605          492285     626965             14614             49492               3670        0         0
117  Brazil 2020-04-24   363004          499717     636430             14835             52995               4016        0         0
118  Brazil 2020-04-25   368484          507261     646038             15059             58509               4205        0         0
119  Brazil 2020-04-26   374048          514920     655792             15286             61888               4543        0         0
120  Brazil 2020-04-27   379694          522693     665692             15517             66501               5017        0         0
121  Brazil 2020-04-28   385427          530585     675743             15751             71886               5466        0         0
122  Brazil 2020-04-29   391246          538595     685944             15989             78162               5901        0         0
123  Brazil 2020-04-30   397152          546726     696300             16230             85380               6329        0         0
124  Brazil 2020-05-01   403148          554980     706812             16476             91589               6750        0         0
125  Brazil 2020-05-02   409235          563359     717483             16724             96559               7025        0         0
126  Brazil 2020-05-03   415413          571864     728315             16977            101147               7321        0         0
127  Brazil 2020-05-04   421684          580497     739310             17233            107780               7921        0         0
128  Brazil 2020-05-05   428050          589261     750472             17493            114715               8536        0         0
129  Brazil 2020-05-06   434513          598158     761803             17757            125218               9146        0         0
130  Brazil 2020-05-07   441073          607188     773303             18025            135106               9897        0         0
131  Brazil 2020-05-08   447732          616355     784978             18298            145328              10627        0         0
132  Brazil 2020-05-09   454491          625660     796829             18574            155939              11123        0         0
133  Brazil 2020-05-10   461353          635106     808859             18854            162699              11519        0         0
134  Brazil 2020-05-11   468318          644694     821070             19139            168331              12400        0         0
135  Brazil 2020-05-12   475388          654427     833466             19428            177589              13149        0         0
136  Brazil 2020-05-13   482565          664307     846049             19721            188974              13993        0         0
137  Brazil 2020-05-14   489850          674336     858822             20019            202918              14817        0         0
138  Brazil 2020-05-15   497246          684517     871788             20321            218223              15633        0         0
139  Brazil 2020-05-16   504753          694851     884949             20628            233142              16118        0         0
140  Brazil 2020-05-17   512373          705341     898309             20939            241080              16792        0         0
141  Brazil 2020-05-18   520109          715990     911871             21255            254220              17971        0         0
142  Brazil 2020-05-19   527960          726799     925638             21576            271628              18859        0         0
143  Brazil 2020-05-20   535931          737772     939613             21902            291579              20047        0         0
144  Brazil 2020-05-21   544022          748910     953798             22233            310087              21048        0         0
145  Brazil 2020-05-22   552236          760217     968198             22568            330890              22013        0         0
146  Brazil 2020-05-23   560573          771694     982815             22909            347398              22666        0         0
147  Brazil 2020-05-24   569036          783344     997652             23255            363211              23473        0         0
148  Brazil 2020-05-25   577627          795171    1012715             23606            374898              24512        0         0
149  Brazil 2020-05-26   586347          807175    1028003             23962            391222              25598        0         0
150  Brazil 2020-05-27   595199          819361    1043523             24324            411821              26754        0         0
151  Brazil 2020-05-28   604185          831731    1059277             24691            438238              27878        0         0
152  Brazil 2020-05-29   613307          844288    1075269             25064            465166              28834        0         0
153  Brazil 2020-05-30   622566          857035    1091504             25443            498440              29314        0         0
154  Brazil 2020-05-31   631965          869973    1107981             25827            514849              29937        0         0
155  Brazil 2020-06-01   641506          883108    1124710             26217            526447              31199        0         0
156  Brazil 2020-06-02   651191          896440    1141689             26612            555383              32548        0         0
157  Brazil 2020-06-03   661022          909974    1158926             27014            584016              34021        0         0
158  Brazil 2020-06-04   671002          923712    1176422             27422            614932              35026        0         0
159  Brazil 2020-06-05   681132          937657    1194182             27836            645762              35930        0         0
160  Brazil 2020-06-06   691415          951813    1212211             28256            672837              36455        0         0
161  Brazil 2020-06-07   701853          966183    1230513             28683            691758              37134        0         0
162  Brazil 2020-06-08   712449          980769    1249089             29116            707412              38406        0         0
163  Brazil 2020-06-09   723205          995576    1267947             29555            739503              39680        0         0
164  Brazil 2020-06-10   734124         1010607    1287090             30002            772416              40919        0         0
165  Brazil 2020-06-11   745207         1025864    1306521             30454            802828              41828        0         0
166  Brazil 2020-06-12   756458         1041352    1326246             30914            828810              42720        0         0
167  Brazil 2020-06-13   767878         1057073    1346268             31381            850514              43332        0         0
168  Brazil 2020-06-14   779471         1073032    1366593             31855            867624              43959        0         0
169  Brazil 2020-06-15   791239         1089232    1387225             32336            888271              45241        0         0
170  Brazil 2020-06-16   803184         1105676    1408168             32824            923189              46510        0         0
171  Brazil 2020-06-17   815310         1122369    1429428             33319            955377              47748        0         0
172  Brazil 2020-06-18   827618         1139313    1451008             33822            978142              48954        0         0
173  Brazil 2020-06-19   840113         1156513    1472913             34333           1032913              49976        0         0
174  Brazil 2020-06-20   852797         1173974    1495151             34851           1067579              50617        0         0
175  Brazil 2020-06-21   865671         1191697    1517723             35378           1085038              51271        0         0
176  Brazil 2020-06-22   878741         1209689    1540637             35912           1106470              52645        0         0
177  Brazil 2020-06-23   892007         1227951    1563895             36454           1145906              53830        0         0
178  Brazil 2020-06-24   905474         1246490    1587506             37004           1188631              54971        0         0
179  Brazil 2020-06-25   919143         1265308    1611473             37563           1228114              55961        0         0
180  Brazil 2020-06-26   933020         1284411    1635802             38130           1274974              57070        0         0
181  Brazil 2020-06-27   947106         1303802    1660498             38706           1313667              57622        0         0
182  Brazil 2020-06-28   961405         1323486    1685567             39290           1344143              58314        0         0
183  Brazil 2020-06-29   975920         1343467    1711014             39883           1368195              59594        0         0
184  Brazil 2020-06-30   990653         1363749    1736845             40485           1402041              60632        0         0
185  Brazil 2020-07-01  1005609         1384338    1763067             41096           1448753              61884        0         0
186  Brazil 2020-07-02  1020790         1405237    1789684             41717           1496858              63174        0         0
187  Brazil 2020-07-03  1036202         1426453    1816704             42347           1539081              64265        0         0
188  Brazil 2020-07-04  1051846         1447988    1844130             42986           1577004              64867        0         0
189  Brazil 2020-07-05  1067725         1469848    1871971             43635           1603055              65487        0         0
190  Brazil 2020-07-06  1083845         1492039    1900233             44294           1623284              66741        0         0
191  Brazil 2020-07-07  1100208         1514565    1928922             44962           1668589              67964        0         0
192  Brazil 2020-07-08  1116818         1537430    1958042             45641           1713160              69184        0         0
193  Brazil 2020-07-09  1133679         1560641    1987603             46330           1755779              70398        0         0
194  Brazil 2020-07-10  1150794         1584202    2017610             47030           1800827              71469        0         0
195  Brazil 2020-07-11  1168168         1608119    2048070             47740           1839850              72100        0         0
196  Brazil 2020-07-12  1185804         1632397    2078990             48460           1864681              72833        0         0
197  Brazil 2020-07-13  1203706         1657042    2110378             49192           1884967              74133        0         0
198  Brazil 2020-07-14  1221879         1682059    2142239             49935           1926824              75366        0         0
199  Brazil 2020-07-15  1240326         1707453    2174580             50689           1966748              76688        0         0
200  Brazil 2020-07-16  1259051         1733231    2207411             51454           2012151              77851        0         0
201  Brazil 2020-07-17  1278059         1759397    2240735             52231           2046328              78772        0         0
202  Brazil 2020-07-18  1297354         1785959    2274564             53019           2074860              79488        0         0
203  Brazil 2020-07-19  1316941         1812922    2308903             53820           2098389              80120        0         0
204  Brazil 2020-07-20  1336823         1840292    2343761             54632           2118646              81487        0         0
205  Brazil 2020-07-21  1357005         1868076    2379147             55457           2159654              82771        0         0
206  Brazil 2020-07-22  1377492         1896278    2415064             56294           2227514              84082        0         0
207  Brazil 2020-07-23  1398289         1924907    2451525             57144           2287475              85238        0         0
208  Brazil 2020-07-24  1419398         1953967    2488536             58007           2343366              86449        0         0
209  Brazil 2020-07-25  1440828         1983467    2526106             58883           2394513              87004        0         0
210  Brazil 2020-07-26  1462579         2013411    2564243             59771           2419091              87618        0         0
211  Brazil 2020-07-27  1484660         2043808    2602956             60674           2442375              88539        0         0
212  Brazil 2020-07-28  1507075         2074664    2642253             61590           2483191              90134        0         0
213  Brazil 2020-07-29  1529827         2105985    2682143             62520           2552265              91263        0         0
214  Brazil 2020-07-30  1552923         2137780    2722637             63464           2610102              92475        0         0
215  Brazil 2020-07-31  1576368         2170054    2763740             64422           2662485              93563        0         0
216  Brazil 2020-08-01  1600167         2202816    2805465             65394           2707877              94104        0         0
217  Brazil 2020-08-02  1624325         2236072    2847819             66382           2733677              94665        0         0
218  Brazil 2020-08-03  1648848         2269831    2890814             67384           2750318              95819        0         0
219  Brazil 2020-08-04  1673741         2304099    2934457             68401           2801921              97256        0         0
220  Brazil 2020-08-05  1699009         2338884    2978759             69434           2859073              98493        0         0
221  Brazil 2020-08-06  1724660         2374195    3023730             70482           2912212              99572        0         0
222  Brazil 2020-08-07  1750697         2410038    3069379             71546           2962442             100477        0         0
223  Brazil 2020-08-08  1777128         2446423    3115718             72626           3012412             101049        0         0
224  Brazil 2020-08-09  1803957         2483357    3162757             73723           3035422             101752        0         0
225  Brazil 2020-08-10  1831192         2520849    3210506             74836           3057470             103026        0         0
226  Brazil 2020-08-11  1858837         2558906    3258975             75965           3109630             104201        0         0
227  Brazil 2020-08-12  1886901         2597539    3308177             77112           3164785             105463        0         0
228  Brazil 2020-08-13  1915388         2636754    3358120             78276           3224876             106523        0         0
229  Brazil 2020-08-14  1944305         2676562    3408819             79458           3275520             107232        0         0
230  Brazil 2020-08-15  1973658         2716970    3460282             80658           3317096             107852        0         0
231  Brazil 2020-08-16  2003455         2757989    3512523             81875           3340197             108536        0         0
232  Brazil 2020-08-17  2033701         2799626    3565551             83112           3359570             109888        0         0
233  Brazil 2020-08-18  2064404         2841893    3619382             84366           3407354             111100        0         0
234  Brazil 2020-08-19  2095571         2884797    3674023             85640           3456652             112304        0         0
235  Brazil 2020-08-20  2127208         2928350    3729492             86933           3501975             113358        0         0
236  Brazil 2020-08-21  2159323         2972559    3785795             88245           3532330             114250        0         0
237  Brazil 2020-08-22  2191923         3017437    3842951             89578           3582362             114744        0         0
238  Brazil 2020-08-23  2225014         3062991    3900968             90930           3605783             115309        0         0
239  Brazil 2020-08-24  2258606         3109234    3959862             92303           3622861             116580        0         0
240  Brazil 2020-08-25  2292705         3156175    4019645             93696           3669995             117665        0         0
241  Brazil 2020-08-26  2327318         3203824    4080330             95111           3717156             118649        0         0
242  Brazil 2020-08-27  2362454         3252193    4141932             96547           3761391             119504        0         0
243  Brazil 2020-08-28  2398120         3301291    4204462             98004           3804803             120462        0         0
244  Brazil 2020-08-29  2434325         3351132    4267939             99484           3846153             120828        0         0
245  Brazil 2020-08-30  2471076         3401724    4332372            100986           3862311             121381        0         0
246  Brazil 2020-08-31  2508383         3453081    4397779            102510           3908272             122596        0         0
247  Brazil 2020-09-01  2546252         3505212    4464172            104058           3950931             123780        0         0
248  Brazil 2020-09-02  2584693         3558131    4531569            105629           3997865             124614        0         0
249  Brazil 2020-09-03  2623715         3611849    4599983            107224           4041638             125521        0         0
250  Brazil 2020-09-04  2663326         3666378    4669430            108843           4092832             126203        0         0
251  Brazil 2020-09-05  2703534         3721729    4739924            110486           4123000             126650        0         0
252  Brazil 2020-09-06  2744350         3777917    4811484            112154           4137521             126960        0         0
253  Brazil 2020-09-07  2785782         3834953    4884124            113847           4147794             127464        0         0
254  Brazil 2020-09-08  2827839         3892850    4957861            115566           4162073             128539        0         0
255  Brazil 2020-09-09  2870532         3951621    5032710            117310           4197889             129522        0         0
256  Brazil 2020-09-10  2913868         4011279    5108690            119081           4238446             130396        0         0
257  Brazil 2020-09-11  2957859         4071838    5185817            120879           4282164             131210        0         0
258  Brazil 2020-09-12  3002515         4133311    5264107            122704           4315687             131625        0         0
259  Brazil 2020-09-13  3047845         4195713    5343581            124557           4330455             132006        0         0
260  Brazil 2020-09-14  3093858         4259056    5424254            126437           4345610             133119        0         0
261  Brazil 2020-09-15  3140567         4323356    5506145            128346           4382263             134106        0         0
262  Brazil 2020-09-16  3187980         4388626    5589272            130284           4419083             134935        0         0
263  Brazil 2020-09-17  3236110         4454882    5673654            132251           4455386             135793        0         0
264  Brazil 2020-09-18  3284966         4522138    5759310            134247           4495183             136532        0         0
265  Brazil 2020-09-19  3334560         4590410    5846260            136274           4528240             136895        0         0
266  Brazil 2020-09-20  3384902         4659712    5934522            138331           4544629             137272        0         0
267  Brazil 2020-09-21  3436004         4730060    6024116            140420           4558068             138108        0         0
268  Brazil 2020-09-22  3487879         4801471    6115063            142540           4591604             138977        0         0
269  Brazil 2020-09-23  3540535         4873959    6207383            144692           4624885             139808        0         0
270  Brazil 2020-09-24  3593987         4947542    6301097            146876           4657702             140537        0         0
271  Brazil 2020-09-25  3648246         5022236    6396226            149093           4689613             141406        0         0
272  Brazil 2020-09-26  3703325         5098058    6492791            151344           4717991             141741        0         0
273  Brazil 2020-09-27  3759234         5175024    6590814            153629           4732309             142058        0         0
274  Brazil 2020-09-28  3815988         5253152    6690316            155949           4745464             142921        0         0
275  Brazil 2020-09-29  3873599         5332460    6791321            158303           4777522             143952        0         0
276  Brazil 2020-09-30  3932079         5412965    6893851            160693           4810935             144680        0         0
277  Brazil 2020-10-01  3991442         5494685    6997928            163119           4847092             145388        0         0
278  Brazil 2020-10-02  4051702         5577640    7103578            165582           4880523             145987        0         0
279  Brazil 2020-10-03  4112871         5661846    7210821            168081           4906833             146352        0         0
280  Brazil 2020-10-04  4174964         5747324    7319684            170619           4915289             146675        0         0
281  Brazil 2020-10-05  4237994         5834092    7430190            173195           4927235             147494        0         0
282  Brazil 2020-10-06  4301976         5922171    7542366            175809           4969141             147571        0         0
283  Brazil 2020-10-07  4366924         6011579    7656234            178464           4970953             147571        0         0
284  Brazil 2020-10-08  4432851         6102336    7771821            181158                NA                 NA        0         0
285  Brazil 2020-10-09  4499775         6194465    7889155            183893                NA                 NA        0         0
286  Brazil 2020-10-10  4567709         6287983    8008257            186669                NA                 NA        0         0
287  Brazil 2020-10-11  4636668         6382914    8129160            189487                NA                 NA        0         0
288  Brazil 2020-10-12  4706669         6479278    8251887            192348                NA                 NA        0         0
289  Brazil 2020-10-13  4777727         6577097    8376467            195252                NA                 NA        0         0
290  Brazil 2020-10-14  4849856         6676392    8502928            198200                NA                 NA        0         0
291  Brazil 2020-10-15  4923076         6777187    8631298            201192                NA                 NA        0         0
292  Brazil 2020-10-16  4997400         6879503    8761606            204229                NA                 NA        0         0
293  Brazil 2020-10-17  5072847         6983364    8893881            207313                NA                 NA        0         0

Fontes:
	OMS - https://ourworldindata.org/coronavirus-source-data
	Worldometers - https://www.worldometers.info/coronavirus