
 Brazil 
Projecao:  10  dias
Gerado em:  2020-07-16 20:16:17
RMSE(%):  19.7 , BIAS(%): 6.45

Taxa de Mortalidade 3.81 %

    country       dias otimista casos_estimados pessimista estimativa_mortes casos_confirmados mortes_confirmadas latitude longitude
191  Brazil 2020-07-07  1336652         1664907    1993162             63454           1668589              67964        0         0
192  Brazil 2020-07-08  1381357         1720590    2059823             65576           1713160              69184        0         0
193  Brazil 2020-07-09  1427557         1778136    2128715             67769           1755779              70398        0         0
194  Brazil 2020-07-10  1475302         1837606    2199910             70036           1800827              71469        0         0
195  Brazil 2020-07-11  1524644         1899065    2273486             72378           1839850              72100        0         0
196  Brazil 2020-07-12  1575636         1962580    2349524             74799           1864681              72833        0         0
197  Brazil 2020-07-13  1628333         2028219    2428105             77300           1884967              74133        0         0
198  Brazil 2020-07-14  1682793         2096053    2509313             79886           1926824              75366        0         0
199  Brazil 2020-07-15  1739075         2166157    2593239             82558           1966748              76688        0         0
200  Brazil 2020-07-16  1797239         2238604    2679969             85319           2012151              76688        0         0
201  Brazil 2020-07-17  1857348         2313475    2769602             88172                NA                 NA        0         0
202  Brazil 2020-07-18  1919468         2390850    2862232             91121                NA                 NA        0         0
203  Brazil 2020-07-19  1983664         2470812    2957960             94169                NA                 NA        0         0
204  Brazil 2020-07-20  2050009         2553449    3056889             97318                NA                 NA        0         0
205  Brazil 2020-07-21  2118572         2638850    3159128            100573                NA                 NA        0         0
206  Brazil 2020-07-22  2189428         2727107    3264786            103937                NA                 NA        0         0
207  Brazil 2020-07-23  2262654         2818316    3373978            107413                NA                 NA        0         0
208  Brazil 2020-07-24  2338329         2912575    3486821            111005                NA                 NA        0         0
209  Brazil 2020-07-25  2416535         3009987    3603439            114718                NA                 NA        0         0
210  Brazil 2020-07-26  2497357         3110657    3723957            118555                NA                 NA        0         0

Total de casos no mundo:  13919718 4305247 3111391 3194324 2628791 666765 12479 721 13919718

Estimados a partir dos dados da OMS:
    day       date       x    xest
1     1 2019-12-30       0    3212
2     2 2019-12-31       0    3319
3     3 2020-01-01       0    3430
4     4 2020-01-02       0    3545
5     5 2020-01-03       0    3664
6     6 2020-01-04       0    3786
7     7 2020-01-05       0    3913
8     8 2020-01-06       0    4044
9     9 2020-01-07       0    4179
10   10 2020-01-08       0    4319
11   11 2020-01-09       0    4463
12   12 2020-01-10       0    4612
13   13 2020-01-11       0    4767
14   14 2020-01-12       0    4926
15   15 2020-01-13       0    5091
16   16 2020-01-14       0    5261
17   17 2020-01-15       0    5437
18   18 2020-01-16       0    5619
19   19 2020-01-17       0    5807
20   20 2020-01-18       0    6001
21   21 2020-01-19       0    6202
22   22 2020-01-20       0    6409
23   23 2020-01-21       0    6624
24   24 2020-01-22       0    6845
25   25 2020-01-23       0    7074
26   26 2020-01-24       0    7311
27   27 2020-01-25       0    7555
28   28 2020-01-26       0    7808
29   29 2020-01-27       0    8069
30   30 2020-01-28       0    8339
31   31 2020-01-29       0    8618
32   32 2020-01-30       0    8906
33   33 2020-01-31       0    9204
34   34 2020-02-01       0    9512
35   35 2020-02-02       0    9830
36   36 2020-02-03       0   10159
37   37 2020-02-04       0   10498
38   38 2020-02-05       0   10849
39   39 2020-02-06       0   11212
40   40 2020-02-07       0   11587
41   41 2020-02-08       0   11975
42   42 2020-02-09       0   12375
43   43 2020-02-10       0   12789
44   44 2020-02-11       0   13217
45   45 2020-02-12       0   13659
46   46 2020-02-13       0   14116
47   47 2020-02-14       0   14588
48   48 2020-02-15       0   15076
49   49 2020-02-16       0   15580
50   50 2020-02-17       0   16101
51   51 2020-02-18       0   16640
52   52 2020-02-19       0   17196
53   53 2020-02-20       0   17771
54   54 2020-02-21       0   18366
55   55 2020-02-22       0   18980
56   56 2020-02-23       0   19615
57   57 2020-02-24       0   20271
58   58 2020-02-25       1   20949
59   59 2020-02-26       1   21649
60   60 2020-02-27       1   22373
61   61 2020-02-28       1   23122
62   62 2020-02-29       2   23895
63   63 2020-03-01       2   24694
64   64 2020-03-02       2   25520
65   65 2020-03-03       2   26373
66   66 2020-03-04       3   27256
67   67 2020-03-05       8   28167
68   68 2020-03-06      13   29109
69   69 2020-03-07      13   30083
70   70 2020-03-08      25   31089
71   71 2020-03-09      25   32129
72   72 2020-03-10      34   33203
73   73 2020-03-11      52   34314
74   74 2020-03-12      77   35461
75   75 2020-03-13      98   36647
76   76 2020-03-14     121   37873
77   77 2020-03-15     200   39140
78   78 2020-03-16     234   40449
79   79 2020-03-17     291   41802
80   80 2020-03-18     428   43200
81   81 2020-03-19     621   44644
82   82 2020-03-20     904   46138
83   83 2020-03-21    1128   47681
84   84 2020-03-22    1546   49275
85   85 2020-03-23    1891   50923
86   86 2020-03-24    2201   52627
87   87 2020-03-25    2433   54387
88   88 2020-03-26    2915   56206
89   89 2020-03-27    3417   58085
90   90 2020-03-28    3904   60028
91   91 2020-03-29    4256   62036
92   92 2020-03-30    4579   64111
93   93 2020-03-31    5717   66255
94   94 2020-04-01    6836   68471
95   95 2020-04-02    7910   70761
96   96 2020-04-03    9056   73127
97   97 2020-04-04   10278   75573
98   98 2020-04-05   11130   78101
99   99 2020-04-06   12056   80713
100 100 2020-04-07   13717   83412
101 101 2020-04-08   15927   86202
102 102 2020-04-09   17857   89085
103 103 2020-04-10   19638   92064
104 104 2020-04-11   20727   95144
105 105 2020-04-12   22169   98326
106 106 2020-04-13   23430  101614
107 107 2020-04-14   25262  105013
108 108 2020-04-15   28320  108525
109 109 2020-04-16   30425  112155
110 110 2020-04-17   33682  115906
111 111 2020-04-18   36599  119782
112 112 2020-04-19   38654  123788
113 113 2020-04-20   40581  127928
114 114 2020-04-21   43079  132207
115 115 2020-04-22   45757  136629
116 116 2020-04-23   49492  141198
117 117 2020-04-24   52995  145921
118 118 2020-04-25   58509  150801
119 119 2020-04-26   61888  155845
120 120 2020-04-27   66501  161057
121 121 2020-04-28   71886  166443
122 122 2020-04-29   78162  172010
123 123 2020-04-30   85380  177763
124 124 2020-05-01   91589  183708
125 125 2020-05-02   96559  189853
126 126 2020-05-03  101147  196202
127 127 2020-05-04  107780  202764
128 128 2020-05-05  114715  209546
129 129 2020-05-06  125218  216554
130 130 2020-05-07  135106  223797
131 131 2020-05-08  145328  231282
132 132 2020-05-09  155939  239017
133 133 2020-05-10  162699  247011
134 134 2020-05-11  168331  255272
135 135 2020-05-12  177589  263810
136 136 2020-05-13  188974  272633
137 137 2020-05-14  202918  281751
138 138 2020-05-15  218223  291175
139 139 2020-05-16  233142  300913
140 140 2020-05-17  241080  310977
141 141 2020-05-18  254220  321378
142 142 2020-05-19  271628  332127
143 143 2020-05-20  291579  343235
144 144 2020-05-21  310087  354714
145 145 2020-05-22  330890  366578
146 146 2020-05-23  347398  378838
147 147 2020-05-24  363211  391508
148 148 2020-05-25  374898  404602
149 149 2020-05-26  391222  418134
150 150 2020-05-27  411821  432119
151 151 2020-05-28  438238  446571
152 152 2020-05-29  465166  461507
153 153 2020-05-30  498440  476942
154 154 2020-05-31  514849  492894
155 155 2020-06-01  526447  509379
156 156 2020-06-02  555383  526415
157 157 2020-06-03  584016  544021
158 158 2020-06-04  614932  562216
159 159 2020-06-05  645762  581019
160 160 2020-06-06  672837  600452
161 161 2020-06-07  691758  620534
162 162 2020-06-08  707412  641288
163 163 2020-06-09  739503  662736
164 164 2020-06-10  772416  684901
165 165 2020-06-11  802828  707808
166 166 2020-06-12  828810  731481
167 167 2020-06-13  850514  755946
168 168 2020-06-14  867624  781228
169 169 2020-06-15  888271  807357
170 170 2020-06-16  923189  834359
171 171 2020-06-17  955377  862264
172 172 2020-06-18  978142  891103
173 173 2020-06-19 1032913  920906
174 174 2020-06-20 1067579  951706
175 175 2020-06-21 1085038  983536
176 176 2020-06-22 1106470 1016431
177 177 2020-06-23 1145906 1050426
178 178 2020-06-24 1188631 1085557
179 179 2020-06-25 1228114 1121864
180 180 2020-06-26 1274974 1159385
181 181 2020-06-27 1313667 1198161
182 182 2020-06-28 1344143 1238234
183 183 2020-06-29 1368195 1279647
184 184 2020-06-30 1402041 1322445
185 185 2020-07-01 1448753 1366675
186 186 2020-07-02 1496858 1412383
187 187 2020-07-03 1539081 1459621
188 188 2020-07-04 1577004 1508438
189 189 2020-07-05 1603055 1558888
190 190 2020-07-06 1623284 1611026
191 191 2020-07-07 1668589 1664907
192 192 2020-07-08 1713160 1720590
193 193 2020-07-09 1755779 1778136
194 194 2020-07-10 1800827 1837606
195 195 2020-07-11 1839850 1899065
196 196 2020-07-12 1864681 1962580
197 197 2020-07-13 1884967 2028219
198 198 2020-07-14 1926824 2096053
199 199 2020-07-15 1966748 2166157
200 200 2020-07-16 2012151 2238604

Intervalo de Confianca
        2.5%      97.5%
b  2640.9388 3641.24045
y0   29.6101   31.20544


Formula: x ~ SSexp(day, b, y0)

Parameters:
    Estimate Std. Error t value      Pr(>|t|)    
b  39217.340   5146.908    7.62 0.00006190371 ***
y0    50.797      1.729   29.38 0.00000000195 ***
---
Signif. codes:  0 ‘***’ 0.001 ‘**’ 0.01 ‘*’ 0.05 ‘.’ 0.1 ‘ ’ 1

Residual standard error: 11190 on 8 degrees of freedom

Number of iterations to convergence: 31 
Achieved convergence tolerance: 0.0000000149

Considerando os casos dos últimos 10 dias, temos:
Número de dias para dobrar:  50.8
Razao de crescimento:  39217.34

Todos os dados gerados
    country       dias otimista casos_estimados pessimista estimativa_mortes casos_confirmados mortes_confirmadas latitude longitude
1    Brazil 2019-12-30     2579            3212       3845               122                 0                  0        0         0
2    Brazil 2019-12-31     2665            3319       3973               126                 0                  0        0         0
3    Brazil 2020-01-01     2754            3430       4106               131                 0                  0        0         0
4    Brazil 2020-01-02     2846            3545       4244               135                 0                  0        0         0
5    Brazil 2020-01-03     2942            3664       4386               140                 0                  0        0         0
6    Brazil 2020-01-04     3040            3786       4532               144                 0                  0        0         0
7    Brazil 2020-01-05     3142            3913       4684               149                 0                  0        0         0
8    Brazil 2020-01-06     3247            4044       4841               154                 0                  0        0         0
9    Brazil 2020-01-07     3355            4179       5003               159                 0                  0        0         0
10   Brazil 2020-01-08     3467            4319       5171               165                 0                  0        0         0
11   Brazil 2020-01-09     3583            4463       5343               170                 0                  0        0         0
12   Brazil 2020-01-10     3703            4612       5521               176                 0                  0        0         0
13   Brazil 2020-01-11     3827            4767       5707               182                 0                  0        0         0
14   Brazil 2020-01-12     3955            4926       5897               188                 0                  0        0         0
15   Brazil 2020-01-13     4087            5091       6095               194                 0                  0        0         0
16   Brazil 2020-01-14     4224            5261       6298               201                 0                  0        0         0
17   Brazil 2020-01-15     4365            5437       6509               207                 0                  0        0         0
18   Brazil 2020-01-16     4511            5619       6727               214                 0                  0        0         0
19   Brazil 2020-01-17     4662            5807       6952               221                 0                  0        0         0
20   Brazil 2020-01-18     4818            6001       7184               229                 0                  0        0         0
21   Brazil 2020-01-19     4979            6202       7425               236                 0                  0        0         0
22   Brazil 2020-01-20     5145            6409       7673               244                 0                  0        0         0
23   Brazil 2020-01-21     5318            6624       7930               252                 0                  0        0         0
24   Brazil 2020-01-22     5495            6845       8195               261                 0                  0        0         0
25   Brazil 2020-01-23     5679            7074       8469               270                 0                  0        0         0
26   Brazil 2020-01-24     5870            7311       8752               279                 0                  0        0         0
27   Brazil 2020-01-25     6065            7555       9045               288                 0                  0        0         0
28   Brazil 2020-01-26     6269            7808       9347               298                 0                  0        0         0
29   Brazil 2020-01-27     6478            8069       9660               308                 0                  0        0         0
30   Brazil 2020-01-28     6695            8339       9983               318                 0                  0        0         0
31   Brazil 2020-01-29     6919            8618      10317               328                 0                  0        0         0
32   Brazil 2020-01-30     7150            8906      10662               339                 0                  0        0         0
33   Brazil 2020-01-31     7389            9204      11019               351                 0                  0        0         0
34   Brazil 2020-02-01     7637            9512      11387               363                 0                  0        0         0
35   Brazil 2020-02-02     7892            9830      11768               375                 0                  0        0         0
36   Brazil 2020-02-03     8156           10159      12162               387                 0                  0        0         0
37   Brazil 2020-02-04     8428           10498      12568               400                 0                  0        0         0
38   Brazil 2020-02-05     8710           10849      12988               413                 0                  0        0         0
39   Brazil 2020-02-06     9001           11212      13423               427                 0                  0        0         0
40   Brazil 2020-02-07     9302           11587      13872               442                 0                  0        0         0
41   Brazil 2020-02-08     9614           11975      14336               456                 0                  0        0         0
42   Brazil 2020-02-09     9935           12375      14815               472                 0                  0        0         0
43   Brazil 2020-02-10    10268           12789      15310               487                 0                  0        0         0
44   Brazil 2020-02-11    10611           13217      15823               504                 0                  0        0         0
45   Brazil 2020-02-12    10966           13659      16352               521                 0                  0        0         0
46   Brazil 2020-02-13    11333           14116      16899               538                 0                  0        0         0
47   Brazil 2020-02-14    11712           14588      17464               556                 0                  0        0         0
48   Brazil 2020-02-15    12104           15076      18048               575                 0                  0        0         0
49   Brazil 2020-02-16    12508           15580      18652               594                 0                  0        0         0
50   Brazil 2020-02-17    12927           16101      19275               614                 0                  0        0         0
51   Brazil 2020-02-18    13359           16640      19921               634                 0                  0        0         0
52   Brazil 2020-02-19    13806           17196      20586               655                 0                  0        0         0
53   Brazil 2020-02-20    14267           17771      21275               677                 0                  0        0         0
54   Brazil 2020-02-21    14745           18366      21987               700                 0                  0        0         0
55   Brazil 2020-02-22    15238           18980      22722               723                 0                  0        0         0
56   Brazil 2020-02-23    15748           19615      23482               748                 0                  0        0         0
57   Brazil 2020-02-24    16274           20271      24268               773                 0                  0        0         0
58   Brazil 2020-02-25    16819           20949      25079               798                 1                  0        0         0
59   Brazil 2020-02-26    17381           21649      25917               825                 1                  0        0         0
60   Brazil 2020-02-27    17962           22373      26784               853                 1                  0        0         0
61   Brazil 2020-02-28    18563           23122      27681               881                 1                  0        0         0
62   Brazil 2020-02-29    19184           23895      28606               911                 2                  0        0         0
63   Brazil 2020-03-01    19825           24694      29563               941                 2                  0        0         0
64   Brazil 2020-03-02    20488           25520      30552               973                 2                  0        0         0
65   Brazil 2020-03-03    21173           26373      31573              1005                 2                  0        0         0
66   Brazil 2020-03-04    21882           27256      32630              1039                 3                  0        0         0
67   Brazil 2020-03-05    22614           28167      33720              1074                 8                  0        0         0
68   Brazil 2020-03-06    23370           29109      34848              1109                13                  0        0         0
69   Brazil 2020-03-07    24152           30083      36014              1147                13                  0        0         0
70   Brazil 2020-03-08    24959           31089      37219              1185                25                  0        0         0
71   Brazil 2020-03-09    25794           32129      38464              1225                25                  0        0         0
72   Brazil 2020-03-10    26657           33203      39749              1265                34                  0        0         0
73   Brazil 2020-03-11    27549           34314      41079              1308                52                  0        0         0
74   Brazil 2020-03-12    28469           35461      42453              1352                77                  0        0         0
75   Brazil 2020-03-13    29422           36647      43872              1397                98                  0        0         0
76   Brazil 2020-03-14    30406           37873      45340              1443               121                  0        0         0
77   Brazil 2020-03-15    31423           39140      46857              1492               200                  0        0         0
78   Brazil 2020-03-16    32474           40449      48424              1542               234                  1        0         0
79   Brazil 2020-03-17    33560           41802      50044              1593               291                  4        0         0
80   Brazil 2020-03-18    34683           43200      51717              1646               428                  6        0         0
81   Brazil 2020-03-19    35842           44644      53446              1701               621                 11        0         0
82   Brazil 2020-03-20    37041           46138      55235              1758               904                 18        0         0
83   Brazil 2020-03-21    38280           47681      57082              1817              1128                 25        0         0
84   Brazil 2020-03-22    39560           49275      58990              1878              1546                 34        0         0
85   Brazil 2020-03-23    40883           50923      60963              1941              1891                 46        0         0
86   Brazil 2020-03-24    42251           52627      63003              2006              2201                 57        0         0
87   Brazil 2020-03-25    43664           54387      65110              2073              2433                 77        0         0
88   Brazil 2020-03-26    45124           56206      67288              2142              2915                 92        0         0
89   Brazil 2020-03-27    46633           58085      69537              2214              3417                114        0         0
90   Brazil 2020-03-28    48193           60028      71863              2288              3904                136        0         0
91   Brazil 2020-03-29    49805           62036      74267              2364              4256                159        0         0
92   Brazil 2020-03-30    51471           64111      76751              2443              4579                201        0         0
93   Brazil 2020-03-31    53192           66255      79318              2525              5717                241        0         0
94   Brazil 2020-04-01    54971           68471      81971              2610              6836                299        0         0
95   Brazil 2020-04-02    56810           70761      84712              2697              7910                359        0         0
96   Brazil 2020-04-03    58709           73127      87545              2787              9056                432        0         0
97   Brazil 2020-04-04    60673           75573      90473              2880             10278                486        0         0
98   Brazil 2020-04-05    62703           78101      93499              2977             11130                553        0         0
99   Brazil 2020-04-06    64800           80713      96626              3076             12056                667        0         0
100  Brazil 2020-04-07    66966           83412      99858              3179             13717                800        0         0
101  Brazil 2020-04-08    69206           86202     103198              3285             15927                941        0         0
102  Brazil 2020-04-09    71521           89085     106649              3395             17857               1056        0         0
103  Brazil 2020-04-10    73913           92064     110215              3509             19638               1124        0         0
104  Brazil 2020-04-11    76385           95144     113903              3626             20727               1223        0         0
105  Brazil 2020-04-12    78940           98326     117712              3747             22169               1328        0         0
106  Brazil 2020-04-13    81580          101614     121648              3873             23430               1532        0         0
107  Brazil 2020-04-14    84309          105013     125717              4002             25262               1736        0         0
108  Brazil 2020-04-15    87128          108525     129922              4136             28320               1924        0         0
109  Brazil 2020-04-16    90042          112155     134268              4275             30425               2141        0         0
110  Brazil 2020-04-17    93054          115906     138758              4417             33682               2347        0         0
111  Brazil 2020-04-18    96166          119782     143398              4565             36599               2462        0         0
112  Brazil 2020-04-19    99382          123788     148194              4718             38654               2575        0         0
113  Brazil 2020-04-20   102706          127928     153150              4876             40581               2741        0         0
114  Brazil 2020-04-21   106141          132207     158273              5039             43079               2906        0         0
115  Brazil 2020-04-22   109691          136629     163567              5207             45757               3313        0         0
116  Brazil 2020-04-23   113359          141198     169037              5381             49492               3670        0         0
117  Brazil 2020-04-24   117151          145921     174691              5561             52995               4016        0         0
118  Brazil 2020-04-25   121069          150801     180533              5747             58509               4205        0         0
119  Brazil 2020-04-26   125118          155845     186572              5940             61888               4543        0         0
120  Brazil 2020-04-27   129303          161057     192811              6138             66501               5017        0         0
121  Brazil 2020-04-28   133627          166443     199259              6344             71886               5466        0         0
122  Brazil 2020-04-29   138096          172010     205924              6556             78162               5901        0         0
123  Brazil 2020-04-30   142715          177763     212811              6775             85380               6329        0         0
124  Brazil 2020-05-01   147488          183708     219928              7002             91589               6750        0         0
125  Brazil 2020-05-02   152421          189853     227285              7236             96559               7025        0         0
126  Brazil 2020-05-03   157519          196202     234885              7478            101147               7321        0         0
127  Brazil 2020-05-04   162787          202764     242741              7728            107780               7921        0         0
128  Brazil 2020-05-05   168232          209546     250860              7986            114715               8536        0         0
129  Brazil 2020-05-06   173858          216554     259250              8253            125218               9146        0         0
130  Brazil 2020-05-07   179673          223797     267921              8529            135106               9897        0         0
131  Brazil 2020-05-08   185682          231282     276882              8815            145328              10627        0         0
132  Brazil 2020-05-09   191892          239017     286142              9110            155939              11123        0         0
133  Brazil 2020-05-10   198310          247011     295712              9414            162699              11519        0         0
134  Brazil 2020-05-11   204942          255272     305602              9729            168331              12400        0         0
135  Brazil 2020-05-12   211797          263810     315823             10054            177589              13149        0         0
136  Brazil 2020-05-13   218880          272633     326386             10391            188974              13993        0         0
137  Brazil 2020-05-14   226201          281751     337301             10738            202918              14817        0         0
138  Brazil 2020-05-15   233767          291175     348583             11097            218223              15633        0         0
139  Brazil 2020-05-16   241585          300913     360241             11469            233142              16118        0         0
140  Brazil 2020-05-17   249664          310977     372290             11852            241080              16792        0         0
141  Brazil 2020-05-18   258015          321378     384741             12249            254220              17971        0         0
142  Brazil 2020-05-19   266645          332127     397609             12658            271628              18859        0         0
143  Brazil 2020-05-20   275562          343235     410908             13082            291579              20047        0         0
144  Brazil 2020-05-21   284778          354714     424650             13519            310087              21048        0         0
145  Brazil 2020-05-22   294303          366578     438853             13971            330890              22013        0         0
146  Brazil 2020-05-23   304146          378838     453530             14438            347398              22666        0         0
147  Brazil 2020-05-24   314318          391508     468698             14921            363211              23473        0         0
148  Brazil 2020-05-25   324830          404602     484374             15420            374898              24512        0         0
149  Brazil 2020-05-26   335694          418134     500574             15936            391222              25598        0         0
150  Brazil 2020-05-27   346922          432119     517316             16469            411821              26754        0         0
151  Brazil 2020-05-28   358525          446571     534617             17020            438238              27878        0         0
152  Brazil 2020-05-29   370516          461507     552498             17589            465166              28834        0         0
153  Brazil 2020-05-30   382908          476942     570976             18177            498440              29314        0         0
154  Brazil 2020-05-31   395715          492894     590073             18785            514849              29937        0         0
155  Brazil 2020-06-01   408949          509379     609809             19414            526447              31199        0         0
156  Brazil 2020-06-02   422627          526415     630203             20063            555383              32548        0         0
157  Brazil 2020-06-03   436761          544021     651281             20734            584016              34021        0         0
158  Brazil 2020-06-04   451369          562216     673063             21427            614932              35026        0         0
159  Brazil 2020-06-05   466465          581019     695573             22144            645762              35930        0         0
160  Brazil 2020-06-06   482066          600452     718838             22885            672837              36455        0         0
161  Brazil 2020-06-07   498189          620534     742879             23650            691758              37134        0         0
162  Brazil 2020-06-08   514851          641288     767725             24441            707412              38406        0         0
163  Brazil 2020-06-09   532070          662736     793402             25258            739503              39680        0         0
164  Brazil 2020-06-10   549865          684901     819937             26103            772416              40919        0         0
165  Brazil 2020-06-11   568256          707808     847360             26976            802828              41828        0         0
166  Brazil 2020-06-12   587262          731481     875700             27879            828810              42720        0         0
167  Brazil 2020-06-13   606903          755946     904989             28811            850514              43332        0         0
168  Brazil 2020-06-14   627200          781228     935256             29775            867624              43959        0         0
169  Brazil 2020-06-15   648178          807357     966536             30770            888271              45241        0         0
170  Brazil 2020-06-16   669856          834359     998862             31799            923189              46510        0         0
171  Brazil 2020-06-17   692259          862264    1032269             32863            955377              47748        0         0
172  Brazil 2020-06-18   715412          891103    1066794             33962            978142              48954        0         0
173  Brazil 2020-06-19   739339          920906    1102473             35098           1032913              49976        0         0
174  Brazil 2020-06-20   764067          951706    1139345             36272           1067579              50617        0         0
175  Brazil 2020-06-21   789621          983536    1177451             37485           1085038              51271        0         0
176  Brazil 2020-06-22   816031         1016431    1216831             38739           1106470              52645        0         0
177  Brazil 2020-06-23   843323         1050426    1257529             40034           1145906              53830        0         0
178  Brazil 2020-06-24   871528         1085557    1299586             41373           1188631              54971        0         0
179  Brazil 2020-06-25   900676         1121864    1343052             42757           1228114              55961        0         0
180  Brazil 2020-06-26   930800         1159385    1387970             44187           1274974              57070        0         0
181  Brazil 2020-06-27   961930         1198161    1434392             45665           1313667              57622        0         0
182  Brazil 2020-06-28   994103         1238234    1482365             47192           1344143              58314        0         0
183  Brazil 2020-06-29  1027351         1279647    1531943             48770           1368195              59594        0         0
184  Brazil 2020-06-30  1061711         1322445    1583179             50402           1402041              60632        0         0
185  Brazil 2020-07-01  1097220         1366675    1636130             52087           1448753              61884        0         0
186  Brazil 2020-07-02  1133916         1412383    1690850             53829           1496858              63174        0         0
187  Brazil 2020-07-03  1171841         1459621    1747401             55630           1539081              64265        0         0
188  Brazil 2020-07-04  1211033         1508438    1805843             57490           1577004              64867        0         0
189  Brazil 2020-07-05  1251536         1558888    1866240             59413           1603055              65487        0         0
190  Brazil 2020-07-06  1293395         1611026    1928657             61400           1623284              66741        0         0
191  Brazil 2020-07-07  1336652         1664907    1993162             63454           1668589              67964        0         0
192  Brazil 2020-07-08  1381357         1720590    2059823             65576           1713160              69184        0         0
193  Brazil 2020-07-09  1427557         1778136    2128715             67769           1755779              70398        0         0
194  Brazil 2020-07-10  1475302         1837606    2199910             70036           1800827              71469        0         0
195  Brazil 2020-07-11  1524644         1899065    2273486             72378           1839850              72100        0         0
196  Brazil 2020-07-12  1575636         1962580    2349524             74799           1864681              72833        0         0
197  Brazil 2020-07-13  1628333         2028219    2428105             77300           1884967              74133        0         0
198  Brazil 2020-07-14  1682793         2096053    2509313             79886           1926824              75366        0         0
199  Brazil 2020-07-15  1739075         2166157    2593239             82558           1966748              76688        0         0
200  Brazil 2020-07-16  1797239         2238604    2679969             85319           2012151              76688        0         0
201  Brazil 2020-07-17  1857348         2313475    2769602             88172                NA                 NA        0         0
202  Brazil 2020-07-18  1919468         2390850    2862232             91121                NA                 NA        0         0
203  Brazil 2020-07-19  1983664         2470812    2957960             94169                NA                 NA        0         0
204  Brazil 2020-07-20  2050009         2553449    3056889             97318                NA                 NA        0         0
205  Brazil 2020-07-21  2118572         2638850    3159128            100573                NA                 NA        0         0
206  Brazil 2020-07-22  2189428         2727107    3264786            103937                NA                 NA        0         0
207  Brazil 2020-07-23  2262654         2818316    3373978            107413                NA                 NA        0         0
208  Brazil 2020-07-24  2338329         2912575    3486821            111005                NA                 NA        0         0
209  Brazil 2020-07-25  2416535         3009987    3603439            114718                NA                 NA        0         0
210  Brazil 2020-07-26  2497357         3110657    3723957            118555                NA                 NA        0         0

Fontes:
	OMS - https://ourworldindata.org/coronavirus-source-data
	Worldometers - https://www.worldometers.info/coronavirus