
 Brazil 
Projecao:  10  dias
Gerado em:  2020-09-22 11:42:14
RMSE(%):  25.7 , BIAS(%): 7.77

Taxa de Mortalidade 3.01 %

    country       dias otimista casos_estimados pessimista estimativa_mortes casos_confirmados mortes_confirmadas latitude longitude
259  Brazil 2020-09-13  3479723         4683867    5888011            141078           4330455             132006        0         0
260  Brazil 2020-09-14  3539460         4764276    5989092            143500           4345610             133119        0         0
261  Brazil 2020-09-15  3600224         4846066    6091908            145964           4382263             134106        0         0
262  Brazil 2020-09-16  3662029         4929259    6196489            148470           4419083             134935        0         0
263  Brazil 2020-09-17  3724896         5013881    6302866            151018           4455386             135793        0         0
264  Brazil 2020-09-18  3788843         5099956    6411069            153611           4495183             136532        0         0
265  Brazil 2020-09-19  3853887         5187509    6521131            156248           4528240             136895        0         0
266  Brazil 2020-09-20  3920048         5276564    6633080            158930           4544629             137272        0         0
267  Brazil 2020-09-21  3987344         5367148    6746952            161659           4558068             137350        0         0
268  Brazil 2020-09-22  4055796         5459288    6862780            164434           4560083             137350        0         0
269  Brazil 2020-09-23  4125423         5553009    6980595            167257                NA                 NA        0         0
270  Brazil 2020-09-24  4196246         5648339    7100432            170128                NA                 NA        0         0
271  Brazil 2020-09-25  4268283         5745305    7222327            173049                NA                 NA        0         0
272  Brazil 2020-09-26  4341559         5843937    7346315            176020                NA                 NA        0         0
273  Brazil 2020-09-27  4416091         5944261    7472431            179042                NA                 NA        0         0
274  Brazil 2020-09-28  4491903         6046308    7600713            182115                NA                 NA        0         0
275  Brazil 2020-09-29  4569017         6150107    7731197            185242                NA                 NA        0         0
276  Brazil 2020-09-30  4647455         6255687    7863919            188422                NA                 NA        0         0
277  Brazil 2020-10-01  4727239         6363081    7998923            191656                NA                 NA        0         0
278  Brazil 2020-10-02  4808393         6472317    8136241            194947                NA                 NA        0         0

Total de casos no mundo:  31544938 8405891 9612730 7569223 4503609 1422038 30726 721 31544938

Estimados a partir dos dados da OMS:
    day       date       x    xest
1     1 2019-12-30       0   57992
2     2 2019-12-31       0   58988
3     3 2020-01-01       0   60000
4     4 2020-01-02       0   61030
5     5 2020-01-03       0   62078
6     6 2020-01-04       0   63144
7     7 2020-01-05       0   64228
8     8 2020-01-06       0   65331
9     9 2020-01-07       0   66452
10   10 2020-01-08       0   67593
11   11 2020-01-09       0   68753
12   12 2020-01-10       0   69934
13   13 2020-01-11       0   71134
14   14 2020-01-12       0   72355
15   15 2020-01-13       0   73598
16   16 2020-01-14       0   74861
17   17 2020-01-15       0   76146
18   18 2020-01-16       0   77453
19   19 2020-01-17       0   78783
20   20 2020-01-18       0   80136
21   21 2020-01-19       0   81511
22   22 2020-01-20       0   82911
23   23 2020-01-21       0   84334
24   24 2020-01-22       0   85782
25   25 2020-01-23       0   87254
26   26 2020-01-24       0   88752
27   27 2020-01-25       0   90276
28   28 2020-01-26       0   91826
29   29 2020-01-27       0   93402
30   30 2020-01-28       0   95006
31   31 2020-01-29       0   96637
32   32 2020-01-30       0   98295
33   33 2020-01-31       0   99983
34   34 2020-02-01       0  101699
35   35 2020-02-02       0  103445
36   36 2020-02-03       0  105221
37   37 2020-02-04       0  107028
38   38 2020-02-05       0  108865
39   39 2020-02-06       0  110734
40   40 2020-02-07       0  112635
41   41 2020-02-08       0  114568
42   42 2020-02-09       0  116535
43   43 2020-02-10       0  118536
44   44 2020-02-11       0  120571
45   45 2020-02-12       0  122641
46   46 2020-02-13       0  124746
47   47 2020-02-14       0  126888
48   48 2020-02-15       0  129066
49   49 2020-02-16       0  131282
50   50 2020-02-17       0  133535
51   51 2020-02-18       0  135828
52   52 2020-02-19       0  138160
53   53 2020-02-20       0  140531
54   54 2020-02-21       0  142944
55   55 2020-02-22       0  145398
56   56 2020-02-23       0  147894
57   57 2020-02-24       0  150433
58   58 2020-02-25       1  153016
59   59 2020-02-26       1  155642
60   60 2020-02-27       1  158314
61   61 2020-02-28       1  161032
62   62 2020-02-29       2  163797
63   63 2020-03-01       2  166609
64   64 2020-03-02       2  169469
65   65 2020-03-03       2  172378
66   66 2020-03-04       3  175337
67   67 2020-03-05       8  178347
68   68 2020-03-06      13  181409
69   69 2020-03-07      13  184524
70   70 2020-03-08      25  187691
71   71 2020-03-09      25  190913
72   72 2020-03-10      34  194191
73   73 2020-03-11      52  197525
74   74 2020-03-12      77  200916
75   75 2020-03-13      98  204365
76   76 2020-03-14     121  207873
77   77 2020-03-15     200  211442
78   78 2020-03-16     234  215072
79   79 2020-03-17     291  218764
80   80 2020-03-18     428  222519
81   81 2020-03-19     621  226340
82   82 2020-03-20     904  230225
83   83 2020-03-21    1128  234177
84   84 2020-03-22    1546  238198
85   85 2020-03-23    1891  242287
86   86 2020-03-24    2201  246446
87   87 2020-03-25    2433  250677
88   88 2020-03-26    2915  254981
89   89 2020-03-27    3417  259358
90   90 2020-03-28    3904  263810
91   91 2020-03-29    4256  268339
92   92 2020-03-30    4579  272946
93   93 2020-03-31    5717  277632
94   94 2020-04-01    6836  282398
95   95 2020-04-02    7910  287246
96   96 2020-04-03    9056  292177
97   97 2020-04-04   10278  297193
98   98 2020-04-05   11130  302295
99   99 2020-04-06   12056  307485
100 100 2020-04-07   13717  312763
101 101 2020-04-08   15927  318132
102 102 2020-04-09   17857  323594
103 103 2020-04-10   19638  329149
104 104 2020-04-11   20727  334800
105 105 2020-04-12   22169  340547
106 106 2020-04-13   23430  346394
107 107 2020-04-14   25262  352340
108 108 2020-04-15   28320  358389
109 109 2020-04-16   30425  364542
110 110 2020-04-17   33682  370800
111 111 2020-04-18   36599  377165
112 112 2020-04-19   38654  383640
113 113 2020-04-20   40581  390226
114 114 2020-04-21   43079  396925
115 115 2020-04-22   45757  403740
116 116 2020-04-23   49492  410671
117 117 2020-04-24   52995  417721
118 118 2020-04-25   58509  424892
119 119 2020-04-26   61888  432186
120 120 2020-04-27   66501  439606
121 121 2020-04-28   71886  447153
122 122 2020-04-29   78162  454829
123 123 2020-04-30   85380  462637
124 124 2020-05-01   91589  470579
125 125 2020-05-02   96559  478658
126 126 2020-05-03  101147  486875
127 127 2020-05-04  107780  495233
128 128 2020-05-05  114715  503735
129 129 2020-05-06  125218  512383
130 130 2020-05-07  135106  521179
131 131 2020-05-08  145328  530126
132 132 2020-05-09  155939  539227
133 133 2020-05-10  162699  548484
134 134 2020-05-11  168331  557900
135 135 2020-05-12  177589  567478
136 136 2020-05-13  188974  577220
137 137 2020-05-14  202918  587129
138 138 2020-05-15  218223  597209
139 139 2020-05-16  233142  607461
140 140 2020-05-17  241080  617890
141 141 2020-05-18  254220  628497
142 142 2020-05-19  271628  639287
143 143 2020-05-20  291579  650262
144 144 2020-05-21  310087  661425
145 145 2020-05-22  330890  672780
146 146 2020-05-23  347398  684329
147 147 2020-05-24  363211  696078
148 148 2020-05-25  374898  708027
149 149 2020-05-26  391222  720182
150 150 2020-05-27  411821  732546
151 151 2020-05-28  438238  745122
152 152 2020-05-29  465166  757913
153 153 2020-05-30  498440  770925
154 154 2020-05-31  514849  784159
155 155 2020-06-01  526447  797621
156 156 2020-06-02  555383  811314
157 157 2020-06-03  584016  825242
158 158 2020-06-04  614932  839409
159 159 2020-06-05  645762  853820
160 160 2020-06-06  672837  868478
161 161 2020-06-07  691758  883387
162 162 2020-06-08  707412  898552
163 163 2020-06-09  739503  913978
164 164 2020-06-10  772416  929669
165 165 2020-06-11  802828  945628
166 166 2020-06-12  828810  961862
167 167 2020-06-13  850514  978375
168 168 2020-06-14  867624  995171
169 169 2020-06-15  888271 1012255
170 170 2020-06-16  923189 1029633
171 171 2020-06-17  955377 1047309
172 172 2020-06-18  978142 1065288
173 173 2020-06-19 1032913 1083577
174 174 2020-06-20 1067579 1102179
175 175 2020-06-21 1085038 1121100
176 176 2020-06-22 1106470 1140346
177 177 2020-06-23 1145906 1159923
178 178 2020-06-24 1188631 1179836
179 179 2020-06-25 1228114 1200090
180 180 2020-06-26 1274974 1220692
181 181 2020-06-27 1313667 1241648
182 182 2020-06-28 1344143 1262964
183 183 2020-06-29 1368195 1284646
184 184 2020-06-30 1402041 1306700
185 185 2020-07-01 1448753 1329132
186 186 2020-07-02 1496858 1351950
187 187 2020-07-03 1539081 1375159
188 188 2020-07-04 1577004 1398767
189 189 2020-07-05 1603055 1422780
190 190 2020-07-06 1623284 1447205
191 191 2020-07-07 1668589 1472050
192 192 2020-07-08 1713160 1497321
193 193 2020-07-09 1755779 1523026
194 194 2020-07-10 1800827 1549172
195 195 2020-07-11 1839850 1575767
196 196 2020-07-12 1864681 1602819
197 197 2020-07-13 1884967 1630335
198 198 2020-07-14 1926824 1658323
199 199 2020-07-15 1966748 1686792
200 200 2020-07-16 2012151 1715750
201 201 2020-07-17 2046328 1745204
202 202 2020-07-18 2074860 1775165
203 203 2020-07-19 2098389 1805640
204 204 2020-07-20 2118646 1836638
205 205 2020-07-21 2159654 1868168
206 206 2020-07-22 2227514 1900239
207 207 2020-07-23 2287475 1932861
208 208 2020-07-24 2343366 1966043
209 209 2020-07-25 2394513 1999795
210 210 2020-07-26 2419091 2034126
211 211 2020-07-27 2442375 2069046
212 212 2020-07-28 2483191 2104566
213 213 2020-07-29 2552265 2140696
214 214 2020-07-30 2610102 2177446
215 215 2020-07-31 2662485 2214826
216 216 2020-08-01 2707877 2252849
217 217 2020-08-02 2733677 2291524
218 218 2020-08-03 2750318 2330863
219 219 2020-08-04 2801921 2370878
220 220 2020-08-05 2859073 2411580
221 221 2020-08-06 2912212 2452980
222 222 2020-08-07 2962442 2495091
223 223 2020-08-08 3012412 2537925
224 224 2020-08-09 3035422 2581494
225 225 2020-08-10 3057470 2625811
226 226 2020-08-11 3109630 2670889
227 227 2020-08-12 3164785 2716741
228 228 2020-08-13 3224876 2763380
229 229 2020-08-14 3275520 2810820
230 230 2020-08-15 3317096 2859074
231 231 2020-08-16 3340197 2908157
232 232 2020-08-17 3359570 2958082
233 233 2020-08-18 3407354 3008864
234 234 2020-08-19 3456652 3060518
235 235 2020-08-20 3501975 3113059
236 236 2020-08-21 3532330 3166502
237 237 2020-08-22 3582362 3220862
238 238 2020-08-23 3605783 3276155
239 239 2020-08-24 3622861 3332398
240 240 2020-08-25 3669995 3389606
241 241 2020-08-26 3717156 3447797
242 242 2020-08-27 3761391 3506986
243 243 2020-08-28 3804803 3567191
244 244 2020-08-29 3846153 3628430
245 245 2020-08-30 3862311 3690721
246 246 2020-08-31 3908272 3754080
247 247 2020-09-01 3950931 3818528
248 248 2020-09-02 3997865 3884081
249 249 2020-09-03 4041638 3950760
250 250 2020-09-04 4092832 4018584
251 251 2020-09-05 4123000 4087572
252 252 2020-09-06 4137521 4157745
253 253 2020-09-07 4147794 4229122
254 254 2020-09-08 4162073 4301725
255 255 2020-09-09 4197889 4375574
256 256 2020-09-10 4238446 4450690
257 257 2020-09-11 4282164 4527097
258 258 2020-09-12 4315687 4604815
259 259 2020-09-13 4330455 4683867
260 260 2020-09-14 4345610 4764276
261 261 2020-09-15 4382263 4846066
262 262 2020-09-16 4419083 4929259
263 263 2020-09-17 4455386 5013881
264 264 2020-09-18 4495183 5099956
265 265 2020-09-19 4528240 5187509
266 266 2020-09-20 4544629 5276564
267 267 2020-09-21 4558068 5367148
268 268 2020-09-22 4560083 5459288

Intervalo de Confianca
          2.5%       97.5%
b  49519.73352 65309.25381
y0    56.80621    60.76347


Formula: x ~ SSexp(day, b, y0)

Parameters:
    Estimate Std. Error t value    Pr(>|t|)    
b  823175.68   95404.49   8.628 0.000025241 ***
y0    155.92      10.69  14.588 0.000000478 ***
---
Signif. codes:  0 ‘***’ 0.001 ‘**’ 0.01 ‘*’ 0.05 ‘.’ 0.1 ‘ ’ 1

Residual standard error: 17810 on 8 degrees of freedom

Number of iterations to convergence: 39 
Achieved convergence tolerance: 0.0000000149

Considerando os casos dos últimos 10 dias, temos:
Número de dias para dobrar:  155.9
Razao de crescimento:  823175.7

Todos os dados gerados
    country       dias otimista casos_estimados pessimista estimativa_mortes casos_confirmados mortes_confirmadas latitude longitude
1    Brazil 2019-12-30    43083           57992      72901              1747                 0                  0        0         0
2    Brazil 2019-12-31    43823           58988      74153              1777                 0                  0        0         0
3    Brazil 2020-01-01    44575           60000      75425              1807                 0                  0        0         0
4    Brazil 2020-01-02    45340           61030      76720              1838                 0                  0        0         0
5    Brazil 2020-01-03    46119           62078      78037              1870                 0                  0        0         0
6    Brazil 2020-01-04    46911           63144      79377              1902                 0                  0        0         0
7    Brazil 2020-01-05    47716           64228      80740              1935                 0                  0        0         0
8    Brazil 2020-01-06    48535           65331      82127              1968                 0                  0        0         0
9    Brazil 2020-01-07    49368           66452      83536              2002                 0                  0        0         0
10   Brazil 2020-01-08    50216           67593      84970              2036                 0                  0        0         0
11   Brazil 2020-01-09    51078           68753      86428              2071                 0                  0        0         0
12   Brazil 2020-01-10    51955           69934      87913              2106                 0                  0        0         0
13   Brazil 2020-01-11    52847           71134      89421              2143                 0                  0        0         0
14   Brazil 2020-01-12    53754           72355      90956              2179                 0                  0        0         0
15   Brazil 2020-01-13    54677           73598      92519              2217                 0                  0        0         0
16   Brazil 2020-01-14    55615           74861      94107              2255                 0                  0        0         0
17   Brazil 2020-01-15    56570           76146      95722              2294                 0                  0        0         0
18   Brazil 2020-01-16    57541           77453      97365              2333                 0                  0        0         0
19   Brazil 2020-01-17    58529           78783      99037              2373                 0                  0        0         0
20   Brazil 2020-01-18    59534           80136     100738              2414                 0                  0        0         0
21   Brazil 2020-01-19    60556           81511     102466              2455                 0                  0        0         0
22   Brazil 2020-01-20    61596           82911     104226              2497                 0                  0        0         0
23   Brazil 2020-01-21    62653           84334     106015              2540                 0                  0        0         0
24   Brazil 2020-01-22    63729           85782     107835              2584                 0                  0        0         0
25   Brazil 2020-01-23    64822           87254     109686              2628                 0                  0        0         0
26   Brazil 2020-01-24    65935           88752     111569              2673                 0                  0        0         0
27   Brazil 2020-01-25    67068           90276     113484              2719                 0                  0        0         0
28   Brazil 2020-01-26    68219           91826     115433              2766                 0                  0        0         0
29   Brazil 2020-01-27    69390           93402     117414              2813                 0                  0        0         0
30   Brazil 2020-01-28    70582           95006     119430              2862                 0                  0        0         0
31   Brazil 2020-01-29    71793           96637     121481              2911                 0                  0        0         0
32   Brazil 2020-01-30    73025           98295     123565              2961                 0                  0        0         0
33   Brazil 2020-01-31    74279           99983     125687              3011                 0                  0        0         0
34   Brazil 2020-02-01    75554          101699     127844              3063                 0                  0        0         0
35   Brazil 2020-02-02    76851          103445     130039              3116                 0                  0        0         0
36   Brazil 2020-02-03    78170          105221     132272              3169                 0                  0        0         0
37   Brazil 2020-02-04    79513          107028     134543              3224                 0                  0        0         0
38   Brazil 2020-02-05    80878          108865     136852              3279                 0                  0        0         0
39   Brazil 2020-02-06    82266          110734     139202              3335                 0                  0        0         0
40   Brazil 2020-02-07    83678          112635     141592              3393                 0                  0        0         0
41   Brazil 2020-02-08    85114          114568     144022              3451                 0                  0        0         0
42   Brazil 2020-02-09    86576          116535     146494              3510                 0                  0        0         0
43   Brazil 2020-02-10    88062          118536     149010              3570                 0                  0        0         0
44   Brazil 2020-02-11    89574          120571     151568              3632                 0                  0        0         0
45   Brazil 2020-02-12    91112          122641     154170              3694                 0                  0        0         0
46   Brazil 2020-02-13    92676          124746     156816              3757                 0                  0        0         0
47   Brazil 2020-02-14    94267          126888     159509              3822                 0                  0        0         0
48   Brazil 2020-02-15    95885          129066     162247              3887                 0                  0        0         0
49   Brazil 2020-02-16    97532          131282     165032              3954                 0                  0        0         0
50   Brazil 2020-02-17    99205          133535     167865              4022                 0                  0        0         0
51   Brazil 2020-02-18   100909          135828     170747              4091                 0                  0        0         0
52   Brazil 2020-02-19   102641          138160     173679              4161                 0                  0        0         0
53   Brazil 2020-02-20   104403          140531     176659              4233                 0                  0        0         0
54   Brazil 2020-02-21   106195          142944     179693              4305                 0                  0        0         0
55   Brazil 2020-02-22   108019          145398     182777              4379                 0                  0        0         0
56   Brazil 2020-02-23   109873          147894     185915              4455                 0                  0        0         0
57   Brazil 2020-02-24   111759          150433     189107              4531                 0                  0        0         0
58   Brazil 2020-02-25   113678          153016     192354              4609                 1                  0        0         0
59   Brazil 2020-02-26   115629          155642     195655              4688                 1                  0        0         0
60   Brazil 2020-02-27   117614          158314     199014              4768                 1                  0        0         0
61   Brazil 2020-02-28   119633          161032     202431              4850                 1                  0        0         0
62   Brazil 2020-02-29   121688          163797     205906              4934                 2                  0        0         0
63   Brazil 2020-03-01   123777          166609     209441              5018                 2                  0        0         0
64   Brazil 2020-03-02   125901          169469     213037              5104                 2                  0        0         0
65   Brazil 2020-03-03   128063          172378     216693              5192                 2                  0        0         0
66   Brazil 2020-03-04   130261          175337     220413              5281                 3                  0        0         0
67   Brazil 2020-03-05   132497          178347     224197              5372                 8                  0        0         0
68   Brazil 2020-03-06   134772          181409     228046              5464                13                  0        0         0
69   Brazil 2020-03-07   137086          184524     231962              5558                13                  0        0         0
70   Brazil 2020-03-08   139439          187691     235943              5653                25                  0        0         0
71   Brazil 2020-03-09   141832          190913     239994              5750                25                  0        0         0
72   Brazil 2020-03-10   144268          194191     244114              5849                34                  0        0         0
73   Brazil 2020-03-11   146745          197525     248305              5949                52                  0        0         0
74   Brazil 2020-03-12   149264          200916     252568              6052                77                  0        0         0
75   Brazil 2020-03-13   151826          204365     256904              6155                98                  0        0         0
76   Brazil 2020-03-14   154432          207873     261314              6261               121                  0        0         0
77   Brazil 2020-03-15   157084          211442     265800              6369               200                  0        0         0
78   Brazil 2020-03-16   159781          215072     270363              6478               234                  1        0         0
79   Brazil 2020-03-17   162523          218764     275005              6589               291                  4        0         0
80   Brazil 2020-03-18   165313          222519     279725              6702               428                  6        0         0
81   Brazil 2020-03-19   168152          226340     284528              6817               621                 11        0         0
82   Brazil 2020-03-20   171038          230225     289412              6934               904                 18        0         0
83   Brazil 2020-03-21   173974          234177     294380              7053              1128                 25        0         0
84   Brazil 2020-03-22   176961          238198     299435              7175              1546                 34        0         0
85   Brazil 2020-03-23   179999          242287     304575              7298              1891                 46        0         0
86   Brazil 2020-03-24   183089          246446     309803              7423              2201                 57        0         0
87   Brazil 2020-03-25   186232          250677     315122              7550              2433                 77        0         0
88   Brazil 2020-03-26   189430          254981     320532              7680              2915                 92        0         0
89   Brazil 2020-03-27   192681          259358     326035              7812              3417                114        0         0
90   Brazil 2020-03-28   195989          263810     331631              7946              3904                136        0         0
91   Brazil 2020-03-29   199354          268339     337324              8082              4256                159        0         0
92   Brazil 2020-03-30   202776          272946     343116              8221              4579                201        0         0
93   Brazil 2020-03-31   206257          277632     349007              8362              5717                241        0         0
94   Brazil 2020-04-01   209798          282398     354998              8506              6836                299        0         0
95   Brazil 2020-04-02   213400          287246     361092              8652              7910                359        0         0
96   Brazil 2020-04-03   217063          292177     367291              8800              9056                432        0         0
97   Brazil 2020-04-04   220790          297193     373596              8951             10278                486        0         0
98   Brazil 2020-04-05   224580          302295     380010              9105             11130                553        0         0
99   Brazil 2020-04-06   228436          307485     386534              9261             12056                667        0         0
100  Brazil 2020-04-07   232357          312763     393169              9420             13717                800        0         0
101  Brazil 2020-04-08   236346          318132     399918              9582             15927                941        0         0
102  Brazil 2020-04-09   240403          323594     406785              9747             17857               1056        0         0
103  Brazil 2020-04-10   244530          329149     413768              9914             19638               1124        0         0
104  Brazil 2020-04-11   248729          334800     420871             10084             20727               1223        0         0
105  Brazil 2020-04-12   252998          340547     428096             10257             22169               1328        0         0
106  Brazil 2020-04-13   257342          346394     435446             10433             23430               1532        0         0
107  Brazil 2020-04-14   261759          352340     442921             10613             25262               1736        0         0
108  Brazil 2020-04-15   266253          358389     450525             10795             28320               1924        0         0
109  Brazil 2020-04-16   270824          364542     458260             10980             30425               2141        0         0
110  Brazil 2020-04-17   275474          370800     466126             11169             33682               2347        0         0
111  Brazil 2020-04-18   280202          377165     474128             11360             36599               2462        0         0
112  Brazil 2020-04-19   285013          383640     482267             11555             38654               2575        0         0
113  Brazil 2020-04-20   289905          390226     490547             11754             40581               2741        0         0
114  Brazil 2020-04-21   294882          396925     498968             11955             43079               2906        0         0
115  Brazil 2020-04-22   299945          403740     507535             12161             45757               3313        0         0
116  Brazil 2020-04-23   305094          410671     516248             12369             49492               3670        0         0
117  Brazil 2020-04-24   310332          417721     525110             12582             52995               4016        0         0
118  Brazil 2020-04-25   315659          424892     534125             12798             58509               4205        0         0
119  Brazil 2020-04-26   321078          432186     543294             13017             61888               4543        0         0
120  Brazil 2020-04-27   326591          439606     552621             13241             66501               5017        0         0
121  Brazil 2020-04-28   332197          447153     562109             13468             71886               5466        0         0
122  Brazil 2020-04-29   337900          454829     571758             13699             78162               5901        0         0
123  Brazil 2020-04-30   343701          462637     581573             13935             85380               6329        0         0
124  Brazil 2020-05-01   349601          470579     591557             14174             91589               6750        0         0
125  Brazil 2020-05-02   355603          478658     601713             14417             96559               7025        0         0
126  Brazil 2020-05-03   361708          486875     612042             14665            101147               7321        0         0
127  Brazil 2020-05-04   367917          495233     622549             14916            107780               7921        0         0
128  Brazil 2020-05-05   374233          503735     633237             15173            114715               8536        0         0
129  Brazil 2020-05-06   380658          512383     644108             15433            125218               9146        0         0
130  Brazil 2020-05-07   387193          521179     655165             15698            135106               9897        0         0
131  Brazil 2020-05-08   393839          530126     666413             15967            145328              10627        0         0
132  Brazil 2020-05-09   400601          539227     677853             16242            155939              11123        0         0
133  Brazil 2020-05-10   407478          548484     689490             16520            162699              11519        0         0
134  Brazil 2020-05-11   414473          557900     701327             16804            168331              12400        0         0
135  Brazil 2020-05-12   421589          567478     713367             17092            177589              13149        0         0
136  Brazil 2020-05-13   428826          577220     725614             17386            188974              13993        0         0
137  Brazil 2020-05-14   436188          587129     738070             17684            202918              14817        0         0
138  Brazil 2020-05-15   443677          597209     750741             17988            218223              15633        0         0
139  Brazil 2020-05-16   451293          607461     763629             18297            233142              16118        0         0
140  Brazil 2020-05-17   459041          617890     776739             18611            241080              16792        0         0
141  Brazil 2020-05-18   466921          628497     790073             18930            254220              17971        0         0
142  Brazil 2020-05-19   474937          639287     803637             19255            271628              18859        0         0
143  Brazil 2020-05-20   483091          650262     817433             19586            291579              20047        0         0
144  Brazil 2020-05-21   491384          661425     831466             19922            310087              21048        0         0
145  Brazil 2020-05-22   499820          672780     845740             20264            330890              22013        0         0
146  Brazil 2020-05-23   508399          684329     860259             20612            347398              22666        0         0
147  Brazil 2020-05-24   517128          696078     875028             20966            363211              23473        0         0
148  Brazil 2020-05-25   526005          708027     890049             21326            374898              24512        0         0
149  Brazil 2020-05-26   535035          720182     905329             21692            391222              25598        0         0
150  Brazil 2020-05-27   544221          732546     920871             22064            411821              26754        0         0
151  Brazil 2020-05-28   553564          745122     936680             22443            438238              27878        0         0
152  Brazil 2020-05-29   563066          757913     952760             22828            465166              28834        0         0
153  Brazil 2020-05-30   572733          770925     969117             23220            498440              29314        0         0
154  Brazil 2020-05-31   582565          784159     985753             23619            514849              29937        0         0
155  Brazil 2020-06-01   592566          797621    1002676             24024            526447              31199        0         0
156  Brazil 2020-06-02   602739          811314    1019889             24437            555383              32548        0         0
157  Brazil 2020-06-03   613086          825242    1037398             24856            584016              34021        0         0
158  Brazil 2020-06-04   623611          839409    1055207             25283            614932              35026        0         0
159  Brazil 2020-06-05   634317          853820    1073323             25717            645762              35930        0         0
160  Brazil 2020-06-06   645207          868478    1091749             26159            672837              36455        0         0
161  Brazil 2020-06-07   656283          883387    1110491             26608            691758              37134        0         0
162  Brazil 2020-06-08   667549          898552    1129555             27064            707412              38406        0         0
163  Brazil 2020-06-09   679010          913978    1148946             27529            739503              39680        0         0
164  Brazil 2020-06-10   690667          929669    1168671             28002            772416              40919        0         0
165  Brazil 2020-06-11   702523          945628    1188733             28482            802828              41828        0         0
166  Brazil 2020-06-12   714583          961862    1209141             28971            828810              42720        0         0
167  Brazil 2020-06-13   726851          978375    1229899             29469            850514              43332        0         0
168  Brazil 2020-06-14   739329          995171    1251013             29975            867624              43959        0         0
169  Brazil 2020-06-15   752021         1012255    1272489             30489            888271              45241        0         0
170  Brazil 2020-06-16   764932         1029633    1294334             31013            923189              46510        0         0
171  Brazil 2020-06-17   778063         1047309    1316555             31545            955377              47748        0         0
172  Brazil 2020-06-18   791420         1065288    1339156             32087            978142              48954        0         0
173  Brazil 2020-06-19   805007         1083577    1362147             32637           1032913              49976        0         0
174  Brazil 2020-06-20   818827         1102179    1385531             33198           1067579              50617        0         0
175  Brazil 2020-06-21   832884         1121100    1409316             33768           1085038              51271        0         0
176  Brazil 2020-06-22   847182         1140346    1433510             34347           1106470              52645        0         0
177  Brazil 2020-06-23   861726         1159923    1458120             34937           1145906              53830        0         0
178  Brazil 2020-06-24   876520         1179836    1483152             35537           1188631              54971        0         0
179  Brazil 2020-06-25   891567         1200090    1508613             36147           1228114              55961        0         0
180  Brazil 2020-06-26   906873         1220692    1534511             36767           1274974              57070        0         0
181  Brazil 2020-06-27   922441         1241648    1560855             37399           1313667              57622        0         0
182  Brazil 2020-06-28   938277         1262964    1587651             38041           1344143              58314        0         0
183  Brazil 2020-06-29   954385         1284646    1614907             38694           1368195              59594        0         0
184  Brazil 2020-06-30   970769         1306700    1642631             39358           1402041              60632        0         0
185  Brazil 2020-07-01   987434         1329132    1670830             40034           1448753              61884        0         0
186  Brazil 2020-07-02  1004386         1351950    1699514             40721           1496858              63174        0         0
187  Brazil 2020-07-03  1021629         1375159    1728689             41420           1539081              64265        0         0
188  Brazil 2020-07-04  1039167         1398767    1758367             42131           1577004              64867        0         0
189  Brazil 2020-07-05  1057007         1422780    1788553             42854           1603055              65487        0         0
190  Brazil 2020-07-06  1075153         1447205    1819257             43590           1623284              66741        0         0
191  Brazil 2020-07-07  1093611         1472050    1850489             44338           1668589              67964        0         0
192  Brazil 2020-07-08  1112385         1497321    1882257             45099           1713160              69184        0         0
193  Brazil 2020-07-09  1131482         1523026    1914570             45874           1755779              70398        0         0
194  Brazil 2020-07-10  1150906         1549172    1947438             46661           1800827              71469        0         0
195  Brazil 2020-07-11  1170664         1575767    1980870             47462           1839850              72100        0         0
196  Brazil 2020-07-12  1190761         1602819    2014877             48277           1864681              72833        0         0
197  Brazil 2020-07-13  1211203         1630335    2049467             49106           1884967              74133        0         0
198  Brazil 2020-07-14  1231996         1658323    2084650             49949           1926824              75366        0         0
199  Brazil 2020-07-15  1253146         1686792    2120438             50806           1966748              76688        0         0
200  Brazil 2020-07-16  1274659         1715750    2156841             51679           2012151              77851        0         0
201  Brazil 2020-07-17  1296541         1745204    2193867             52566           2046328              78772        0         0
202  Brazil 2020-07-18  1318800         1775165    2231530             53468           2074860              79488        0         0
203  Brazil 2020-07-19  1341440         1805640    2269840             54386           2098389              80120        0         0
204  Brazil 2020-07-20  1364469         1836638    2308807             55320           2118646              81487        0         0
205  Brazil 2020-07-21  1387893         1868168    2348443             56269           2159654              82771        0         0
206  Brazil 2020-07-22  1411719         1900239    2388759             57235           2227514              84082        0         0
207  Brazil 2020-07-23  1435955         1932861    2429767             58218           2287475              85238        0         0
208  Brazil 2020-07-24  1460606         1966043    2471480             59217           2343366              86449        0         0
209  Brazil 2020-07-25  1485681         1999795    2513909             60234           2394513              87004        0         0
210  Brazil 2020-07-26  1511186         2034126    2557066             61268           2419091              87618        0         0
211  Brazil 2020-07-27  1537129         2069046    2600963             62320           2442375              88539        0         0
212  Brazil 2020-07-28  1563517         2104566    2645615             63390           2483191              90134        0         0
213  Brazil 2020-07-29  1590359         2140696    2691033             64478           2552265              91263        0         0
214  Brazil 2020-07-30  1617661         2177446    2737231             65585           2610102              92475        0         0
215  Brazil 2020-07-31  1645431         2214826    2784221             66711           2662485              93563        0         0
216  Brazil 2020-08-01  1673679         2252849    2832019             67856           2707877              94104        0         0
217  Brazil 2020-08-02  1702412         2291524    2880636             69021           2733677              94665        0         0
218  Brazil 2020-08-03  1731637         2330863    2930089             70206           2750318              95819        0         0
219  Brazil 2020-08-04  1761365         2370878    2980391             71411           2801921              97256        0         0
220  Brazil 2020-08-05  1791603         2411580    3031557             72637           2859073              98493        0         0
221  Brazil 2020-08-06  1822360         2452980    3083600             73884           2912212              99572        0         0
222  Brazil 2020-08-07  1853645         2495091    3136537             75152           2962442             100477        0         0
223  Brazil 2020-08-08  1885467         2537925    3190383             76442           3012412             101049        0         0
224  Brazil 2020-08-09  1917835         2581494    3245153             77755           3035422             101752        0         0
225  Brazil 2020-08-10  1950759         2625811    3300863             79090           3057470             103026        0         0
226  Brazil 2020-08-11  1984248         2670889    3357530             80447           3109630             104201        0         0
227  Brazil 2020-08-12  2018312         2716741    3415170             81828           3164785             105463        0         0
228  Brazil 2020-08-13  2052961         2763380    3473799             83233           3224876             106523        0         0
229  Brazil 2020-08-14  2088205         2810820    3533435             84662           3275520             107232        0         0
230  Brazil 2020-08-15  2124054         2859074    3594094             86115           3317096             107852        0         0
231  Brazil 2020-08-16  2160519         2908157    3655795             87594           3340197             108536        0         0
232  Brazil 2020-08-17  2197609         2958082    3718555             89098           3359570             109888        0         0
233  Brazil 2020-08-18  2235335         3008864    3782393             90627           3407354             111100        0         0
234  Brazil 2020-08-19  2273710         3060518    3847326             92183           3456652             112304        0         0
235  Brazil 2020-08-20  2312744         3113059    3913374             93766           3501975             113358        0         0
236  Brazil 2020-08-21  2352447         3166502    3980557             95375           3532330             114250        0         0
237  Brazil 2020-08-22  2392832         3220862    4048892             97013           3582362             114744        0         0
238  Brazil 2020-08-23  2433910         3276155    4118400             98678           3605783             115309        0         0
239  Brazil 2020-08-24  2475694         3332398    4189102            100372           3622861             116580        0         0
240  Brazil 2020-08-25  2518195         3389606    4261017            102095           3669995             117665        0         0
241  Brazil 2020-08-26  2561426         3447797    4334168            103848           3717156             118649        0         0
242  Brazil 2020-08-27  2605399         3506986    4408573            105631           3761391             119504        0         0
243  Brazil 2020-08-28  2650126         3567191    4484256            107444           3804803             120462        0         0
244  Brazil 2020-08-29  2695621         3628430    4561239            109289           3846153             120828        0         0
245  Brazil 2020-08-30  2741898         3690721    4639544            111165           3862311             121381        0         0
246  Brazil 2020-08-31  2788969         3754080    4719191            113073           3908272             122596        0         0
247  Brazil 2020-09-01  2836848         3818528    4800208            115014           3950931             123780        0         0
248  Brazil 2020-09-02  2885549         3884081    4882613            116989           3997865             124614        0         0
249  Brazil 2020-09-03  2935086         3950760    4966434            118997           4041638             125521        0         0
250  Brazil 2020-09-04  2985473         4018584    5051695            121040           4092832             126203        0         0
251  Brazil 2020-09-05  3036726         4087572    5138418            123118           4123000             126650        0         0
252  Brazil 2020-09-06  3088858         4157745    5226632            125232           4137521             126960        0         0
253  Brazil 2020-09-07  3141886         4229122    5316358            127381           4147794             127464        0         0
254  Brazil 2020-09-08  3195824         4301725    5407626            129568           4162073             128539        0         0
255  Brazil 2020-09-09  3250687         4375574    5500461            131793           4197889             129522        0         0
256  Brazil 2020-09-10  3306492         4450690    5594888            134055           4238446             130396        0         0
257  Brazil 2020-09-11  3363256         4527097    5690938            136356           4282164             131210        0         0
258  Brazil 2020-09-12  3420994         4604815    5788636            138697           4315687             131625        0         0
259  Brazil 2020-09-13  3479723         4683867    5888011            141078           4330455             132006        0         0
260  Brazil 2020-09-14  3539460         4764276    5989092            143500           4345610             133119        0         0
261  Brazil 2020-09-15  3600224         4846066    6091908            145964           4382263             134106        0         0
262  Brazil 2020-09-16  3662029         4929259    6196489            148470           4419083             134935        0         0
263  Brazil 2020-09-17  3724896         5013881    6302866            151018           4455386             135793        0         0
264  Brazil 2020-09-18  3788843         5099956    6411069            153611           4495183             136532        0         0
265  Brazil 2020-09-19  3853887         5187509    6521131            156248           4528240             136895        0         0
266  Brazil 2020-09-20  3920048         5276564    6633080            158930           4544629             137272        0         0
267  Brazil 2020-09-21  3987344         5367148    6746952            161659           4558068             137350        0         0
268  Brazil 2020-09-22  4055796         5459288    6862780            164434           4560083             137350        0         0
269  Brazil 2020-09-23  4125423         5553009    6980595            167257                NA                 NA        0         0
270  Brazil 2020-09-24  4196246         5648339    7100432            170128                NA                 NA        0         0
271  Brazil 2020-09-25  4268283         5745305    7222327            173049                NA                 NA        0         0
272  Brazil 2020-09-26  4341559         5843937    7346315            176020                NA                 NA        0         0
273  Brazil 2020-09-27  4416091         5944261    7472431            179042                NA                 NA        0         0
274  Brazil 2020-09-28  4491903         6046308    7600713            182115                NA                 NA        0         0
275  Brazil 2020-09-29  4569017         6150107    7731197            185242                NA                 NA        0         0
276  Brazil 2020-09-30  4647455         6255687    7863919            188422                NA                 NA        0         0
277  Brazil 2020-10-01  4727239         6363081    7998923            191656                NA                 NA        0         0
278  Brazil 2020-10-02  4808393         6472317    8136241            194947                NA                 NA        0         0

Fontes:
	OMS - https://ourworldindata.org/coronavirus-source-data
	Worldometers - https://www.worldometers.info/coronavirus