
 Brazil 
Projecao:  10  dias
Gerado em:  2020-08-21 20:41:51
RMSE(%):  21.8 , BIAS(%): 7.16

Taxa de Mortalidade 3.21 %

    country       dias otimista casos_estimados pessimista estimativa_mortes casos_confirmados mortes_confirmadas latitude longitude
227  Brazil 2020-08-12  2558047         3272286    3986525            104978           3164785             105463        0         0
228  Brazil 2020-08-13  2617144         3347883    4078622            107403           3224876             106523        0         0
229  Brazil 2020-08-14  2677606         3425227    4172848            109885           3275520             107232        0         0
230  Brazil 2020-08-15  2739465         3504358    4269251            112423           3317096             107852        0         0
231  Brazil 2020-08-16  2802754         3585318    4367882            115021           3340197             108536        0         0
232  Brazil 2020-08-17  2867504         3668147    4468790            117678           3359570             109888        0         0
233  Brazil 2020-08-18  2933750         3752890    4572030            120396           3407354             111100        0         0
234  Brazil 2020-08-19  3001527         3839591    4677655            123178           3456652             112304        0         0
235  Brazil 2020-08-20  3070869         3928294    4785719            126024           3501975             113454        0         0
236  Brazil 2020-08-21  3141813         4019047    4896281            128935           3536488             113454        0         0
237  Brazil 2020-08-22  3214397         4111897    5009397            131914                NA                 NA        0         0
238  Brazil 2020-08-23  3288657         4206892    5125127            134961                NA                 NA        0         0
239  Brazil 2020-08-24  3364633         4304081    5243529            138079                NA                 NA        0         0
240  Brazil 2020-08-25  3442365         4403516    5364667            141269                NA                 NA        0         0
241  Brazil 2020-08-26  3521891         4505247    5488603            144533                NA                 NA        0         0
242  Brazil 2020-08-27  3603255         4609329    5615403            147872                NA                 NA        0         0
243  Brazil 2020-08-28  3686499         4715816    5745133            151288                NA                 NA        0         0
244  Brazil 2020-08-29  3771666         4824763    5877860            154783                NA                 NA        0         0
245  Brazil 2020-08-30  3858800         4936226    6013652            158359                NA                 NA        0         0
246  Brazil 2020-08-31  3947948         5050265    6152582            162017                NA                 NA        0         0

Total de casos no mundo:  23095836 6837635 5625726 6119169 3313502 1172388 26695 721 23095836

Estimados a partir dos dados da OMS:
    day       date       x    xest
1     1 2019-12-30       0   18756
2     2 2019-12-31       0   19189
3     3 2020-01-01       0   19632
4     4 2020-01-02       0   20086
5     5 2020-01-03       0   20550
6     6 2020-01-04       0   21025
7     7 2020-01-05       0   21510
8     8 2020-01-06       0   22007
9     9 2020-01-07       0   22516
10   10 2020-01-08       0   23036
11   11 2020-01-09       0   23568
12   12 2020-01-10       0   24113
13   13 2020-01-11       0   24670
14   14 2020-01-12       0   25240
15   15 2020-01-13       0   25823
16   16 2020-01-14       0   26419
17   17 2020-01-15       0   27030
18   18 2020-01-16       0   27654
19   19 2020-01-17       0   28293
20   20 2020-01-18       0   28947
21   21 2020-01-19       0   29615
22   22 2020-01-20       0   30299
23   23 2020-01-21       0   30999
24   24 2020-01-22       0   31716
25   25 2020-01-23       0   32448
26   26 2020-01-24       0   33198
27   27 2020-01-25       0   33965
28   28 2020-01-26       0   34750
29   29 2020-01-27       0   35552
30   30 2020-01-28       0   36374
31   31 2020-01-29       0   37214
32   32 2020-01-30       0   38074
33   33 2020-01-31       0   38953
34   34 2020-02-01       0   39853
35   35 2020-02-02       0   40774
36   36 2020-02-03       0   41716
37   37 2020-02-04       0   42680
38   38 2020-02-05       0   43666
39   39 2020-02-06       0   44675
40   40 2020-02-07       0   45707
41   41 2020-02-08       0   46763
42   42 2020-02-09       0   47843
43   43 2020-02-10       0   48948
44   44 2020-02-11       0   50079
45   45 2020-02-12       0   51236
46   46 2020-02-13       0   52420
47   47 2020-02-14       0   53631
48   48 2020-02-15       0   54870
49   49 2020-02-16       0   56137
50   50 2020-02-17       0   57434
51   51 2020-02-18       0   58761
52   52 2020-02-19       0   60119
53   53 2020-02-20       0   61507
54   54 2020-02-21       0   62928
55   55 2020-02-22       0   64382
56   56 2020-02-23       0   65870
57   57 2020-02-24       0   67391
58   58 2020-02-25       1   68948
59   59 2020-02-26       1   70541
60   60 2020-02-27       1   72171
61   61 2020-02-28       1   73838
62   62 2020-02-29       2   75544
63   63 2020-03-01       2   77289
64   64 2020-03-02       2   79075
65   65 2020-03-03       2   80902
66   66 2020-03-04       3   82771
67   67 2020-03-05       8   84683
68   68 2020-03-06      13   86639
69   69 2020-03-07      13   88641
70   70 2020-03-08      25   90689
71   71 2020-03-09      25   92784
72   72 2020-03-10      34   94927
73   73 2020-03-11      52   97120
74   74 2020-03-12      77   99364
75   75 2020-03-13      98  101659
76   76 2020-03-14     121  104008
77   77 2020-03-15     200  106411
78   78 2020-03-16     234  108869
79   79 2020-03-17     291  111384
80   80 2020-03-18     428  113958
81   81 2020-03-19     621  116590
82   82 2020-03-20     904  119284
83   83 2020-03-21    1128  122040
84   84 2020-03-22    1546  124859
85   85 2020-03-23    1891  127743
86   86 2020-03-24    2201  130695
87   87 2020-03-25    2433  133714
88   88 2020-03-26    2915  136803
89   89 2020-03-27    3417  139964
90   90 2020-03-28    3904  143197
91   91 2020-03-29    4256  146505
92   92 2020-03-30    4579  149890
93   93 2020-03-31    5717  153353
94   94 2020-04-01    6836  156896
95   95 2020-04-02    7910  160520
96   96 2020-04-03    9056  164229
97   97 2020-04-04   10278  168023
98   98 2020-04-05   11130  171904
99   99 2020-04-06   12056  175876
100 100 2020-04-07   13717  179939
101 101 2020-04-08   15927  184096
102 102 2020-04-09   17857  188349
103 103 2020-04-10   19638  192700
104 104 2020-04-11   20727  197152
105 105 2020-04-12   22169  201707
106 106 2020-04-13   23430  206367
107 107 2020-04-14   25262  211134
108 108 2020-04-15   28320  216012
109 109 2020-04-16   30425  221003
110 110 2020-04-17   33682  226108
111 111 2020-04-18   36599  231332
112 112 2020-04-19   38654  236676
113 113 2020-04-20   40581  242144
114 114 2020-04-21   43079  247738
115 115 2020-04-22   45757  253461
116 116 2020-04-23   49492  259317
117 117 2020-04-24   52995  265308
118 118 2020-04-25   58509  271437
119 119 2020-04-26   61888  277708
120 120 2020-04-27   66501  284124
121 121 2020-04-28   71886  290688
122 122 2020-04-29   78162  297403
123 123 2020-04-30   85380  304274
124 124 2020-05-01   91589  311303
125 125 2020-05-02   96559  318495
126 126 2020-05-03  101147  325853
127 127 2020-05-04  107780  333381
128 128 2020-05-05  114715  341083
129 129 2020-05-06  125218  348963
130 130 2020-05-07  135106  357025
131 131 2020-05-08  145328  365273
132 132 2020-05-09  155939  373712
133 133 2020-05-10  162699  382345
134 134 2020-05-11  168331  391178
135 135 2020-05-12  177589  400215
136 136 2020-05-13  188974  409461
137 137 2020-05-14  202918  418921
138 138 2020-05-15  218223  428599
139 139 2020-05-16  233142  438501
140 140 2020-05-17  241080  448631
141 141 2020-05-18  254220  458996
142 142 2020-05-19  271628  469599
143 143 2020-05-20  291579  480448
144 144 2020-05-21  310087  491548
145 145 2020-05-22  330890  502904
146 146 2020-05-23  347398  514522
147 147 2020-05-24  363211  526409
148 148 2020-05-25  374898  538570
149 149 2020-05-26  391222  551012
150 150 2020-05-27  411821  563742
151 151 2020-05-28  438238  576766
152 152 2020-05-29  465166  590090
153 153 2020-05-30  498440  603723
154 154 2020-05-31  514849  617670
155 155 2020-06-01  526447  631940
156 156 2020-06-02  555383  646539
157 157 2020-06-03  584016  661476
158 158 2020-06-04  614932  676758
159 159 2020-06-05  645762  692392
160 160 2020-06-06  672837  708388
161 161 2020-06-07  691758  724754
162 162 2020-06-08  707412  741497
163 163 2020-06-09  739503  758628
164 164 2020-06-10  772416  776154
165 165 2020-06-11  802828  794085
166 166 2020-06-12  828810  812430
167 167 2020-06-13  850514  831199
168 168 2020-06-14  867624  850402
169 169 2020-06-15  888271  870048
170 170 2020-06-16  923189  890148
171 171 2020-06-17  955377  910713
172 172 2020-06-18  978142  931753
173 173 2020-06-19 1032913  953278
174 174 2020-06-20 1067579  975301
175 175 2020-06-21 1085038  997833
176 176 2020-06-22 1106470 1020886
177 177 2020-06-23 1145906 1044470
178 178 2020-06-24 1188631 1068600
179 179 2020-06-25 1228114 1093287
180 180 2020-06-26 1274974 1118545
181 181 2020-06-27 1313667 1144386
182 182 2020-06-28 1344143 1170824
183 183 2020-06-29 1368195 1197873
184 184 2020-06-30 1402041 1225547
185 185 2020-07-01 1448753 1253860
186 186 2020-07-02 1496858 1282827
187 187 2020-07-03 1539081 1312463
188 188 2020-07-04 1577004 1342784
189 189 2020-07-05 1603055 1373806
190 190 2020-07-06 1623284 1405544
191 191 2020-07-07 1668589 1438015
192 192 2020-07-08 1713160 1471237
193 193 2020-07-09 1755779 1505226
194 194 2020-07-10 1800827 1540001
195 195 2020-07-11 1839850 1575578
196 196 2020-07-12 1864681 1611978
197 197 2020-07-13 1884967 1649218
198 198 2020-07-14 1926824 1687319
199 199 2020-07-15 1966748 1726300
200 200 2020-07-16 2012151 1766182
201 201 2020-07-17 2046328 1806985
202 202 2020-07-18 2074860 1848731
203 203 2020-07-19 2098389 1891441
204 204 2020-07-20 2118646 1935138
205 205 2020-07-21 2159654 1979844
206 206 2020-07-22 2227514 2025583
207 207 2020-07-23 2287475 2072379
208 208 2020-07-24 2343366 2120256
209 209 2020-07-25 2394513 2169239
210 210 2020-07-26 2419091 2219354
211 211 2020-07-27 2442375 2270626
212 212 2020-07-28 2483191 2323083
213 213 2020-07-29 2552265 2376752
214 214 2020-07-30 2610102 2431660
215 215 2020-07-31 2662485 2487837
216 216 2020-08-01 2707877 2545312
217 217 2020-08-02 2733677 2604115
218 218 2020-08-03 2750318 2664277
219 219 2020-08-04 2801921 2725828
220 220 2020-08-05 2859073 2788801
221 221 2020-08-06 2912212 2853229
222 222 2020-08-07 2962442 2919145
223 223 2020-08-08 3012412 2986585
224 224 2020-08-09 3035422 3055582
225 225 2020-08-10 3057470 3126173
226 226 2020-08-11 3109630 3198395
227 227 2020-08-12 3164785 3272286
228 228 2020-08-13 3224876 3347883
229 229 2020-08-14 3275520 3425227
230 230 2020-08-15 3317096 3504358
231 231 2020-08-16 3340197 3585318
232 232 2020-08-17 3359570 3668147
233 233 2020-08-18 3407354 3752890
234 234 2020-08-19 3456652 3839591
235 235 2020-08-20 3501975 3928294
236 236 2020-08-21 3536488 4019047

Intervalo de Confianca
          2.5%       97.5%
b  15866.87052 21086.59367
y0    42.54049    45.06515


Formula: x ~ SSexp(day, b, y0)

Parameters:
     Estimate Std. Error t value      Pr(>|t|)    
b  224205.050  22476.464   9.975 0.00000864761 ***
y0     85.547      3.166  27.018 0.00000000379 ***
---
Signif. codes:  0 ‘***’ 0.001 ‘**’ 0.01 ‘*’ 0.05 ‘.’ 0.1 ‘ ’ 1

Residual standard error: 13190 on 8 degrees of freedom

Number of iterations to convergence: 37 
Achieved convergence tolerance: 0.0000000149

Considerando os casos dos últimos 10 dias, temos:
Número de dias para dobrar:  85.5
Razao de crescimento:  224205

Todos os dados gerados
    country       dias otimista casos_estimados pessimista estimativa_mortes casos_confirmados mortes_confirmadas latitude longitude
1    Brazil 2019-12-30    14662           18756      22850               602                 0                  0        0         0
2    Brazil 2019-12-31    15001           19189      23377               616                 0                  0        0         0
3    Brazil 2020-01-01    15347           19632      23917               630                 0                  0        0         0
4    Brazil 2020-01-02    15702           20086      24470               644                 0                  0        0         0
5    Brazil 2020-01-03    16065           20550      25035               659                 0                  0        0         0
6    Brazil 2020-01-04    16436           21025      25614               675                 0                  0        0         0
7    Brazil 2020-01-05    16815           21510      26205               690                 0                  0        0         0
8    Brazil 2020-01-06    17204           22007      26810               706                 0                  0        0         0
9    Brazil 2020-01-07    17601           22516      27431               722                 0                  0        0         0
10   Brazil 2020-01-08    18008           23036      28064               739                 0                  0        0         0
11   Brazil 2020-01-09    18424           23568      28712               756                 0                  0        0         0
12   Brazil 2020-01-10    18850           24113      29376               774                 0                  0        0         0
13   Brazil 2020-01-11    19285           24670      30055               791                 0                  0        0         0
14   Brazil 2020-01-12    19731           25240      30749               810                 0                  0        0         0
15   Brazil 2020-01-13    20187           25823      31459               828                 0                  0        0         0
16   Brazil 2020-01-14    20653           26419      32185               848                 0                  0        0         0
17   Brazil 2020-01-15    21130           27030      32930               867                 0                  0        0         0
18   Brazil 2020-01-16    21618           27654      33690               887                 0                  0        0         0
19   Brazil 2020-01-17    22118           28293      34468               908                 0                  0        0         0
20   Brazil 2020-01-18    22629           28947      35265               929                 0                  0        0         0
21   Brazil 2020-01-19    23151           29615      36079               950                 0                  0        0         0
22   Brazil 2020-01-20    23686           30299      36912               972                 0                  0        0         0
23   Brazil 2020-01-21    24233           30999      37765               994                 0                  0        0         0
24   Brazil 2020-01-22    24793           31716      38639              1017                 0                  0        0         0
25   Brazil 2020-01-23    25366           32448      39530              1041                 0                  0        0         0
26   Brazil 2020-01-24    25952           33198      40444              1065                 0                  0        0         0
27   Brazil 2020-01-25    26551           33965      41379              1090                 0                  0        0         0
28   Brazil 2020-01-26    27165           34750      42335              1115                 0                  0        0         0
29   Brazil 2020-01-27    27792           35552      43312              1141                 0                  0        0         0
30   Brazil 2020-01-28    28435           36374      44313              1167                 0                  0        0         0
31   Brazil 2020-01-29    29091           37214      45337              1194                 0                  0        0         0
32   Brazil 2020-01-30    29764           38074      46384              1221                 0                  0        0         0
33   Brazil 2020-01-31    30451           38953      47455              1250                 0                  0        0         0
34   Brazil 2020-02-01    31154           39853      48552              1279                 0                  0        0         0
35   Brazil 2020-02-02    31874           40774      49674              1308                 0                  0        0         0
36   Brazil 2020-02-03    32611           41716      50821              1338                 0                  0        0         0
37   Brazil 2020-02-04    33364           42680      51996              1369                 0                  0        0         0
38   Brazil 2020-02-05    34135           43666      53197              1401                 0                  0        0         0
39   Brazil 2020-02-06    34924           44675      54426              1433                 0                  0        0         0
40   Brazil 2020-02-07    35731           45707      55683              1466                 0                  0        0         0
41   Brazil 2020-02-08    36556           46763      56970              1500                 0                  0        0         0
42   Brazil 2020-02-09    37400           47843      58286              1535                 0                  0        0         0
43   Brazil 2020-02-10    38264           48948      59632              1570                 0                  0        0         0
44   Brazil 2020-02-11    39148           50079      61010              1607                 0                  0        0         0
45   Brazil 2020-02-12    40053           51236      62419              1644                 0                  0        0         0
46   Brazil 2020-02-13    40978           52420      63862              1682                 0                  0        0         0
47   Brazil 2020-02-14    41925           53631      65337              1721                 0                  0        0         0
48   Brazil 2020-02-15    42894           54870      66846              1760                 0                  0        0         0
49   Brazil 2020-02-16    43884           56137      68390              1801                 0                  0        0         0
50   Brazil 2020-02-17    44898           57434      69970              1843                 0                  0        0         0
51   Brazil 2020-02-18    45935           58761      71587              1885                 0                  0        0         0
52   Brazil 2020-02-19    46997           60119      73241              1929                 0                  0        0         0
53   Brazil 2020-02-20    48082           61507      74932              1973                 0                  0        0         0
54   Brazil 2020-02-21    49193           62928      76663              2019                 0                  0        0         0
55   Brazil 2020-02-22    50329           64382      78435              2065                 0                  0        0         0
56   Brazil 2020-02-23    51493           65870      80247              2113                 0                  0        0         0
57   Brazil 2020-02-24    52682           67391      82100              2162                 0                  0        0         0
58   Brazil 2020-02-25    53899           68948      83997              2212                 1                  0        0         0
59   Brazil 2020-02-26    55144           70541      85938              2263                 1                  0        0         0
60   Brazil 2020-02-27    56418           72171      87924              2315                 1                  0        0         0
61   Brazil 2020-02-28    57721           73838      89955              2369                 1                  0        0         0
62   Brazil 2020-02-29    59055           75544      92033              2424                 2                  0        0         0
63   Brazil 2020-03-01    60419           77289      94159              2480                 2                  0        0         0
64   Brazil 2020-03-02    61815           79075      96335              2537                 2                  0        0         0
65   Brazil 2020-03-03    63244           80902      98560              2595                 2                  0        0         0
66   Brazil 2020-03-04    64705           82771     100837              2655                 3                  0        0         0
67   Brazil 2020-03-05    66199           84683     103167              2717                 8                  0        0         0
68   Brazil 2020-03-06    67728           86639     105550              2779                13                  0        0         0
69   Brazil 2020-03-07    69293           88641     107989              2844                13                  0        0         0
70   Brazil 2020-03-08    70894           90689     110484              2909                25                  0        0         0
71   Brazil 2020-03-09    72532           92784     113036              2977                25                  0        0         0
72   Brazil 2020-03-10    74207           94927     115647              3045                34                  0        0         0
73   Brazil 2020-03-11    75922           97120     118318              3116                52                  0        0         0
74   Brazil 2020-03-12    77676           99364     121052              3188                77                  0        0         0
75   Brazil 2020-03-13    79470          101659     123848              3261                98                  0        0         0
76   Brazil 2020-03-14    81306          104008     126710              3337               121                  0        0         0
77   Brazil 2020-03-15    83185          106411     129637              3414               200                  0        0         0
78   Brazil 2020-03-16    85106          108869     132632              3493               234                  1        0         0
79   Brazil 2020-03-17    87072          111384     135696              3573               291                  4        0         0
80   Brazil 2020-03-18    89084          113958     138832              3656               428                  6        0         0
81   Brazil 2020-03-19    91142          116590     142038              3740               621                 11        0         0
82   Brazil 2020-03-20    93248          119284     145320              3827               904                 18        0         0
83   Brazil 2020-03-21    95402          122040     148678              3915              1128                 25        0         0
84   Brazil 2020-03-22    97606          124859     152112              4006              1546                 34        0         0
85   Brazil 2020-03-23    99861          127743     155625              4098              1891                 46        0         0
86   Brazil 2020-03-24   102168          130695     159222              4193              2201                 57        0         0
87   Brazil 2020-03-25   104528          133714     162900              4290              2433                 77        0         0
88   Brazil 2020-03-26   106943          136803     166663              4389              2915                 92        0         0
89   Brazil 2020-03-27   109414          139964     170514              4490              3417                114        0         0
90   Brazil 2020-03-28   111942          143197     174452              4594              3904                136        0         0
91   Brazil 2020-03-29   114527          146505     178483              4700              4256                159        0         0
92   Brazil 2020-03-30   117174          149890     182606              4809              4579                201        0         0
93   Brazil 2020-03-31   119881          153353     186825              4920              5717                241        0         0
94   Brazil 2020-04-01   122650          156896     191142              5033              6836                299        0         0
95   Brazil 2020-04-02   125483          160520     195557              5150              7910                359        0         0
96   Brazil 2020-04-03   128383          164229     200075              5269              9056                432        0         0
97   Brazil 2020-04-04   131349          168023     204697              5390             10278                486        0         0
98   Brazil 2020-04-05   134383          171904     209425              5515             11130                553        0         0
99   Brazil 2020-04-06   137488          175876     214264              5642             12056                667        0         0
100  Brazil 2020-04-07   140664          179939     219214              5773             13717                800        0         0
101  Brazil 2020-04-08   143914          184096     224278              5906             15927                941        0         0
102  Brazil 2020-04-09   147238          188349     229460              6042             17857               1056        0         0
103  Brazil 2020-04-10   150640          192700     234760              6182             19638               1124        0         0
104  Brazil 2020-04-11   154120          197152     240184              6325             20727               1223        0         0
105  Brazil 2020-04-12   157681          201707     245733              6471             22169               1328        0         0
106  Brazil 2020-04-13   161323          206367     251411              6620             23430               1532        0         0
107  Brazil 2020-04-14   165050          211134     257218              6773             25262               1736        0         0
108  Brazil 2020-04-15   168863          216012     263161              6930             28320               1924        0         0
109  Brazil 2020-04-16   172765          221003     269241              7090             30425               2141        0         0
110  Brazil 2020-04-17   176756          226108     275460              7254             33682               2347        0         0
111  Brazil 2020-04-18   180839          231332     281825              7421             36599               2462        0         0
112  Brazil 2020-04-19   185017          236676     288335              7593             38654               2575        0         0
113  Brazil 2020-04-20   189291          242144     294997              7768             40581               2741        0         0
114  Brazil 2020-04-21   193664          247738     301812              7948             43079               2906        0         0
115  Brazil 2020-04-22   198138          253461     308784              8131             45757               3313        0         0
116  Brazil 2020-04-23   202716          259317     315918              8319             49492               3670        0         0
117  Brazil 2020-04-24   207399          265308     323217              8511             52995               4016        0         0
118  Brazil 2020-04-25   212191          271437     330683              8708             58509               4205        0         0
119  Brazil 2020-04-26   217093          277708     338323              8909             61888               4543        0         0
120  Brazil 2020-04-27   222109          284124     346139              9115             66501               5017        0         0
121  Brazil 2020-04-28   227240          290688     354136              9326             71886               5466        0         0
122  Brazil 2020-04-29   232489          297403     362317              9541             78162               5901        0         0
123  Brazil 2020-04-30   237860          304274     370688              9761             85380               6329        0         0
124  Brazil 2020-05-01   243355          311303     379251              9987             91589               6750        0         0
125  Brazil 2020-05-02   248977          318495     388013             10218             96559               7025        0         0
126  Brazil 2020-05-03   254729          325853     396977             10454            101147               7321        0         0
127  Brazil 2020-05-04   260614          333381     406148             10695            107780               7921        0         0
128  Brazil 2020-05-05   266635          341083     415531             10942            114715               8536        0         0
129  Brazil 2020-05-06   272795          348963     425131             11195            125218               9146        0         0
130  Brazil 2020-05-07   279097          357025     434953             11454            135106               9897        0         0
131  Brazil 2020-05-08   285545          365273     445001             11718            145328              10627        0         0
132  Brazil 2020-05-09   292142          373712     455282             11989            155939              11123        0         0
133  Brazil 2020-05-10   298891          382345     465799             12266            162699              11519        0         0
134  Brazil 2020-05-11   305796          391178     476560             12549            168331              12400        0         0
135  Brazil 2020-05-12   312860          400215     487570             12839            177589              13149        0         0
136  Brazil 2020-05-13   320088          409461     498834             13136            188974              13993        0         0
137  Brazil 2020-05-14   327483          418921     510359             13439            202918              14817        0         0
138  Brazil 2020-05-15   335049          428599     522149             13750            218223              15633        0         0
139  Brazil 2020-05-16   342790          438501     534212             14068            233142              16118        0         0
140  Brazil 2020-05-17   350709          448631     546553             14393            241080              16792        0         0
141  Brazil 2020-05-18   358811          458996     559181             14725            254220              17971        0         0
142  Brazil 2020-05-19   367100          469599     572098             15065            271628              18859        0         0
143  Brazil 2020-05-20   375581          480448     585315             15413            291579              20047        0         0
144  Brazil 2020-05-21   384258          491548     598838             15769            310087              21048        0         0
145  Brazil 2020-05-22   393136          502904     612672             16134            330890              22013        0         0
146  Brazil 2020-05-23   402218          514522     626826             16506            347398              22666        0         0
147  Brazil 2020-05-24   411510          526409     641308             16888            363211              23473        0         0
148  Brazil 2020-05-25   421017          538570     656123             17278            374898              24512        0         0
149  Brazil 2020-05-26   430743          551012     671281             17677            391222              25598        0         0
150  Brazil 2020-05-27   440695          563742     686789             18085            411821              26754        0         0
151  Brazil 2020-05-28   450876          576766     702656             18503            438238              27878        0         0
152  Brazil 2020-05-29   461292          590090     718888             18931            465166              28834        0         0
153  Brazil 2020-05-30   471949          603723     735497             19368            498440              29314        0         0
154  Brazil 2020-05-31   482852          617670     752488             19815            514849              29937        0         0
155  Brazil 2020-06-01   494007          631940     769873             20273            526447              31199        0         0
156  Brazil 2020-06-02   505420          646539     787658             20742            555383              32548        0         0
157  Brazil 2020-06-03   517096          661476     805856             21221            584016              34021        0         0
158  Brazil 2020-06-04   529043          676758     824473             21711            614932              35026        0         0
159  Brazil 2020-06-05   541264          692392     843520             22213            645762              35930        0         0
160  Brazil 2020-06-06   553769          708388     863007             22726            672837              36455        0         0
161  Brazil 2020-06-07   566563          724754     882945             23251            691758              37134        0         0
162  Brazil 2020-06-08   579651          741497     903343             23788            707412              38406        0         0
163  Brazil 2020-06-09   593043          758628     924213             24338            739503              39680        0         0
164  Brazil 2020-06-10   606744          776154     945564             24900            772416              40919        0         0
165  Brazil 2020-06-11   620761          794085     967409             25475            802828              41828        0         0
166  Brazil 2020-06-12   635102          812430     989758             26064            828810              42720        0         0
167  Brazil 2020-06-13   649774          831199    1012624             26666            850514              43332        0         0
168  Brazil 2020-06-14   664786          850402    1036018             27282            867624              43959        0         0
169  Brazil 2020-06-15   680143          870048    1059953             27912            888271              45241        0         0
170  Brazil 2020-06-16   695856          890148    1084440             28557            923189              46510        0         0
171  Brazil 2020-06-17   711932          910713    1109494             29217            955377              47748        0         0
172  Brazil 2020-06-18   728380          931753    1135126             29892            978142              48954        0         0
173  Brazil 2020-06-19   745207          953278    1161349             30582           1032913              49976        0         0
174  Brazil 2020-06-20   762423          975301    1188179             31289           1067579              50617        0         0
175  Brazil 2020-06-21   780037          997833    1215629             32011           1085038              51271        0         0
176  Brazil 2020-06-22   798058         1020886    1243714             32751           1106470              52645        0         0
177  Brazil 2020-06-23   816494         1044470    1272446             33508           1145906              53830        0         0
178  Brazil 2020-06-24   835358         1068600    1301842             34282           1188631              54971        0         0
179  Brazil 2020-06-25   854656         1093287    1331918             35074           1228114              55961        0         0
180  Brazil 2020-06-26   874401         1118545    1362689             35884           1274974              57070        0         0
181  Brazil 2020-06-27   894602         1144386    1394170             36713           1313667              57622        0         0
182  Brazil 2020-06-28   915269         1170824    1426379             37561           1344143              58314        0         0
183  Brazil 2020-06-29   936414         1197873    1459332             38429           1368195              59594        0         0
184  Brazil 2020-06-30   958048         1225547    1493046             39317           1402041              60632        0         0
185  Brazil 2020-07-01   980181         1253860    1527539             40225           1448753              61884        0         0
186  Brazil 2020-07-02  1002826         1282827    1562828             41154           1496858              63174        0         0
187  Brazil 2020-07-03  1025993         1312463    1598933             42105           1539081              64265        0         0
188  Brazil 2020-07-04  1049696         1342784    1635872             43078           1577004              64867        0         0
189  Brazil 2020-07-05  1073947         1373806    1673665             44073           1603055              65487        0         0
190  Brazil 2020-07-06  1098757         1405544    1712331             45091           1623284              66741        0         0
191  Brazil 2020-07-07  1124141         1438015    1751889             46133           1668589              67964        0         0
192  Brazil 2020-07-08  1150111         1471237    1792363             47199           1713160              69184        0         0
193  Brazil 2020-07-09  1176682         1505226    1833770             48289           1755779              70398        0         0
194  Brazil 2020-07-10  1203866         1540001    1876136             49405           1800827              71469        0         0
195  Brazil 2020-07-11  1231678         1575578    1919478             50546           1839850              72100        0         0
196  Brazil 2020-07-12  1260133         1611978    1963823             51714           1864681              72833        0         0
197  Brazil 2020-07-13  1289245         1649218    2009191             52909           1884967              74133        0         0
198  Brazil 2020-07-14  1319029         1687319    2055609             54131           1926824              75366        0         0
199  Brazil 2020-07-15  1349502         1726300    2103098             55381           1966748              76688        0         0
200  Brazil 2020-07-16  1380679         1766182    2151685             56661           2012151              77851        0         0
201  Brazil 2020-07-17  1412576         1806985    2201394             57970           2046328              78772        0         0
202  Brazil 2020-07-18  1445210         1848731    2252252             59309           2074860              79488        0         0
203  Brazil 2020-07-19  1478598         1891441    2304284             60679           2098389              80120        0         0
204  Brazil 2020-07-20  1512757         1935138    2357519             62081           2118646              81487        0         0
205  Brazil 2020-07-21  1547705         1979844    2411983             63515           2159654              82771        0         0
206  Brazil 2020-07-22  1583461         2025583    2467705             64983           2227514              84082        0         0
207  Brazil 2020-07-23  1620043         2072379    2524715             66484           2287475              85238        0         0
208  Brazil 2020-07-24  1657470         2120256    2583042             68020           2343366              86449        0         0
209  Brazil 2020-07-25  1695761         2169239    2642717             69591           2394513              87004        0         0
210  Brazil 2020-07-26  1734938         2219354    2703770             71199           2419091              87618        0         0
211  Brazil 2020-07-27  1775019         2270626    2766233             72844           2442375              88539        0         0
212  Brazil 2020-07-28  1816026         2323083    2830140             74527           2483191              90134        0         0
213  Brazil 2020-07-29  1857980         2376752    2895524             76249           2552265              91263        0         0
214  Brazil 2020-07-30  1900904         2431660    2962416             78010           2610102              92475        0         0
215  Brazil 2020-07-31  1944819         2487837    3030855             79812           2662485              93563        0         0
216  Brazil 2020-08-01  1989749         2545312    3100875             81656           2707877              94104        0         0
217  Brazil 2020-08-02  2035717         2604115    3172513             83543           2733677              94665        0         0
218  Brazil 2020-08-03  2082748         2664277    3245806             85473           2750318              95819        0         0
219  Brazil 2020-08-04  2130864         2725828    3320792             87447           2801921              97256        0         0
220  Brazil 2020-08-05  2180092         2788801    3397510             89467           2859073              98493        0         0
221  Brazil 2020-08-06  2230457         2853229    3476001             91534           2912212              99572        0         0
222  Brazil 2020-08-07  2281986         2919145    3556304             93649           2962442             100477        0         0
223  Brazil 2020-08-08  2334706         2986585    3638464             95813           3012412             101049        0         0
224  Brazil 2020-08-09  2388643         3055582    3722521             98026           3035422             101752        0         0
225  Brazil 2020-08-10  2443826         3126173    3808520            100291           3057470             103026        0         0
226  Brazil 2020-08-11  2500284         3198395    3896506            102608           3109630             104201        0         0
227  Brazil 2020-08-12  2558047         3272286    3986525            104978           3164785             105463        0         0
228  Brazil 2020-08-13  2617144         3347883    4078622            107403           3224876             106523        0         0
229  Brazil 2020-08-14  2677606         3425227    4172848            109885           3275520             107232        0         0
230  Brazil 2020-08-15  2739465         3504358    4269251            112423           3317096             107852        0         0
231  Brazil 2020-08-16  2802754         3585318    4367882            115021           3340197             108536        0         0
232  Brazil 2020-08-17  2867504         3668147    4468790            117678           3359570             109888        0         0
233  Brazil 2020-08-18  2933750         3752890    4572030            120396           3407354             111100        0         0
234  Brazil 2020-08-19  3001527         3839591    4677655            123178           3456652             112304        0         0
235  Brazil 2020-08-20  3070869         3928294    4785719            126024           3501975             113454        0         0
236  Brazil 2020-08-21  3141813         4019047    4896281            128935           3536488             113454        0         0
237  Brazil 2020-08-22  3214397         4111897    5009397            131914                NA                 NA        0         0
238  Brazil 2020-08-23  3288657         4206892    5125127            134961                NA                 NA        0         0
239  Brazil 2020-08-24  3364633         4304081    5243529            138079                NA                 NA        0         0
240  Brazil 2020-08-25  3442365         4403516    5364667            141269                NA                 NA        0         0
241  Brazil 2020-08-26  3521891         4505247    5488603            144533                NA                 NA        0         0
242  Brazil 2020-08-27  3603255         4609329    5615403            147872                NA                 NA        0         0
243  Brazil 2020-08-28  3686499         4715816    5745133            151288                NA                 NA        0         0
244  Brazil 2020-08-29  3771666         4824763    5877860            154783                NA                 NA        0         0
245  Brazil 2020-08-30  3858800         4936226    6013652            158359                NA                 NA        0         0
246  Brazil 2020-08-31  3947948         5050265    6152582            162017                NA                 NA        0         0

Fontes:
	OMS - https://ourworldindata.org/coronavirus-source-data
	Worldometers - https://www.worldometers.info/coronavirus