
 Italy 
Projecao:  7  dias
Gerado em:  2020-06-11 13:25:46
RMSE(%):  40.9 , BIAS(%): 7.9

Taxa de Mortalidade 14.47 %

    country       dias otimista casos_estimados pessimista estimativa_mortes casos_confirmados mortes_confirmadas latitude longitude
153   Italy 2020-05-30   150069          254044     358019             36757            232664              33415 41.87194  12.56738
154   Italy 2020-05-31   152767          258611     364455             37418            233019              33475 41.87194  12.56738
155   Italy 2020-06-01   155513          263260     371007             38091            233197              33530 41.87194  12.56738
156   Italy 2020-06-02   158309          267993     377677             38775            233515              33601 41.87194  12.56738
157   Italy 2020-06-03   161155          272811     384467             39473            233836              33689 41.87194  12.56738
158   Italy 2020-06-04   164052          277715     391378             40182            234013              33774 41.87194  12.56738
159   Italy 2020-06-05   167001          282707     398413             40904            234531              33846 41.87194  12.56738
160   Italy 2020-06-06   170003          287789     405575             41640            234801              33899 41.87194  12.56738
161   Italy 2020-06-07   173060          292963     412866             42388            234998              33964 41.87194  12.56738
162   Italy 2020-06-08   176171          298230     420289             43150            235278              34043 41.87194  12.56738
163   Italy 2020-06-09   179338          303591     427844             43926            235561              34114 41.87194  12.56738
164   Italy 2020-06-10   182561          309048     435535             44716            235763              34167 41.87194  12.56738
165   Italy 2020-06-11   185843          314604     443365             45520            236142              34167 41.87194  12.56738
166   Italy 2020-06-12   189184          320260     451336             46338                NA                 NA 41.87194  12.56738
167   Italy 2020-06-13   192585          326017     459449             47171                NA                 NA 41.87194  12.56738
168   Italy 2020-06-14   196047          331878     467709             48019                NA                 NA 41.87194  12.56738
169   Italy 2020-06-15   199572          337844     476116             48882                NA                 NA 41.87194  12.56738
170   Italy 2020-06-16   203159          343917     484675             49761                NA                 NA 41.87194  12.56738
171   Italy 2020-06-17   206812          350100     493388             50655                NA                 NA 41.87194  12.56738
172   Italy 2020-06-18   210529          356393     502257             51566                NA                 NA 41.87194  12.56738

Total de casos no mundo:  7520264 2368685 1273903 2154962 1496833 216264 8896 721 7520264

Estimados a partir dos dados da OMS:
    day       date      x   xest
1     1 2019-12-30      0  16934
2     2 2019-12-31      0  17238
3     3 2020-01-01      0  17548
4     4 2020-01-02      0  17863
5     5 2020-01-03      0  18185
6     6 2020-01-04      0  18512
7     7 2020-01-05      0  18844
8     8 2020-01-06      0  19183
9     9 2020-01-07      0  19528
10   10 2020-01-08      0  19879
11   11 2020-01-09      0  20236
12   12 2020-01-10      0  20600
13   13 2020-01-11      0  20970
14   14 2020-01-12      0  21347
15   15 2020-01-13      0  21731
16   16 2020-01-14      0  22122
17   17 2020-01-15      0  22519
18   18 2020-01-16      0  22924
19   19 2020-01-17      0  23336
20   20 2020-01-18      0  23756
21   21 2020-01-19      0  24183
22   22 2020-01-20      0  24618
23   23 2020-01-21      0  25060
24   24 2020-01-22      0  25511
25   25 2020-01-23      0  25969
26   26 2020-01-24      0  26436
27   27 2020-01-25      0  26911
28   28 2020-01-26      0  27395
29   29 2020-01-27      0  27888
30   30 2020-01-28      0  28389
31   31 2020-01-29      0  28899
32   32 2020-01-30      3  29419
33   33 2020-01-31      3  29948
34   34 2020-02-01      3  30486
35   35 2020-02-02      3  31034
36   36 2020-02-03      3  31592
37   37 2020-02-04      3  32160
38   38 2020-02-05      3  32738
39   39 2020-02-06      3  33327
40   40 2020-02-07      3  33926
41   41 2020-02-08      3  34536
42   42 2020-02-09      3  35156
43   43 2020-02-10      3  35788
44   44 2020-02-11      3  36432
45   45 2020-02-12      3  37087
46   46 2020-02-13      3  37753
47   47 2020-02-14      3  38432
48   48 2020-02-15      3  39123
49   49 2020-02-16      3  39826
50   50 2020-02-17      3  40542
51   51 2020-02-18      3  41271
52   52 2020-02-19      3  42013
53   53 2020-02-20      3  42768
54   54 2020-02-21     17  43537
55   55 2020-02-22     79  44320
56   56 2020-02-23    132  45117
57   57 2020-02-24    229  45928
58   58 2020-02-25    322  46753
59   59 2020-02-26    400  47594
60   60 2020-02-27    650  48449
61   61 2020-02-28    888  49320
62   62 2020-02-29   1128  50207
63   63 2020-03-01   1689  51109
64   64 2020-03-02   2036  52028
65   65 2020-03-03   2502  52963
66   66 2020-03-04   3089  53916
67   67 2020-03-05   3858  54885
68   68 2020-03-06   4636  55871
69   69 2020-03-07   5883  56876
70   70 2020-03-08   7375  57898
71   71 2020-03-09   9172  58939
72   72 2020-03-10  10149  59999
73   73 2020-03-11  12462  61077
74   74 2020-03-12  15113  62175
75   75 2020-03-13  17660  63293
76   76 2020-03-14  21157  64431
77   77 2020-03-15  23980  65589
78   78 2020-03-16  27980  66768
79   79 2020-03-17  31506  67968
80   80 2020-03-18  35713  69190
81   81 2020-03-19  41035  70434
82   82 2020-03-20  47021  71700
83   83 2020-03-21  53578  72989
84   84 2020-03-22  59138  74301
85   85 2020-03-23  63927  75637
86   86 2020-03-24  69176  76997
87   87 2020-03-25  74386  78381
88   88 2020-03-26  80539  79790
89   89 2020-03-27  86498  81224
90   90 2020-03-28  92472  82684
91   91 2020-03-29  97689  84171
92   92 2020-03-30 101739  85684
93   93 2020-03-31 105792  87224
94   94 2020-04-01 110574  88792
95   95 2020-04-02 115242  90388
96   96 2020-04-03 119827  92013
97   97 2020-04-04 124632  93667
98   98 2020-04-05 128948  95351
99   99 2020-04-06 132547  97065
100 100 2020-04-07 135586  98810
101 101 2020-04-08 139422 100587
102 102 2020-04-09 143626 102395
103 103 2020-04-10 147577 104236
104 104 2020-04-11 152271 106109
105 105 2020-04-12 156363 108017
106 106 2020-04-13 159516 109959
107 107 2020-04-14 162488 111935
108 108 2020-04-15 165155 113948
109 109 2020-04-16 168941 115996
110 110 2020-04-17 172434 118081
111 111 2020-04-18 175925 120204
112 112 2020-04-19 178972 122365
113 113 2020-04-20 181228 124565
114 114 2020-04-21 183957 126804
115 115 2020-04-22 187327 129083
116 116 2020-04-23 189973 131404
117 117 2020-04-24 192994 133766
118 118 2020-04-25 195351 136171
119 119 2020-04-26 197675 138619
120 120 2020-04-27 199414 141111
121 121 2020-04-28 201505 143647
122 122 2020-04-29 203591 146230
123 123 2020-04-30 205463 148858
124 124 2020-05-01 207428 151534
125 125 2020-05-02 209328 154259
126 126 2020-05-03 210717 157032
127 127 2020-05-04 211938 159855
128 128 2020-05-05 213013 162728
129 129 2020-05-06 214457 165654
130 130 2020-05-07 215858 168631
131 131 2020-05-08 217185 171663
132 132 2020-05-09 218268 174749
133 133 2020-05-10 219070 177890
134 134 2020-05-11 219814 181088
135 135 2020-05-12 221216 184344
136 136 2020-05-13 222104 187657
137 137 2020-05-14 223096 191031
138 138 2020-05-15 223885 194465
139 139 2020-05-16 224760 197961
140 140 2020-05-17 225435 201520
141 141 2020-05-18 225886 205142
142 142 2020-05-19 226699 208830
143 143 2020-05-20 227364 212584
144 144 2020-05-21 228006 216406
145 145 2020-05-22 228658 220296
146 146 2020-05-23 229327 224256
147 147 2020-05-24 229858 228288
148 148 2020-05-25 230158 232392
149 149 2020-05-26 230555 236569
150 150 2020-05-27 231139 240822
151 151 2020-05-28 231732 245151
152 152 2020-05-29 232248 249558
153 153 2020-05-30 232664 254044
154 154 2020-05-31 233019 258611
155 155 2020-06-01 233197 263260
156 156 2020-06-02 233515 267993
157 157 2020-06-03 233836 272811
158 158 2020-06-04 234013 277715
159 159 2020-06-05 234531 282707
160 160 2020-06-06 234801 287789
161 161 2020-06-07 234998 292963
162 162 2020-06-08 235278 298230
163 163 2020-06-09 235561 303591
164 164 2020-06-10 235763 309048
165 165 2020-06-11 236142 314604

Intervalo de Confianca
          2.5%       97.5%
b  13426.14904 20282.74302
y0    51.76676    60.97155


Formula: x ~ SSexp(day, b, y0)

Parameters:
    Estimate Std. Error t value            Pr(>|t|)    
b  193055.44    1106.99  174.40 0.00000000000000131 ***
y0    819.14      23.97   34.18 0.00000000058654553 ***
---
Signif. codes:  0 ‘***’ 0.001 ‘**’ 0.01 ‘*’ 0.05 ‘.’ 0.1 ‘ ’ 1

Residual standard error: 76.18 on 8 degrees of freedom

Number of iterations to convergence: 54 
Achieved convergence tolerance: 0.0000000149

Considerando os casos dos últimos 10 dias, temos:
Número de dias para dobrar:  819.1
Razao de crescimento:  193055.4

Todos os dados gerados
    country       dias otimista casos_estimados pessimista estimativa_mortes casos_confirmados mortes_confirmadas latitude longitude
1     Italy 2019-12-30    10003           16934      23865              2450                 0                  0 41.87194  12.56738
2     Italy 2019-12-31    10183           17238      24293              2494                 0                  0 41.87194  12.56738
3     Italy 2020-01-01    10366           17548      24730              2539                 0                  0 41.87194  12.56738
4     Italy 2020-01-02    10552           17863      25174              2585                 0                  0 41.87194  12.56738
5     Italy 2020-01-03    10742           18185      25628              2631                 0                  0 41.87194  12.56738
6     Italy 2020-01-04    10935           18512      26089              2678                 0                  0 41.87194  12.56738
7     Italy 2020-01-05    11132           18844      26556              2727                 0                  0 41.87194  12.56738
8     Italy 2020-01-06    11332           19183      27034              2776                 0                  0 41.87194  12.56738
9     Italy 2020-01-07    11536           19528      27520              2825                 0                  0 41.87194  12.56738
10    Italy 2020-01-08    11743           19879      28015              2876                 0                  0 41.87194  12.56738
11    Italy 2020-01-09    11954           20236      28518              2928                 0                  0 41.87194  12.56738
12    Italy 2020-01-10    12169           20600      29031              2981                 0                  0 41.87194  12.56738
13    Italy 2020-01-11    12387           20970      29553              3034                 0                  0 41.87194  12.56738
14    Italy 2020-01-12    12610           21347      30084              3089                 0                  0 41.87194  12.56738
15    Italy 2020-01-13    12837           21731      30625              3144                 0                  0 41.87194  12.56738
16    Italy 2020-01-14    13068           22122      31176              3201                 0                  0 41.87194  12.56738
17    Italy 2020-01-15    13302           22519      31736              3258                 0                  0 41.87194  12.56738
18    Italy 2020-01-16    13542           22924      32306              3317                 0                  0 41.87194  12.56738
19    Italy 2020-01-17    13785           23336      32887              3376                 0                  0 41.87194  12.56738
20    Italy 2020-01-18    14033           23756      33479              3437                 0                  0 41.87194  12.56738
21    Italy 2020-01-19    14285           24183      34081              3499                 0                  0 41.87194  12.56738
22    Italy 2020-01-20    14542           24618      34694              3562                 0                  0 41.87194  12.56738
23    Italy 2020-01-21    14803           25060      35317              3626                 0                  0 41.87194  12.56738
24    Italy 2020-01-22    15070           25511      35952              3691                 0                  0 41.87194  12.56738
25    Italy 2020-01-23    15340           25969      36598              3757                 0                  0 41.87194  12.56738
26    Italy 2020-01-24    15616           26436      37256              3825                 0                  0 41.87194  12.56738
27    Italy 2020-01-25    15897           26911      37925              3894                 0                  0 41.87194  12.56738
28    Italy 2020-01-26    16183           27395      38607              3964                 0                  0 41.87194  12.56738
29    Italy 2020-01-27    16474           27888      39302              4035                 0                  0 41.87194  12.56738
30    Italy 2020-01-28    16770           28389      40008              4108                 0                  0 41.87194  12.56738
31    Italy 2020-01-29    17071           28899      40727              4181                 0                  0 41.87194  12.56738
32    Italy 2020-01-30    17378           29419      41460              4257                 3                  0 41.87194  12.56738
33    Italy 2020-01-31    17691           29948      42205              4333                 3                  0 41.87194  12.56738
34    Italy 2020-02-01    18009           30486      42963              4411                 3                  0 41.87194  12.56738
35    Italy 2020-02-02    18332           31034      43736              4490                 3                  0 41.87194  12.56738
36    Italy 2020-02-03    18662           31592      44522              4571                 3                  0 41.87194  12.56738
37    Italy 2020-02-04    18998           32160      45322              4653                 3                  0 41.87194  12.56738
38    Italy 2020-02-05    19339           32738      46137              4737                 3                  0 41.87194  12.56738
39    Italy 2020-02-06    19687           33327      46967              4822                 3                  0 41.87194  12.56738
40    Italy 2020-02-07    20041           33926      47811              4909                 3                  0 41.87194  12.56738
41    Italy 2020-02-08    20401           34536      48671              4997                 3                  0 41.87194  12.56738
42    Italy 2020-02-09    20767           35156      49545              5087                 3                  0 41.87194  12.56738
43    Italy 2020-02-10    21141           35788      50435              5178                 3                  0 41.87194  12.56738
44    Italy 2020-02-11    21521           36432      51343              5271                 3                  0 41.87194  12.56738
45    Italy 2020-02-12    21908           37087      52266              5366                 3                  0 41.87194  12.56738
46    Italy 2020-02-13    22302           37753      53204              5462                 3                  0 41.87194  12.56738
47    Italy 2020-02-14    22703           38432      54161              5561                 3                  0 41.87194  12.56738
48    Italy 2020-02-15    23111           39123      55135              5661                 3                  0 41.87194  12.56738
49    Italy 2020-02-16    23526           39826      56126              5762                 3                  0 41.87194  12.56738
50    Italy 2020-02-17    23949           40542      57135              5866                 3                  0 41.87194  12.56738
51    Italy 2020-02-18    24380           41271      58162              5971                 3                  0 41.87194  12.56738
52    Italy 2020-02-19    24818           42013      59208              6079                 3                  0 41.87194  12.56738
53    Italy 2020-02-20    25264           42768      60272              6188                 3                  0 41.87194  12.56738
54    Italy 2020-02-21    25718           43537      61356              6299                17                  2 41.87194  12.56738
55    Italy 2020-02-22    26181           44320      62459              6413                79                  2 41.87194  12.56738
56    Italy 2020-02-23    26652           45117      63582              6528               132                  6 41.87194  12.56738
57    Italy 2020-02-24    27131           45928      64725              6645               229                 11 41.87194  12.56738
58    Italy 2020-02-25    27618           46753      65888              6765               322                 12 41.87194  12.56738
59    Italy 2020-02-26    28115           47594      67073              6886               400                 17 41.87194  12.56738
60    Italy 2020-02-27    28620           48449      68278              7010               650                 21 41.87194  12.56738
61    Italy 2020-02-28    29134           49320      69506              7136               888                 29 41.87194  12.56738
62    Italy 2020-02-29    29658           50207      70756              7264              1128                 35 41.87194  12.56738
63    Italy 2020-03-01    30191           51109      72027              7395              1689                 52 41.87194  12.56738
64    Italy 2020-03-02    30734           52028      73322              7528              2036                 80 41.87194  12.56738
65    Italy 2020-03-03    31286           52963      74640              7663              2502                107 41.87194  12.56738
66    Italy 2020-03-04    31849           53916      75983              7801              3089                148 41.87194  12.56738
67    Italy 2020-03-05    32422           54885      77348              7941              3858                197 41.87194  12.56738
68    Italy 2020-03-06    33004           55871      78738              8084              4636                233 41.87194  12.56738
69    Italy 2020-03-07    33598           56876      80154              8229              5883                366 41.87194  12.56738
70    Italy 2020-03-08    34202           57898      81594              8377              7375                464 41.87194  12.56738
71    Italy 2020-03-09    34817           58939      83061              8528              9172                631 41.87194  12.56738
72    Italy 2020-03-10    35443           59999      84555              8681             10149                827 41.87194  12.56738
73    Italy 2020-03-11    36080           61077      86074              8837             12462               1016 41.87194  12.56738
74    Italy 2020-03-12    36728           62175      87622              8996             15113               1268 41.87194  12.56738
75    Italy 2020-03-13    37389           63293      89197              9158             17660               1441 41.87194  12.56738
76    Italy 2020-03-14    38061           64431      90801              9322             21157               1811 41.87194  12.56738
77    Italy 2020-03-15    38745           65589      92433              9490             23980               2158 41.87194  12.56738
78    Italy 2020-03-16    39441           66768      94095              9661             27980               2505 41.87194  12.56738
79    Italy 2020-03-17    40150           67968      95786              9834             31506               2978 41.87194  12.56738
80    Italy 2020-03-18    40872           69190      97508             10011             35713               3407 41.87194  12.56738
81    Italy 2020-03-19    41607           70434      99261             10191             41035               4032 41.87194  12.56738
82    Italy 2020-03-20    42355           71700     101045             10374             47021               4827 41.87194  12.56738
83    Italy 2020-03-21    43116           72989     102862             10561             53578               5476 41.87194  12.56738
84    Italy 2020-03-22    43891           74301     104711             10750             59138               6077 41.87194  12.56738
85    Italy 2020-03-23    44680           75637     106594             10944             63927               6820 41.87194  12.56738
86    Italy 2020-03-24    45484           76997     108510             11141             69176               7505 41.87194  12.56738
87    Italy 2020-03-25    46301           78381     110461             11341             74386               8165 41.87194  12.56738
88    Italy 2020-03-26    47134           79790     112446             11545             80539               9136 41.87194  12.56738
89    Italy 2020-03-27    47981           81224     114467             11752             86498              10023 41.87194  12.56738
90    Italy 2020-03-28    48843           82684     116525             11963             92472              10781 41.87194  12.56738
91    Italy 2020-03-29    49722           84171     118620             12179             97689              11591 41.87194  12.56738
92    Italy 2020-03-30    50615           85684     120753             12397            101739              12430 41.87194  12.56738
93    Italy 2020-03-31    51525           87224     122923             12620            105792              13157 41.87194  12.56738
94    Italy 2020-04-01    52451           88792     125133             12847            110574              13917 41.87194  12.56738
95    Italy 2020-04-02    53394           90388     127382             13078            115242              14681 41.87194  12.56738
96    Italy 2020-04-03    54354           92013     129672             13313            119827              15362 41.87194  12.56738
97    Italy 2020-04-04    55331           93667     132003             13553            124632              15889 41.87194  12.56738
98    Italy 2020-04-05    56326           95351     134376             13796            128948              16525 41.87194  12.56738
99    Italy 2020-04-06    57338           97065     136792             14044            132547              17129 41.87194  12.56738
100   Italy 2020-04-07    58369           98810     139251             14297            135586              17669 41.87194  12.56738
101   Italy 2020-04-08    59419          100587     141755             14554            139422              18281 41.87194  12.56738
102   Italy 2020-04-09    60487          102395     144303             14815            143626              18851 41.87194  12.56738
103   Italy 2020-04-10    61574          104236     146898             15082            147577              19470 41.87194  12.56738
104   Italy 2020-04-11    62681          106109     149537             15353            152271              19901 41.87194  12.56738
105   Italy 2020-04-12    63808          108017     152226             15629            156363              20465 41.87194  12.56738
106   Italy 2020-04-13    64955          109959     154963             15910            159516              21069 41.87194  12.56738
107   Italy 2020-04-14    66122          111935     157748             16196            162488              21647 41.87194  12.56738
108   Italy 2020-04-15    67312          113948     160584             16487            165155              22172 41.87194  12.56738
109   Italy 2020-04-16    68521          115996     163471             16783            168941              22747 41.87194  12.56738
110   Italy 2020-04-17    69753          118081     166409             17085            172434              23227 41.87194  12.56738
111   Italy 2020-04-18    71007          120204     169401             17392            175925              23660 41.87194  12.56738
112   Italy 2020-04-19    72284          122365     172446             17705            178972              24114 41.87194  12.56738
113   Italy 2020-04-20    73583          124565     175547             18023            181228              24648 41.87194  12.56738
114   Italy 2020-04-21    74906          126804     178702             18347            183957              25085 41.87194  12.56738
115   Italy 2020-04-22    76252          129083     181914             18677            187327              25549 41.87194  12.56738
116   Italy 2020-04-23    77623          131404     185185             19013            189973              25969 41.87194  12.56738
117   Italy 2020-04-24    79018          133766     188514             19354            192994              26384 41.87194  12.56738
118   Italy 2020-04-25    80439          136171     191903             19702            195351              26644 41.87194  12.56738
119   Italy 2020-04-26    81885          138619     195353             20057            197675              26977 41.87194  12.56738
120   Italy 2020-04-27    83357          141111     198865             20417            199414              27359 41.87194  12.56738
121   Italy 2020-04-28    84855          143647     202439             20784            201505              27682 41.87194  12.56738
122   Italy 2020-04-29    86381          146230     206079             21158            203591              27967 41.87194  12.56738
123   Italy 2020-04-30    87934          148858     209782             21538            205463              28236 41.87194  12.56738
124   Italy 2020-05-01    89514          151534     213554             21925            207428              28710 41.87194  12.56738
125   Italy 2020-05-02    91124          154259     217394             22319            209328              28884 41.87194  12.56738
126   Italy 2020-05-03    92762          157032     221302             22721            210717              29079 41.87194  12.56738
127   Italy 2020-05-04    94430          159855     225280             23129            211938              29315 41.87194  12.56738
128   Italy 2020-05-05    96127          162728     229329             23545            213013              29684 41.87194  12.56738
129   Italy 2020-05-06    97855          165654     233453             23968            214457              29958 41.87194  12.56738
130   Italy 2020-05-07    99614          168631     237648             24399            215858              30201 41.87194  12.56738
131   Italy 2020-05-08   101405          171663     241921             24838            217185              30395 41.87194  12.56738
132   Italy 2020-05-09   103228          174749     246270             25284            218268              30560 41.87194  12.56738
133   Italy 2020-05-10   105083          177890     250697             25739            219070              30739 41.87194  12.56738
134   Italy 2020-05-11   106973          181088     255203             26201            219814              30911 41.87194  12.56738
135   Italy 2020-05-12   108896          184344     259792             26672            221216              31106 41.87194  12.56738
136   Italy 2020-05-13   110853          187657     264461             27152            222104              31368 41.87194  12.56738
137   Italy 2020-05-14   112846          191031     269216             27640            223096              31610 41.87194  12.56738
138   Italy 2020-05-15   114875          194465     274055             28137            223885              31763 41.87194  12.56738
139   Italy 2020-05-16   116940          197961     278982             28643            224760              31908 41.87194  12.56738
140   Italy 2020-05-17   119042          201520     283998             29158            225435              32007 41.87194  12.56738
141   Italy 2020-05-18   121182          205142     289102             29682            225886              32169 41.87194  12.56738
142   Italy 2020-05-19   123360          208830     294300             30215            226699              32330 41.87194  12.56738
143   Italy 2020-05-20   125578          212584     299590             30758            227364              32486 41.87194  12.56738
144   Italy 2020-05-21   127836          216406     304976             31311            228006              32616 41.87194  12.56738
145   Italy 2020-05-22   130134          220296     310458             31874            228658              32735 41.87194  12.56738
146   Italy 2020-05-23   132473          224256     316039             32447            229327              32785 41.87194  12.56738
147   Italy 2020-05-24   134855          228288     321721             33031            229858              32877 41.87194  12.56738
148   Italy 2020-05-25   137279          232392     327505             33624            230158              32955 41.87194  12.56738
149   Italy 2020-05-26   139746          236569     333392             34229            230555              33072 41.87194  12.56738
150   Italy 2020-05-27   142259          240822     339385             34844            231139              33142 41.87194  12.56738
151   Italy 2020-05-28   144816          245151     345486             35470            231732              33229 41.87194  12.56738
152   Italy 2020-05-29   147419          249558     351697             36108            232248              33340 41.87194  12.56738
153   Italy 2020-05-30   150069          254044     358019             36757            232664              33415 41.87194  12.56738
154   Italy 2020-05-31   152767          258611     364455             37418            233019              33475 41.87194  12.56738
155   Italy 2020-06-01   155513          263260     371007             38091            233197              33530 41.87194  12.56738
156   Italy 2020-06-02   158309          267993     377677             38775            233515              33601 41.87194  12.56738
157   Italy 2020-06-03   161155          272811     384467             39473            233836              33689 41.87194  12.56738
158   Italy 2020-06-04   164052          277715     391378             40182            234013              33774 41.87194  12.56738
159   Italy 2020-06-05   167001          282707     398413             40904            234531              33846 41.87194  12.56738
160   Italy 2020-06-06   170003          287789     405575             41640            234801              33899 41.87194  12.56738
161   Italy 2020-06-07   173060          292963     412866             42388            234998              33964 41.87194  12.56738
162   Italy 2020-06-08   176171          298230     420289             43150            235278              34043 41.87194  12.56738
163   Italy 2020-06-09   179338          303591     427844             43926            235561              34114 41.87194  12.56738
164   Italy 2020-06-10   182561          309048     435535             44716            235763              34167 41.87194  12.56738
165   Italy 2020-06-11   185843          314604     443365             45520            236142              34167 41.87194  12.56738
166   Italy 2020-06-12   189184          320260     451336             46338                NA                 NA 41.87194  12.56738
167   Italy 2020-06-13   192585          326017     459449             47171                NA                 NA 41.87194  12.56738
168   Italy 2020-06-14   196047          331878     467709             48019                NA                 NA 41.87194  12.56738
169   Italy 2020-06-15   199572          337844     476116             48882                NA                 NA 41.87194  12.56738
170   Italy 2020-06-16   203159          343917     484675             49761                NA                 NA 41.87194  12.56738
171   Italy 2020-06-17   206812          350100     493388             50655                NA                 NA 41.87194  12.56738
172   Italy 2020-06-18   210529          356393     502257             51566                NA                 NA 41.87194  12.56738

Fontes:
	OMS - https://ourworldindata.org/coronavirus-source-data
	Worldometers - https://www.worldometers.info/coronavirus