
 Italy 
Projecao:  7  dias
Gerado em:  2020-03-27 13:40:48
RMSE(%):  27.2 , BIAS(%): 6.53

Taxa de Mortalidade 10.19 %

         dias otimista casos_estimados pessimista estimativa_mortes casos_confirmados
77 2020-03-15    17122           23511      29900              2397             23980
78 2020-03-16    19197           26361      33525              2687             27980
79 2020-03-17    21523           29555      37587              3013             31506
80 2020-03-18    24132           33137      42142              3378             35713
81 2020-03-19    27056           37152      47248              3787             41035
82 2020-03-20    30334           41654      52974              4246             47021
83 2020-03-21    34010           46702      59394              4761             53578
84 2020-03-22    38132           52362      66592              5338             59138
85 2020-03-23    42753           58707      74661              5984             63927
86 2020-03-24    47933           65821      83709              6710             69176
87 2020-03-25    53742           73797      93852              7523             74386
88 2020-03-26    60255           82740     105225              8434             80539
89 2020-03-27    67557           92767     117977              9456             80589
90 2020-03-28    75743          104008     132273             10602                NA
91 2020-03-29    84922          116612     148302             11887                NA
92 2020-03-30    95213          130744     166275             13328                NA
93 2020-03-31   106751          146588     186425             14943                NA
94 2020-04-01   119687          164351     209015             16753                NA
95 2020-04-02   134191          184268     234345             18784                NA
96 2020-04-03   150453          206598     262743             21060                NA

Total de casos no mundo:  566374

Estimados a partir dos dados da OMS:
   day       date     x  xest
1    1 2019-12-30     0     4
2    2 2019-12-31     0     4
3    3 2020-01-01     0     5
4    4 2020-01-02     0     6
5    5 2020-01-03     0     6
6    6 2020-01-04     0     7
7    7 2020-01-05     0     8
8    8 2020-01-06     0     9
9    9 2020-01-07     0    10
10  10 2020-01-08     0    11
11  11 2020-01-09     0    12
12  12 2020-01-10     0    14
13  13 2020-01-11     0    16
14  14 2020-01-12     0    17
15  15 2020-01-13     0    20
16  16 2020-01-14     0    22
17  17 2020-01-15     0    25
18  18 2020-01-16     0    28
19  19 2020-01-17     0    31
20  20 2020-01-18     0    35
21  21 2020-01-19     0    39
22  22 2020-01-20     0    44
23  23 2020-01-21     0    49
24  24 2020-01-22     0    55
25  25 2020-01-23     0    61
26  26 2020-01-24     0    69
27  27 2020-01-25     0    77
28  28 2020-01-26     0    87
29  29 2020-01-27     0    97
30  30 2020-01-28     0   109
31  31 2020-01-29     0   122
32  32 2020-01-30     3   137
33  33 2020-01-31     3   153
34  34 2020-02-01     3   172
35  35 2020-02-02     3   193
36  36 2020-02-03     3   216
37  37 2020-02-04     3   242
38  38 2020-02-05     3   272
39  39 2020-02-06     3   305
40  40 2020-02-07     3   341
41  41 2020-02-08     3   383
42  42 2020-02-09     3   429
43  43 2020-02-10     3   481
44  44 2020-02-11     3   539
45  45 2020-02-12     3   605
46  46 2020-02-13     3   678
47  47 2020-02-14     3   760
48  48 2020-02-15     3   852
49  49 2020-02-16     3   956
50  50 2020-02-17     3  1072
51  51 2020-02-18     3  1201
52  52 2020-02-19     3  1347
53  53 2020-02-20     3  1510
54  54 2020-02-21    17  1693
55  55 2020-02-22    79  1898
56  56 2020-02-23   132  2129
57  57 2020-02-24   229  2386
58  58 2020-02-25   322  2676
59  59 2020-02-26   400  3000
60  60 2020-02-27   650  3363
61  61 2020-02-28   888  3771
62  62 2020-02-29  1128  4228
63  63 2020-03-01  1689  4740
64  64 2020-03-02  1835  5315
65  65 2020-03-03  2502  5959
66  66 2020-03-04  3089  6681
67  67 2020-03-05  3858  7491
68  68 2020-03-06  4636  8398
69  69 2020-03-07  5883  9416
70  70 2020-03-08  7375 10557
71  71 2020-03-09  9172 11836
72  72 2020-03-10 10149 13271
73  73 2020-03-11 12462 14879
74  74 2020-03-12 15113 16682
75  75 2020-03-13 17660 18704
76  76 2020-03-14 17750 20970
77  77 2020-03-15 23980 23511
78  78 2020-03-16 27980 26361
79  79 2020-03-17 31506 29555
80  80 2020-03-18 35713 33137
81  81 2020-03-19 41035 37152
82  82 2020-03-20 47021 41654
83  83 2020-03-21 53578 46702
84  84 2020-03-22 59138 52362
85  85 2020-03-23 63927 58707
86  86 2020-03-24 69176 65821
87  87 2020-03-25 74386 73797
88  88 2020-03-26 80539 82740
89  89 2020-03-27 80589 92767


Todos os dados gerados
         dias otimista casos_estimados pessimista estimativa_mortes casos_confirmados
1  2019-12-30        3               4          5                 0                 0
2  2019-12-31        3               4          5                 0                 0
3  2020-01-01        4               5          6                 1                 0
4  2020-01-02        4               6          8                 1                 0
5  2020-01-03        4               6          8                 1                 0
6  2020-01-04        5               7          9                 1                 0
7  2020-01-05        6               8         10                 1                 0
8  2020-01-06        7               9         11                 1                 0
9  2020-01-07        7              10         13                 1                 0
10 2020-01-08        8              11         14                 1                 0
11 2020-01-09        9              12         15                 1                 0
12 2020-01-10       10              14         18                 1                 0
13 2020-01-11       12              16         20                 2                 0
14 2020-01-12       12              17         22                 2                 0
15 2020-01-13       15              20         25                 2                 0
16 2020-01-14       16              22         28                 2                 0
17 2020-01-15       18              25         32                 3                 0
18 2020-01-16       20              28         36                 3                 0
19 2020-01-17       23              31         39                 3                 0
20 2020-01-18       25              35         45                 4                 0
21 2020-01-19       28              39         50                 4                 0
22 2020-01-20       32              44         56                 4                 0
23 2020-01-21       36              49         62                 5                 0
24 2020-01-22       40              55         70                 6                 0
25 2020-01-23       44              61         78                 6                 0
26 2020-01-24       50              69         88                 7                 0
27 2020-01-25       56              77         98                 8                 0
28 2020-01-26       63              87        111                 9                 0
29 2020-01-27       71              97        123                10                 0
30 2020-01-28       79             109        139                11                 0
31 2020-01-29       89             122        155                12                 0
32 2020-01-30      100             137        174                14                 3
33 2020-01-31      111             153        195                16                 3
34 2020-02-01      125             172        219                18                 3
35 2020-02-02      141             193        245                20                 3
36 2020-02-03      157             216        275                22                 3
37 2020-02-04      176             242        308                25                 3
38 2020-02-05      198             272        346                28                 3
39 2020-02-06      222             305        388                31                 3
40 2020-02-07      248             341        434                35                 3
41 2020-02-08      279             383        487                39                 3
42 2020-02-09      312             429        546                44                 3
43 2020-02-10      350             481        612                49                 3
44 2020-02-11      393             539        685                55                 3
45 2020-02-12      441             605        769                62                 3
46 2020-02-13      494             678        862                69                 3
47 2020-02-14      553             760        967                77                 3
48 2020-02-15      620             852       1084                87                 3
49 2020-02-16      696             956       1216                97                 3
50 2020-02-17      781            1072       1363               109                 3
51 2020-02-18      875            1201       1527               122                 3
52 2020-02-19      981            1347       1713               137                 3
53 2020-02-20     1100            1510       1920               154                 3
54 2020-02-21     1233            1693       2153               173                17
55 2020-02-22     1382            1898       2414               193                79
56 2020-02-23     1550            2129       2708               217               132
57 2020-02-24     1738            2386       3034               243               229
58 2020-02-25     1949            2676       3403               273               322
59 2020-02-26     2185            3000       3815               306               400
60 2020-02-27     2449            3363       4277               343               650
61 2020-02-28     2746            3771       4796               384               888
62 2020-02-29     3079            4228       5377               431              1128
63 2020-03-01     3452            4740       6028               483              1689
64 2020-03-02     3871            5315       6759               542              1835
65 2020-03-03     4340            5959       7578               607              2502
66 2020-03-04     4865            6681       8497               681              3089
67 2020-03-05     5455            7491       9527               764              3858
68 2020-03-06     6116            8398      10680               856              4636
69 2020-03-07     6857            9416      11975               960              5883
70 2020-03-08     7688           10557      13426              1076              7375
71 2020-03-09     8619           11836      15053              1207              9172
72 2020-03-10     9664           13271      16878              1353             10149
73 2020-03-11    10835           14879      18923              1517             12462
74 2020-03-12    12148           16682      21216              1701             15113
75 2020-03-13    13621           18704      23787              1907             17660
76 2020-03-14    15271           20970      26669              2138             17750
77 2020-03-15    17122           23511      29900              2397             23980
78 2020-03-16    19197           26361      33525              2687             27980
79 2020-03-17    21523           29555      37587              3013             31506
80 2020-03-18    24132           33137      42142              3378             35713
81 2020-03-19    27056           37152      47248              3787             41035
82 2020-03-20    30334           41654      52974              4246             47021
83 2020-03-21    34010           46702      59394              4761             53578
84 2020-03-22    38132           52362      66592              5338             59138
85 2020-03-23    42753           58707      74661              5984             63927
86 2020-03-24    47933           65821      83709              6710             69176
87 2020-03-25    53742           73797      93852              7523             74386
88 2020-03-26    60255           82740     105225              8434             80539
89 2020-03-27    67557           92767     117977              9456             80589
90 2020-03-28    75743          104008     132273             10602                NA
91 2020-03-29    84922          116612     148302             11887                NA
92 2020-03-30    95213          130744     166275             13328                NA
93 2020-03-31   106751          146588     186425             14943                NA
94 2020-04-01   119687          164351     209015             16753                NA
95 2020-04-02   134191          184268     234345             18784                NA
96 2020-04-03   150453          206598     262743             21060                NA

Fontes:
	OMS - https://ourworldindata.org/coronavirus-source-data
	Worldometers - https://www.worldometers.info/coronavirus