
 Brazil 
Projecao:  10  dias
Gerado em:  2020-10-01 14:42:08
RMSE(%):  26.8 , BIAS(%): 7.86

Taxa de Mortalidade 2.99 %

    country       dias otimista casos_estimados pessimista estimativa_mortes casos_confirmados mortes_confirmadas latitude longitude
268  Brazil 2020-09-22  3685806         5032018    6378230            150438           4591604             138977        0         0
269  Brazil 2020-09-23  3744316         5111899    6479482            152826           4624885             139808        0         0
270  Brazil 2020-09-24  3803755         5193048    6582341            155252           4657702             140537        0         0
271  Brazil 2020-09-25  3864138         5275485    6686832            157717           4689613             141406        0         0
272  Brazil 2020-09-26  3925480         5359231    6792982            160220           4717991             141741        0         0
273  Brazil 2020-09-27  3987795         5444306    6900817            162764           4732309             142058        0         0
274  Brazil 2020-09-28  4051099         5530732    7010365            165348           4745464             142921        0         0
275  Brazil 2020-09-29  4115409         5618530    7121651            167973           4777522             143952        0         0
276  Brazil 2020-09-30  4180738         5707721    7234704            170639           4810935             144103        0         0
277  Brazil 2020-10-01  4247105         5798328    7349551            173348           4820116             144103        0         0
278  Brazil 2020-10-02  4314526         5890374    7466222            176100                NA                 NA        0         0
279  Brazil 2020-10-03  4383017         5983881    7584745            178895                NA                 NA        0         0
280  Brazil 2020-10-04  4452596         6078872    7705148            181735                NA                 NA        0         0
281  Brazil 2020-10-05  4523278         6175371    7827464            184620                NA                 NA        0         0
282  Brazil 2020-10-06  4595083         6273402    7951721            187551                NA                 NA        0         0
283  Brazil 2020-10-07  4668028         6372990    8077952            190528                NA                 NA        0         0
284  Brazil 2020-10-08  4742131         6474158    8206185            193553                NA                 NA        0         0
285  Brazil 2020-10-09  4817410         6576932    8336454            196625                NA                 NA        0         0
286  Brazil 2020-10-10  4893884         6681338    8468792            199746                NA                 NA        0         0
287  Brazil 2020-10-11  4971572         6787401    8603230            202917                NA                 NA        0         0

Total de casos no mundo:  34349045 8922519 10724998 8088409 5090267 1490737 31394 721 34349045

Estimados a partir dos dados da OMS:
    day       date       x    xest
1     1 2019-12-30       0   75066
2     2 2019-12-31       0   76258
3     3 2020-01-01       0   77468
4     4 2020-01-02       0   78698
5     5 2020-01-03       0   79947
6     6 2020-01-04       0   81217
7     7 2020-01-05       0   82506
8     8 2020-01-06       0   83816
9     9 2020-01-07       0   85146
10   10 2020-01-08       0   86498
11   11 2020-01-09       0   87871
12   12 2020-01-10       0   89266
13   13 2020-01-11       0   90683
14   14 2020-01-12       0   92122
15   15 2020-01-13       0   93585
16   16 2020-01-14       0   95070
17   17 2020-01-15       0   96580
18   18 2020-01-16       0   98113
19   19 2020-01-17       0   99670
20   20 2020-01-18       0  101252
21   21 2020-01-19       0  102860
22   22 2020-01-20       0  104493
23   23 2020-01-21       0  106151
24   24 2020-01-22       0  107837
25   25 2020-01-23       0  109548
26   26 2020-01-24       0  111287
27   27 2020-01-25       0  113054
28   28 2020-01-26       0  114849
29   29 2020-01-27       0  116672
30   30 2020-01-28       0  118524
31   31 2020-01-29       0  120406
32   32 2020-01-30       0  122317
33   33 2020-01-31       0  124259
34   34 2020-02-01       0  126231
35   35 2020-02-02       0  128235
36   36 2020-02-03       0  130271
37   37 2020-02-04       0  132339
38   38 2020-02-05       0  134439
39   39 2020-02-06       0  136574
40   40 2020-02-07       0  138742
41   41 2020-02-08       0  140944
42   42 2020-02-09       0  143182
43   43 2020-02-10       0  145454
44   44 2020-02-11       0  147764
45   45 2020-02-12       0  150109
46   46 2020-02-13       0  152492
47   47 2020-02-14       0  154913
48   48 2020-02-15       0  157372
49   49 2020-02-16       0  159870
50   50 2020-02-17       0  162408
51   51 2020-02-18       0  164986
52   52 2020-02-19       0  167605
53   53 2020-02-20       0  170266
54   54 2020-02-21       0  172969
55   55 2020-02-22       0  175715
56   56 2020-02-23       0  178504
57   57 2020-02-24       0  181338
58   58 2020-02-25       1  184216
59   59 2020-02-26       1  187141
60   60 2020-02-27       1  190111
61   61 2020-02-28       1  193129
62   62 2020-02-29       2  196195
63   63 2020-03-01       2  199310
64   64 2020-03-02       2  202474
65   65 2020-03-03       2  205688
66   66 2020-03-04       3  208953
67   67 2020-03-05       8  212270
68   68 2020-03-06      13  215640
69   69 2020-03-07      13  219063
70   70 2020-03-08      25  222540
71   71 2020-03-09      25  226073
72   72 2020-03-10      34  229662
73   73 2020-03-11      52  233308
74   74 2020-03-12      77  237011
75   75 2020-03-13      98  240774
76   76 2020-03-14     121  244596
77   77 2020-03-15     200  248479
78   78 2020-03-16     234  252423
79   79 2020-03-17     291  256430
80   80 2020-03-18     428  260501
81   81 2020-03-19     621  264636
82   82 2020-03-20     904  268837
83   83 2020-03-21    1128  273105
84   84 2020-03-22    1546  277441
85   85 2020-03-23    1891  281845
86   86 2020-03-24    2201  286319
87   87 2020-03-25    2433  290864
88   88 2020-03-26    2915  295481
89   89 2020-03-27    3417  300172
90   90 2020-03-28    3904  304937
91   91 2020-03-29    4256  309778
92   92 2020-03-30    4579  314695
93   93 2020-03-31    5717  319691
94   94 2020-04-01    6836  324766
95   95 2020-04-02    7910  329922
96   96 2020-04-03    9056  335159
97   97 2020-04-04   10278  340479
98   98 2020-04-05   11130  345884
99   99 2020-04-06   12056  351375
100 100 2020-04-07   13717  356953
101 101 2020-04-08   15927  362619
102 102 2020-04-09   17857  368376
103 103 2020-04-10   19638  374224
104 104 2020-04-11   20727  380164
105 105 2020-04-12   22169  386199
106 106 2020-04-13   23430  392330
107 107 2020-04-14   25262  398558
108 108 2020-04-15   28320  404885
109 109 2020-04-16   30425  411312
110 110 2020-04-17   33682  417842
111 111 2020-04-18   36599  424475
112 112 2020-04-19   38654  431213
113 113 2020-04-20   40581  438058
114 114 2020-04-21   43079  445012
115 115 2020-04-22   45757  452077
116 116 2020-04-23   49492  459253
117 117 2020-04-24   52995  466543
118 118 2020-04-25   58509  473950
119 119 2020-04-26   61888  481473
120 120 2020-04-27   66501  489116
121 121 2020-04-28   71886  496881
122 122 2020-04-29   78162  504769
123 123 2020-04-30   85380  512782
124 124 2020-05-01   91589  520922
125 125 2020-05-02   96559  529191
126 126 2020-05-03  101147  537592
127 127 2020-05-04  107780  546126
128 128 2020-05-05  114715  554795
129 129 2020-05-06  125218  563602
130 130 2020-05-07  135106  572549
131 131 2020-05-08  145328  581638
132 132 2020-05-09  155939  590872
133 133 2020-05-10  162699  600251
134 134 2020-05-11  168331  609780
135 135 2020-05-12  177589  619460
136 136 2020-05-13  188974  629294
137 137 2020-05-14  202918  639283
138 138 2020-05-15  218223  649432
139 139 2020-05-16  233142  659741
140 140 2020-05-17  241080  670214
141 141 2020-05-18  254220  680854
142 142 2020-05-19  271628  691662
143 143 2020-05-20  291579  702642
144 144 2020-05-21  310087  713796
145 145 2020-05-22  330890  725127
146 146 2020-05-23  347398  736638
147 147 2020-05-24  363211  748332
148 148 2020-05-25  374898  760211
149 149 2020-05-26  391222  772279
150 150 2020-05-27  411821  784539
151 151 2020-05-28  438238  796993
152 152 2020-05-29  465166  809645
153 153 2020-05-30  498440  822497
154 154 2020-05-31  514849  835554
155 155 2020-06-01  526447  848818
156 156 2020-06-02  555383  862293
157 157 2020-06-03  584016  875981
158 158 2020-06-04  614932  889887
159 159 2020-06-05  645762  904013
160 160 2020-06-06  672837  918364
161 161 2020-06-07  691758  932943
162 162 2020-06-08  707412  947753
163 163 2020-06-09  739503  962798
164 164 2020-06-10  772416  978082
165 165 2020-06-11  802828  993609
166 166 2020-06-12  828810 1009382
167 167 2020-06-13  850514 1025405
168 168 2020-06-14  867624 1041683
169 169 2020-06-15  888271 1058219
170 170 2020-06-16  923189 1075018
171 171 2020-06-17  955377 1092083
172 172 2020-06-18  978142 1109419
173 173 2020-06-19 1032913 1127031
174 174 2020-06-20 1067579 1144922
175 175 2020-06-21 1085038 1163097
176 176 2020-06-22 1106470 1181561
177 177 2020-06-23 1145906 1200317
178 178 2020-06-24 1188631 1219372
179 179 2020-06-25 1228114 1238729
180 180 2020-06-26 1274974 1258393
181 181 2020-06-27 1313667 1278369
182 182 2020-06-28 1344143 1298663
183 183 2020-06-29 1368195 1319279
184 184 2020-06-30 1402041 1340222
185 185 2020-07-01 1448753 1361497
186 186 2020-07-02 1496858 1383110
187 187 2020-07-03 1539081 1405066
188 188 2020-07-04 1577004 1427371
189 189 2020-07-05 1603055 1450030
190 190 2020-07-06 1623284 1473048
191 191 2020-07-07 1668589 1496432
192 192 2020-07-08 1713160 1520187
193 193 2020-07-09 1755779 1544320
194 194 2020-07-10 1800827 1568835
195 195 2020-07-11 1839850 1593739
196 196 2020-07-12 1864681 1619039
197 197 2020-07-13 1884967 1644741
198 198 2020-07-14 1926824 1670850
199 199 2020-07-15 1966748 1697374
200 200 2020-07-16 2012151 1724319
201 201 2020-07-17 2046328 1751692
202 202 2020-07-18 2074860 1779499
203 203 2020-07-19 2098389 1807748
204 204 2020-07-20 2118646 1836445
205 205 2020-07-21 2159654 1865598
206 206 2020-07-22 2227514 1895213
207 207 2020-07-23 2287475 1925299
208 208 2020-07-24 2343366 1955862
209 209 2020-07-25 2394513 1986910
210 210 2020-07-26 2419091 2018452
211 211 2020-07-27 2442375 2050493
212 212 2020-07-28 2483191 2083044
213 213 2020-07-29 2552265 2116111
214 214 2020-07-30 2610102 2149704
215 215 2020-07-31 2662485 2183829
216 216 2020-08-01 2707877 2218496
217 217 2020-08-02 2733677 2253714
218 218 2020-08-03 2750318 2289491
219 219 2020-08-04 2801921 2325835
220 220 2020-08-05 2859073 2362757
221 221 2020-08-06 2912212 2400264
222 222 2020-08-07 2962442 2438367
223 223 2020-08-08 3012412 2477075
224 224 2020-08-09 3035422 2516398
225 225 2020-08-10 3057470 2556344
226 226 2020-08-11 3109630 2596925
227 227 2020-08-12 3164785 2638150
228 228 2020-08-13 3224876 2680029
229 229 2020-08-14 3275520 2722573
230 230 2020-08-15 3317096 2765793
231 231 2020-08-16 3340197 2809699
232 232 2020-08-17 3359570 2854301
233 233 2020-08-18 3407354 2899612
234 234 2020-08-19 3456652 2945642
235 235 2020-08-20 3501975 2992402
236 236 2020-08-21 3532330 3039905
237 237 2020-08-22 3582362 3088162
238 238 2020-08-23 3605783 3137186
239 239 2020-08-24 3622861 3186987
240 240 2020-08-25 3669995 3237579
241 241 2020-08-26 3717156 3288974
242 242 2020-08-27 3761391 3341185
243 243 2020-08-28 3804803 3394224
244 244 2020-08-29 3846153 3448106
245 245 2020-08-30 3862311 3502843
246 246 2020-08-31 3908272 3558449
247 247 2020-09-01 3950931 3614938
248 248 2020-09-02 3997865 3672323
249 249 2020-09-03 4041638 3730619
250 250 2020-09-04 4092832 3789841
251 251 2020-09-05 4123000 3850003
252 252 2020-09-06 4137521 3911120
253 253 2020-09-07 4147794 3973207
254 254 2020-09-08 4162073 4036280
255 255 2020-09-09 4197889 4100354
256 256 2020-09-10 4238446 4165445
257 257 2020-09-11 4282164 4231569
258 258 2020-09-12 4315687 4298744
259 259 2020-09-13 4330455 4366984
260 260 2020-09-14 4345610 4436308
261 261 2020-09-15 4382263 4506732
262 262 2020-09-16 4419083 4578274
263 263 2020-09-17 4455386 4650952
264 264 2020-09-18 4495183 4724784
265 265 2020-09-19 4528240 4799788
266 266 2020-09-20 4544629 4875982
267 267 2020-09-21 4558068 4953386
268 268 2020-09-22 4591604 5032018
269 269 2020-09-23 4624885 5111899
270 270 2020-09-24 4657702 5193048
271 271 2020-09-25 4689613 5275485
272 272 2020-09-26 4717991 5359231
273 273 2020-09-27 4732309 5444306
274 274 2020-09-28 4745464 5530732
275 275 2020-09-29 4777522 5618530
276 276 2020-09-30 4810935 5707721
277 277 2020-10-01 4820116 5798328

Intervalo de Confianca
          2.5%       97.5%
b  64266.96546 84525.56902
y0    61.31168    65.75963


Formula: x ~ SSexp(day, b, y0)

Parameters:
      Estimate  Std. Error t value    Pr(>|t|)    
b  1108526.835   68737.525   16.13 0.000000219 ***
y0     188.193       8.056   23.36 0.000000012 ***
---
Signif. codes:  0 ‘***’ 0.001 ‘**’ 0.01 ‘*’ 0.05 ‘.’ 0.1 ‘ ’ 1

Residual standard error: 9744 on 8 degrees of freedom

Number of iterations to convergence: 41 
Achieved convergence tolerance: 0.0000000149

Considerando os casos dos últimos 10 dias, temos:
Número de dias para dobrar:  188.2
Razao de crescimento:  1108527

Todos os dados gerados
    country       dias otimista casos_estimados pessimista estimativa_mortes casos_confirmados mortes_confirmadas latitude longitude
1    Brazil 2019-12-30    54984           75066      95148              2244                 0                  0        0         0
2    Brazil 2019-12-31    55857           76258      96659              2280                 0                  0        0         0
3    Brazil 2020-01-01    56743           77468      98193              2316                 0                  0        0         0
4    Brazil 2020-01-02    57644           78698      99752              2353                 0                  0        0         0
5    Brazil 2020-01-03    58559           79947     101335              2390                 0                  0        0         0
6    Brazil 2020-01-04    59489           81217     102945              2428                 0                  0        0         0
7    Brazil 2020-01-05    60433           82506     104579              2467                 0                  0        0         0
8    Brazil 2020-01-06    61393           83816     106239              2506                 0                  0        0         0
9    Brazil 2020-01-07    62367           85146     107925              2546                 0                  0        0         0
10   Brazil 2020-01-08    63357           86498     109639              2586                 0                  0        0         0
11   Brazil 2020-01-09    64363           87871     111379              2627                 0                  0        0         0
12   Brazil 2020-01-10    65385           89266     113147              2669                 0                  0        0         0
13   Brazil 2020-01-11    66423           90683     114943              2711                 0                  0        0         0
14   Brazil 2020-01-12    67477           92122     116767              2754                 0                  0        0         0
15   Brazil 2020-01-13    68548           93585     118622              2798                 0                  0        0         0
16   Brazil 2020-01-14    69636           95070     120504              2842                 0                  0        0         0
17   Brazil 2020-01-15    70742           96580     122418              2887                 0                  0        0         0
18   Brazil 2020-01-16    71865           98113     124361              2933                 0                  0        0         0
19   Brazil 2020-01-17    73005           99670     126335              2980                 0                  0        0         0
20   Brazil 2020-01-18    74164          101252     128340              3027                 0                  0        0         0
21   Brazil 2020-01-19    75342          102860     130378              3075                 0                  0        0         0
22   Brazil 2020-01-20    76538          104493     132448              3124                 0                  0        0         0
23   Brazil 2020-01-21    77752          106151     134550              3174                 0                  0        0         0
24   Brazil 2020-01-22    78987          107837     136687              3224                 0                  0        0         0
25   Brazil 2020-01-23    80241          109548     138855              3275                 0                  0        0         0
26   Brazil 2020-01-24    81514          111287     141060              3327                 0                  0        0         0
27   Brazil 2020-01-25    82809          113054     143299              3380                 0                  0        0         0
28   Brazil 2020-01-26    84124          114849     145574              3434                 0                  0        0         0
29   Brazil 2020-01-27    85459          116672     147885              3488                 0                  0        0         0
30   Brazil 2020-01-28    86815          118524     150233              3543                 0                  0        0         0
31   Brazil 2020-01-29    88194          120406     152618              3600                 0                  0        0         0
32   Brazil 2020-01-30    89594          122317     155040              3657                 0                  0        0         0
33   Brazil 2020-01-31    91016          124259     157502              3715                 0                  0        0         0
34   Brazil 2020-02-01    92461          126231     160001              3774                 0                  0        0         0
35   Brazil 2020-02-02    93928          128235     162542              3834                 0                  0        0         0
36   Brazil 2020-02-03    95420          130271     165122              3895                 0                  0        0         0
37   Brazil 2020-02-04    96934          132339     167744              3956                 0                  0        0         0
38   Brazil 2020-02-05    98473          134439     170405              4019                 0                  0        0         0
39   Brazil 2020-02-06   100036          136574     173112              4083                 0                  0        0         0
40   Brazil 2020-02-07   101624          138742     175860              4148                 0                  0        0         0
41   Brazil 2020-02-08   103237          140944     178651              4214                 0                  0        0         0
42   Brazil 2020-02-09   104877          143182     181487              4281                 0                  0        0         0
43   Brazil 2020-02-10   106541          145454     184367              4349                 0                  0        0         0
44   Brazil 2020-02-11   108233          147764     187295              4418                 0                  0        0         0
45   Brazil 2020-02-12   109950          150109     190268              4488                 0                  0        0         0
46   Brazil 2020-02-13   111696          152492     193288              4559                 0                  0        0         0
47   Brazil 2020-02-14   113469          154913     196357              4631                 0                  0        0         0
48   Brazil 2020-02-15   115270          157372     199474              4705                 0                  0        0         0
49   Brazil 2020-02-16   117100          159870     202640              4780                 0                  0        0         0
50   Brazil 2020-02-17   118959          162408     205857              4855                 0                  0        0         0
51   Brazil 2020-02-18   120847          164986     209125              4932                 0                  0        0         0
52   Brazil 2020-02-19   122766          167605     212444              5011                 0                  0        0         0
53   Brazil 2020-02-20   124715          170266     215817              5090                 0                  0        0         0
54   Brazil 2020-02-21   126695          172969     219243              5171                 0                  0        0         0
55   Brazil 2020-02-22   128706          175715     222724              5253                 0                  0        0         0
56   Brazil 2020-02-23   130749          178504     226259              5337                 0                  0        0         0
57   Brazil 2020-02-24   132825          181338     229851              5421                 0                  0        0         0
58   Brazil 2020-02-25   134933          184216     233499              5507                 1                  0        0         0
59   Brazil 2020-02-26   137075          187141     237207              5595                 1                  0        0         0
60   Brazil 2020-02-27   139251          190111     240971              5684                 1                  0        0         0
61   Brazil 2020-02-28   141461          193129     244797              5774                 1                  0        0         0
62   Brazil 2020-02-29   143707          196195     248683              5865                 2                  0        0         0
63   Brazil 2020-03-01   145989          199310     252631              5959                 2                  0        0         0
64   Brazil 2020-03-02   148306          202474     256642              6053                 2                  0        0         0
65   Brazil 2020-03-03   150660          205688     260716              6149                 2                  0        0         0
66   Brazil 2020-03-04   153052          208953     264854              6247                 3                  0        0         0
67   Brazil 2020-03-05   155482          212270     269058              6346                 8                  0        0         0
68   Brazil 2020-03-06   157950          215640     273330              6447                13                  0        0         0
69   Brazil 2020-03-07   160457          219063     277669              6549                13                  0        0         0
70   Brazil 2020-03-08   163004          222540     282076              6653                25                  0        0         0
71   Brazil 2020-03-09   165592          226073     286554              6759                25                  0        0         0
72   Brazil 2020-03-10   168221          229662     291103              6866                34                  0        0         0
73   Brazil 2020-03-11   170891          233308     295725              6975                52                  0        0         0
74   Brazil 2020-03-12   173604          237011     300418              7086                77                  0        0         0
75   Brazil 2020-03-13   176360          240774     305188              7198                98                  0        0         0
76   Brazil 2020-03-14   179159          244596     310033              7312               121                  0        0         0
77   Brazil 2020-03-15   182004          248479     314954              7429               200                  0        0         0
78   Brazil 2020-03-16   184892          252423     319954              7546               234                  1        0         0
79   Brazil 2020-03-17   187827          256430     325033              7666               291                  4        0         0
80   Brazil 2020-03-18   190809          260501     330193              7788               428                  6        0         0
81   Brazil 2020-03-19   193838          264636     335434              7912               621                 11        0         0
82   Brazil 2020-03-20   196915          268837     340759              8037               904                 18        0         0
83   Brazil 2020-03-21   200041          273105     346169              8165              1128                 25        0         0
84   Brazil 2020-03-22   203217          277441     351665              8294              1546                 34        0         0
85   Brazil 2020-03-23   206443          281845     357247              8426              1891                 46        0         0
86   Brazil 2020-03-24   209720          286319     362918              8560              2201                 57        0         0
87   Brazil 2020-03-25   213049          290864     368679              8696              2433                 77        0         0
88   Brazil 2020-03-26   216431          295481     374531              8834              2915                 92        0         0
89   Brazil 2020-03-27   219867          300172     380477              8974              3417                114        0         0
90   Brazil 2020-03-28   223357          304937     386517              9116              3904                136        0         0
91   Brazil 2020-03-29   226903          309778     392653              9261              4256                159        0         0
92   Brazil 2020-03-30   230505          314695     398885              9408              4579                201        0         0
93   Brazil 2020-03-31   234164          319691     405218              9558              5717                241        0         0
94   Brazil 2020-04-01   237882          324766     411650              9709              6836                299        0         0
95   Brazil 2020-04-02   241658          329922     418186              9863              7910                359        0         0
96   Brazil 2020-04-03   245494          335159     424824             10020              9056                432        0         0
97   Brazil 2020-04-04   249391          340479     431567             10179             10278                486        0         0
98   Brazil 2020-04-05   253350          345884     438418             10341             11130                553        0         0
99   Brazil 2020-04-06   257372          351375     445378             10505             12056                667        0         0
100  Brazil 2020-04-07   261458          356953     452448             10672             13717                800        0         0
101  Brazil 2020-04-08   265608          362619     459630             10841             15927                941        0         0
102  Brazil 2020-04-09   269825          368376     466927             11013             17857               1056        0         0
103  Brazil 2020-04-10   274108          374224     474340             11188             19638               1124        0         0
104  Brazil 2020-04-11   278459          380164     481869             11365             20727               1223        0         0
105  Brazil 2020-04-12   282879          386199     489519             11546             22169               1328        0         0
106  Brazil 2020-04-13   287370          392330     497290             11729             23430               1532        0         0
107  Brazil 2020-04-14   291932          398558     505184             11915             25262               1736        0         0
108  Brazil 2020-04-15   296566          404885     513204             12105             28320               1924        0         0
109  Brazil 2020-04-16   301274          411312     521350             12297             30425               2141        0         0
110  Brazil 2020-04-17   306057          417842     529627             12492             33682               2347        0         0
111  Brazil 2020-04-18   310915          424475     538035             12690             36599               2462        0         0
112  Brazil 2020-04-19   315851          431213     546575             12892             38654               2575        0         0
113  Brazil 2020-04-20   320865          438058     555251             13096             40581               2741        0         0
114  Brazil 2020-04-21   325958          445012     564066             13304             43079               2906        0         0
115  Brazil 2020-04-22   331133          452077     573021             13515             45757               3313        0         0
116  Brazil 2020-04-23   336389          459253     582117             13730             49492               3670        0         0
117  Brazil 2020-04-24   341729          466543     591357             13948             52995               4016        0         0
118  Brazil 2020-04-25   347154          473950     600746             14169             58509               4205        0         0
119  Brazil 2020-04-26   352665          481473     610281             14394             61888               4543        0         0
120  Brazil 2020-04-27   358263          489116     619969             14623             66501               5017        0         0
121  Brazil 2020-04-28   363951          496881     629811             14855             71886               5466        0         0
122  Brazil 2020-04-29   369728          504769     639810             15091             78162               5901        0         0
123  Brazil 2020-04-30   375598          512782     649966             15330             85380               6329        0         0
124  Brazil 2020-05-01   381560          520922     660284             15574             91589               6750        0         0
125  Brazil 2020-05-02   387617          529191     670765             15821             96559               7025        0         0
126  Brazil 2020-05-03   393770          537592     681414             16072            101147               7321        0         0
127  Brazil 2020-05-04   400021          546126     692231             16327            107780               7921        0         0
128  Brazil 2020-05-05   406371          554795     703219             16586            114715               8536        0         0
129  Brazil 2020-05-06   412822          563602     714382             16850            125218               9146        0         0
130  Brazil 2020-05-07   419375          572549     725723             17117            135106               9897        0         0
131  Brazil 2020-05-08   426033          581638     737243             17389            145328              10627        0         0
132  Brazil 2020-05-09   432796          590872     748948             17665            155939              11123        0         0
133  Brazil 2020-05-10   439666          600251     760836             17945            162699              11519        0         0
134  Brazil 2020-05-11   446646          609780     772914             18230            168331              12400        0         0
135  Brazil 2020-05-12   453736          619460     785184             18519            177589              13149        0         0
136  Brazil 2020-05-13   460939          629294     797649             18813            188974              13993        0         0
137  Brazil 2020-05-14   468256          639283     810310             19112            202918              14817        0         0
138  Brazil 2020-05-15   475690          649432     823174             19416            218223              15633        0         0
139  Brazil 2020-05-16   483241          659741     836241             19724            233142              16118        0         0
140  Brazil 2020-05-17   490912          670214     849516             20037            241080              16792        0         0
141  Brazil 2020-05-18   498706          680854     863002             20355            254220              17971        0         0
142  Brazil 2020-05-19   506622          691662     876702             20678            271628              18859        0         0
143  Brazil 2020-05-20   514665          702642     890619             21006            291579              20047        0         0
144  Brazil 2020-05-21   522835          713796     904757             21340            310087              21048        0         0
145  Brazil 2020-05-22   531134          725127     919120             21679            330890              22013        0         0
146  Brazil 2020-05-23   539566          736638     933710             22023            347398              22666        0         0
147  Brazil 2020-05-24   548131          748332     948533             22372            363211              23473        0         0
148  Brazil 2020-05-25   556832          760211     963590             22727            374898              24512        0         0
149  Brazil 2020-05-26   565672          772279     978886             23088            391222              25598        0         0
150  Brazil 2020-05-27   574652          784539     994426             23455            411821              26754        0         0
151  Brazil 2020-05-28   583774          796993    1010212             23827            438238              27878        0         0
152  Brazil 2020-05-29   593041          809645    1026249             24205            465166              28834        0         0
153  Brazil 2020-05-30   602455          822497    1042539             24590            498440              29314        0         0
154  Brazil 2020-05-31   612019          835554    1059089             24980            514849              29937        0         0
155  Brazil 2020-06-01   621734          848818    1075902             25376            526447              31199        0         0
156  Brazil 2020-06-02   631604          862293    1092982             25779            555383              32548        0         0
157  Brazil 2020-06-03   641630          875981    1110332             26188            584016              34021        0         0
158  Brazil 2020-06-04   651816          889887    1127958             26604            614932              35026        0         0
159  Brazil 2020-06-05   662163          904013    1145863             27027            645762              35930        0         0
160  Brazil 2020-06-06   672675          918364    1164053             27456            672837              36455        0         0
161  Brazil 2020-06-07   683353          932943    1182533             27891            691758              37134        0         0
162  Brazil 2020-06-08   694201          947753    1201305             28334            707412              38406        0         0
163  Brazil 2020-06-09   705221          962798    1220375             28784            739503              39680        0         0
164  Brazil 2020-06-10   716416          978082    1239748             29241            772416              40919        0         0
165  Brazil 2020-06-11   727789          993609    1259429             29705            802828              41828        0         0
166  Brazil 2020-06-12   739343         1009382    1279421             30177            828810              42720        0         0
167  Brazil 2020-06-13   751079         1025405    1299731             30656            850514              43332        0         0
168  Brazil 2020-06-14   763002         1041683    1320364             31142            867624              43959        0         0
169  Brazil 2020-06-15   775114         1058219    1341324             31637            888271              45241        0         0
170  Brazil 2020-06-16   787419         1075018    1362617             32139            923189              46510        0         0
171  Brazil 2020-06-17   799919         1092083    1384247             32649            955377              47748        0         0
172  Brazil 2020-06-18   812617         1109419    1406221             33167            978142              48954        0         0
173  Brazil 2020-06-19   825517         1127031    1428545             33694           1032913              49976        0         0
174  Brazil 2020-06-20   838622         1144922    1451222             34229           1067579              50617        0         0
175  Brazil 2020-06-21   851934         1163097    1474260             34772           1085038              51271        0         0
176  Brazil 2020-06-22   865459         1181561    1497663             35324           1106470              52645        0         0
177  Brazil 2020-06-23   879197         1200317    1521437             35885           1145906              53830        0         0
178  Brazil 2020-06-24   893154         1219372    1545590             36455           1188631              54971        0         0
179  Brazil 2020-06-25   907333         1238729    1570125             37033           1228114              55961        0         0
180  Brazil 2020-06-26   921736         1258393    1595050             37621           1274974              57070        0         0
181  Brazil 2020-06-27   936368         1278369    1620370             38218           1313667              57622        0         0
182  Brazil 2020-06-28   951233         1298663    1646093             38825           1344143              58314        0         0
183  Brazil 2020-06-29   966333         1319279    1672225             39441           1368195              59594        0         0
184  Brazil 2020-06-30   981673         1340222    1698771             40068           1402041              60632        0         0
185  Brazil 2020-07-01   997257         1361497    1725737             40704           1448753              61884        0         0
186  Brazil 2020-07-02  1013088         1383110    1753132             41350           1496858              63174        0         0
187  Brazil 2020-07-03  1029170         1405066    1780962             42006           1539081              64265        0         0
188  Brazil 2020-07-04  1045507         1427371    1809235             42673           1577004              64867        0         0
189  Brazil 2020-07-05  1062104         1450030    1837956             43350           1603055              65487        0         0
190  Brazil 2020-07-06  1078964         1473048    1867132             44038           1623284              66741        0         0
191  Brazil 2020-07-07  1096093         1496432    1896771             44738           1668589              67964        0         0
192  Brazil 2020-07-08  1113492         1520187    1926882             45448           1713160              69184        0         0
193  Brazil 2020-07-09  1131169         1544320    1957471             46169           1755779              70398        0         0
194  Brazil 2020-07-10  1149126         1568835    1988544             46902           1800827              71469        0         0
195  Brazil 2020-07-11  1167367         1593739    2020111             47647           1839850              72100        0         0
196  Brazil 2020-07-12  1185899         1619039    2052179             48403           1864681              72833        0         0
197  Brazil 2020-07-13  1204725         1644741    2084757             49171           1884967              74133        0         0
198  Brazil 2020-07-14  1223849         1670850    2117851             49952           1926824              75366        0         0
199  Brazil 2020-07-15  1243277         1697374    2151471             50745           1966748              76688        0         0
200  Brazil 2020-07-16  1263013         1724319    2185625             51551           2012151              77851        0         0
201  Brazil 2020-07-17  1283063         1751692    2220321             52369           2046328              78772        0         0
202  Brazil 2020-07-18  1303431         1779499    2255567             53200           2074860              79488        0         0
203  Brazil 2020-07-19  1324122         1807748    2291374             54045           2098389              80120        0         0
204  Brazil 2020-07-20  1345142         1836445    2327748             54903           2118646              81487        0         0
205  Brazil 2020-07-21  1366496         1865598    2364700             55774           2159654              82771        0         0
206  Brazil 2020-07-22  1388188         1895213    2402238             56660           2227514              84082        0         0
207  Brazil 2020-07-23  1410225         1925299    2440373             57559           2287475              85238        0         0
208  Brazil 2020-07-24  1432612         1955862    2479112             58473           2343366              86449        0         0
209  Brazil 2020-07-25  1455353         1986910    2518467             59401           2394513              87004        0         0
210  Brazil 2020-07-26  1478457         2018452    2558447             60344           2419091              87618        0         0
211  Brazil 2020-07-27  1501926         2050493    2599060             61302           2442375              88539        0         0
212  Brazil 2020-07-28  1525769         2083044    2640319             62275           2483191              90134        0         0
213  Brazil 2020-07-29  1549989         2116111    2682233             63264           2552265              91263        0         0
214  Brazil 2020-07-30  1574595         2149704    2724813             64268           2610102              92475        0         0
215  Brazil 2020-07-31  1599591         2183829    2768067             65288           2662485              93563        0         0
216  Brazil 2020-08-01  1624983         2218496    2812009             66325           2707877              94104        0         0
217  Brazil 2020-08-02  1650779         2253714    2856649             67377           2733677              94665        0         0
218  Brazil 2020-08-03  1676985         2289491    2901997             68447           2750318              95819        0         0
219  Brazil 2020-08-04  1703606         2325835    2948064             69534           2801921              97256        0         0
220  Brazil 2020-08-05  1730650         2362757    2994864             70637           2859073              98493        0         0
221  Brazil 2020-08-06  1758123         2400264    3042405             71759           2912212              99572        0         0
222  Brazil 2020-08-07  1786032         2438367    3090702             72898           2962442             100477        0         0
223  Brazil 2020-08-08  1814385         2477075    3139765             74055           3012412             101049        0         0
224  Brazil 2020-08-09  1843188         2516398    3189608             75231           3035422             101752        0         0
225  Brazil 2020-08-10  1872447         2556344    3240241             76425           3057470             103026        0         0
226  Brazil 2020-08-11  1902171         2596925    3291679             77638           3109630             104201        0         0
227  Brazil 2020-08-12  1932368         2638150    3343932             78871           3164785             105463        0         0
228  Brazil 2020-08-13  1963043         2680029    3397015             80123           3224876             106523        0         0
229  Brazil 2020-08-14  1994205         2722573    3450941             81395           3275520             107232        0         0
230  Brazil 2020-08-15  2025862         2765793    3505724             82687           3317096             107852        0         0
231  Brazil 2020-08-16  2058022         2809699    3561376             83999           3340197             108536        0         0
232  Brazil 2020-08-17  2090692         2854301    3617910             85333           3359570             109888        0         0
233  Brazil 2020-08-18  2123881         2899612    3675343             86687           3407354             111100        0         0
234  Brazil 2020-08-19  2157596         2945642    3733688             88063           3456652             112304        0         0
235  Brazil 2020-08-20  2191847         2992402    3792957             89461           3501975             113358        0         0
236  Brazil 2020-08-21  2226641         3039905    3853169             90882           3532330             114250        0         0
237  Brazil 2020-08-22  2261988         3088162    3914336             92324           3582362             114744        0         0
238  Brazil 2020-08-23  2297897         3137186    3976475             93790           3605783             115309        0         0
239  Brazil 2020-08-24  2334375         3186987    4039599             95279           3622861             116580        0         0
240  Brazil 2020-08-25  2371432         3237579    4103726             96791           3669995             117665        0         0
241  Brazil 2020-08-26  2409077         3288974    4168871             98328           3717156             118649        0         0
242  Brazil 2020-08-27  2447320         3341185    4235050             99889           3761391             119504        0         0
243  Brazil 2020-08-28  2486170         3394224    4302278            101474           3804803             120462        0         0
244  Brazil 2020-08-29  2525637         3448106    4370575            103085           3846153             120828        0         0
245  Brazil 2020-08-30  2565730         3502843    4439956            104722           3862311             121381        0         0
246  Brazil 2020-08-31  2606460         3558449    4510438            106384           3908272             122596        0         0
247  Brazil 2020-09-01  2647836         3614938    4582040            108073           3950931             123780        0         0
248  Brazil 2020-09-02  2689869         3672323    4654777            109788           3997865             124614        0         0
249  Brazil 2020-09-03  2732569         3730619    4728669            111531           4041638             125521        0         0
250  Brazil 2020-09-04  2775947         3789841    4803735            113302           4092832             126203        0         0
251  Brazil 2020-09-05  2820014         3850003    4879992            115100           4123000             126650        0         0
252  Brazil 2020-09-06  2864781         3911120    4957459            116928           4137521             126960        0         0
253  Brazil 2020-09-07  2910258         3973207    5036156            118784           4147794             127464        0         0
254  Brazil 2020-09-08  2956457         4036280    5116103            120669           4162073             128539        0         0
255  Brazil 2020-09-09  3003389         4100354    5197319            122585           4197889             129522        0         0
256  Brazil 2020-09-10  3051066         4165445    5279824            124531           4238446             130396        0         0
257  Brazil 2020-09-11  3099500         4231569    5363638            126508           4282164             131210        0         0
258  Brazil 2020-09-12  3148704         4298744    5448784            128516           4315687             131625        0         0
259  Brazil 2020-09-13  3198688         4366984    5535280            130556           4330455             132006        0         0
260  Brazil 2020-09-14  3249466         4436308    5623150            132629           4345610             133119        0         0
261  Brazil 2020-09-15  3301049         4506732    5712415            134734           4382263             134106        0         0
262  Brazil 2020-09-16  3353451         4578274    5803097            136873           4419083             134935        0         0
263  Brazil 2020-09-17  3406686         4650952    5895218            139046           4455386             135793        0         0
264  Brazil 2020-09-18  3460766         4724784    5988802            141253           4495183             136532        0         0
265  Brazil 2020-09-19  3515704         4799788    6083872            143495           4528240             136895        0         0
266  Brazil 2020-09-20  3571514         4875982    6180450            145773           4544629             137272        0         0
267  Brazil 2020-09-21  3628210         4953386    6278562            148087           4558068             138108        0         0
268  Brazil 2020-09-22  3685806         5032018    6378230            150438           4591604             138977        0         0
269  Brazil 2020-09-23  3744316         5111899    6479482            152826           4624885             139808        0         0
270  Brazil 2020-09-24  3803755         5193048    6582341            155252           4657702             140537        0         0
271  Brazil 2020-09-25  3864138         5275485    6686832            157717           4689613             141406        0         0
272  Brazil 2020-09-26  3925480         5359231    6792982            160220           4717991             141741        0         0
273  Brazil 2020-09-27  3987795         5444306    6900817            162764           4732309             142058        0         0
274  Brazil 2020-09-28  4051099         5530732    7010365            165348           4745464             142921        0         0
275  Brazil 2020-09-29  4115409         5618530    7121651            167973           4777522             143952        0         0
276  Brazil 2020-09-30  4180738         5707721    7234704            170639           4810935             144103        0         0
277  Brazil 2020-10-01  4247105         5798328    7349551            173348           4820116             144103        0         0
278  Brazil 2020-10-02  4314526         5890374    7466222            176100                NA                 NA        0         0
279  Brazil 2020-10-03  4383017         5983881    7584745            178895                NA                 NA        0         0
280  Brazil 2020-10-04  4452596         6078872    7705148            181735                NA                 NA        0         0
281  Brazil 2020-10-05  4523278         6175371    7827464            184620                NA                 NA        0         0
282  Brazil 2020-10-06  4595083         6273402    7951721            187551                NA                 NA        0         0
283  Brazil 2020-10-07  4668028         6372990    8077952            190528                NA                 NA        0         0
284  Brazil 2020-10-08  4742131         6474158    8206185            193553                NA                 NA        0         0
285  Brazil 2020-10-09  4817410         6576932    8336454            196625                NA                 NA        0         0
286  Brazil 2020-10-10  4893884         6681338    8468792            199746                NA                 NA        0         0
287  Brazil 2020-10-11  4971572         6787401    8603230            202917                NA                 NA        0         0

Fontes:
	OMS - https://ourworldindata.org/coronavirus-source-data
	Worldometers - https://www.worldometers.info/coronavirus