
 Italy 
Projecao:  7  dias
Gerado em:  2020-03-21 23:50:36
RMSE(%):  14.1 , BIAS(%): 3.96

Taxa de Mortalidade 9.01 %

         dias otimista casos_estimados pessimista estimativa_mortes casos_confirmados
71 2020-03-09     7681            8943      10205               805              9172
72 2020-03-10     8942           10411      11880               938             10149
73 2020-03-11    10409           12119      13829              1091             12462
74 2020-03-12    12118           14108      16098              1271             15113
75 2020-03-13    14106           16423      18740              1479             17660
76 2020-03-14    16421           19118      21815              1722             17750
77 2020-03-15    19116           22256      25396              2004             23980
78 2020-03-16    22253           25908      29563              2333             27980
79 2020-03-17    25905           30160      34415              2716             31506
80 2020-03-18    30156           35109      40062              3162             35713
81 2020-03-19    35105           40871      46637              3681             41035
82 2020-03-20    40865           47578      54291              4285             47021
83 2020-03-21    47572           55386      63200              4988             53578
84 2020-03-22    55379           64475      73571              5806                NA
85 2020-03-23    64467           75056      85645              6759                NA
86 2020-03-24    75046           87373      99700              7868                NA
87 2020-03-25    87361          101711     116061              9160                NA
88 2020-03-26   101698          118403     135108             10663                NA
89 2020-03-27   118388          137834     157280             12413                NA
90 2020-03-28   137815          160453     183091             14450                NA


Estimados a partir dos dados da OMS:
   day       date     x  xest
1    1 2019-12-30     0     0
2    2 2019-12-31     0     0
3    3 2020-01-01     0     0
4    4 2020-01-02     0     0
5    5 2020-01-03     0     0
6    6 2020-01-04     0     0
7    7 2020-01-05     0     1
8    8 2020-01-06     0     1
9    9 2020-01-07     0     1
10  10 2020-01-08     0     1
11  11 2020-01-09     0     1
12  12 2020-01-10     0     1
13  13 2020-01-11     0     1
14  14 2020-01-12     0     2
15  15 2020-01-13     0     2
16  16 2020-01-14     0     2
17  17 2020-01-15     0     2
18  18 2020-01-16     0     3
19  19 2020-01-17     0     3
20  20 2020-01-18     0     4
21  21 2020-01-19     0     4
22  22 2020-01-20     0     5
23  23 2020-01-21     0     6
24  24 2020-01-22     0     7
25  25 2020-01-23     0     8
26  26 2020-01-24     0    10
27  27 2020-01-25     0    11
28  28 2020-01-26     0    13
29  29 2020-01-27     0    15
30  30 2020-01-28     0    18
31  31 2020-01-29     0    21
32  32 2020-01-30     3    24
33  33 2020-01-31     3    28
34  34 2020-02-01     3    32
35  35 2020-02-02     3    38
36  36 2020-02-03     3    44
37  37 2020-02-04     3    51
38  38 2020-02-05     3    59
39  39 2020-02-06     3    69
40  40 2020-02-07     3    80
41  41 2020-02-08     3    94
42  42 2020-02-09     3   109
43  43 2020-02-10     3   127
44  44 2020-02-11     3   148
45  45 2020-02-12     3   172
46  46 2020-02-13     3   200
47  47 2020-02-14     3   233
48  48 2020-02-15     3   271
49  49 2020-02-16     3   316
50  50 2020-02-17     3   368
51  51 2020-02-18     3   428
52  52 2020-02-19     3   498
53  53 2020-02-20     3   580
54  54 2020-02-21    17   675
55  55 2020-02-22    79   786
56  56 2020-02-23   132   915
57  57 2020-02-24   229  1066
58  58 2020-02-25   322  1240
59  59 2020-02-26   400  1444
60  60 2020-02-27   650  1681
61  61 2020-02-28   888  1957
62  62 2020-02-29  1128  2278
63  63 2020-03-01  1689  2652
64  64 2020-03-02  1835  3087
65  65 2020-03-03  2502  3594
66  66 2020-03-04  3089  4183
67  67 2020-03-05  3858  4870
68  68 2020-03-06  4636  5669
69  69 2020-03-07  5883  6599
70  70 2020-03-08  7375  7682
71  71 2020-03-09  9172  8943
72  72 2020-03-10 10149 10411
73  73 2020-03-11 12462 12119
74  74 2020-03-12 15113 14108
75  75 2020-03-13 17660 16423
76  76 2020-03-14 17750 19118
77  77 2020-03-15 23980 22256
78  78 2020-03-16 27980 25908
79  79 2020-03-17 31506 30160
80  80 2020-03-18 35713 35109
81  81 2020-03-19 41035 40871
82  82 2020-03-20 47021 47578
83  83 2020-03-21 53578 55386


Todos os dados gerados
         dias otimista casos_estimados pessimista estimativa_mortes casos_confirmados
1  2019-12-30        0               0          0                 0                 0
2  2019-12-31        0               0          0                 0                 0
3  2020-01-01        0               0          0                 0                 0
4  2020-01-02        0               0          0                 0                 0
5  2020-01-03        0               0          0                 0                 0
6  2020-01-04        0               0          0                 0                 0
7  2020-01-05        1               1          1                 0                 0
8  2020-01-06        1               1          1                 0                 0
9  2020-01-07        1               1          1                 0                 0
10 2020-01-08        1               1          1                 0                 0
11 2020-01-09        1               1          1                 0                 0
12 2020-01-10        1               1          1                 0                 0
13 2020-01-11        1               1          1                 0                 0
14 2020-01-12        2               2          2                 0                 0
15 2020-01-13        2               2          2                 0                 0
16 2020-01-14        2               2          2                 0                 0
17 2020-01-15        2               2          2                 0                 0
18 2020-01-16        3               3          3                 0                 0
19 2020-01-17        3               3          3                 0                 0
20 2020-01-18        3               4          5                 0                 0
21 2020-01-19        3               4          5                 0                 0
22 2020-01-20        4               5          6                 0                 0
23 2020-01-21        5               6          7                 1                 0
24 2020-01-22        6               7          8                 1                 0
25 2020-01-23        7               8          9                 1                 0
26 2020-01-24        9              10         11                 1                 0
27 2020-01-25        9              11         13                 1                 0
28 2020-01-26       11              13         15                 1                 0
29 2020-01-27       13              15         17                 1                 0
30 2020-01-28       15              18         21                 2                 0
31 2020-01-29       18              21         24                 2                 0
32 2020-01-30       21              24         27                 2                 3
33 2020-01-31       24              28         32                 3                 3
34 2020-02-01       27              32         37                 3                 3
35 2020-02-02       33              38         43                 3                 3
36 2020-02-03       38              44         50                 4                 3
37 2020-02-04       44              51         58                 5                 3
38 2020-02-05       51              59         67                 5                 3
39 2020-02-06       59              69         79                 6                 3
40 2020-02-07       69              80         91                 7                 3
41 2020-02-08       81              94        107                 8                 3
42 2020-02-09       94             109        124                10                 3
43 2020-02-10      109             127        145                11                 3
44 2020-02-11      127             148        169                13                 3
45 2020-02-12      148             172        196                15                 3
46 2020-02-13      172             200        228                18                 3
47 2020-02-14      200             233        266                21                 3
48 2020-02-15      233             271        309                24                 3
49 2020-02-16      271             316        361                28                 3
50 2020-02-17      316             368        420                33                 3
51 2020-02-18      368             428        488                39                 3
52 2020-02-19      428             498        568                45                 3
53 2020-02-20      498             580        662                52                 3
54 2020-02-21      580             675        770                61                17
55 2020-02-22      675             786        897                71                79
56 2020-02-23      786             915       1044                82               132
57 2020-02-24      916            1066       1216                96               229
58 2020-02-25     1065            1240       1415               112               322
59 2020-02-26     1240            1444       1648               130               400
60 2020-02-27     1444            1681       1918               151               650
61 2020-02-28     1681            1957       2233               176               888
62 2020-02-29     1957            2278       2599               205              1128
63 2020-03-01     2278            2652       3026               239              1689
64 2020-03-02     2651            3087       3523               278              1835
65 2020-03-03     3087            3594       4101               324              2502
66 2020-03-04     3593            4183       4773               377              3089
67 2020-03-05     4183            4870       5557               439              3858
68 2020-03-06     4869            5669       6469               511              4636
69 2020-03-07     5668            6599       7530               594              5883
70 2020-03-08     6598            7682       8766               692              7375
71 2020-03-09     7681            8943      10205               805              9172
72 2020-03-10     8942           10411      11880               938             10149
73 2020-03-11    10409           12119      13829              1091             12462
74 2020-03-12    12118           14108      16098              1271             15113
75 2020-03-13    14106           16423      18740              1479             17660
76 2020-03-14    16421           19118      21815              1722             17750
77 2020-03-15    19116           22256      25396              2004             23980
78 2020-03-16    22253           25908      29563              2333             27980
79 2020-03-17    25905           30160      34415              2716             31506
80 2020-03-18    30156           35109      40062              3162             35713
81 2020-03-19    35105           40871      46637              3681             41035
82 2020-03-20    40865           47578      54291              4285             47021
83 2020-03-21    47572           55386      63200              4988             53578
84 2020-03-22    55379           64475      73571              5806                NA
85 2020-03-23    64467           75056      85645              6759                NA
86 2020-03-24    75046           87373      99700              7868                NA
87 2020-03-25    87361          101711     116061              9160                NA
88 2020-03-26   101698          118403     135108             10663                NA
89 2020-03-27   118388          137834     157280             12413                NA
90 2020-03-28   137815          160453     183091             14450                NA

Fontes:
	OMS - https://ourworldindata.org/coronavirus-source-data
	Worldometers - https://www.worldometers.info/coronavirus