
 Brazil 
Projecao:  7  dias
Gerado em:  2020-05-29 20:29:19
RMSE(%):  10.3 , BIAS(%): 3.7

Taxa de Mortalidade 5.99 %

    country       dias otimista casos_estimados pessimista estimativa_mortes casos_confirmados mortes_confirmadas latitude longitude
140  Brazil 2020-05-17   210624          234840     259056             14066            241080              16792        0         0
141  Brazil 2020-05-18   223615          249325     275035             14933            254220              17971        0         0
142  Brazil 2020-05-19   237407          264703     291999             15854            271628              18859        0         0
143  Brazil 2020-05-20   252051          281030     310009             16832            291579              20047        0         0
144  Brazil 2020-05-21   267598          298365     329132             17871            310087              21048        0         0
145  Brazil 2020-05-22   284104          316768     349432             18973            330890              22013        0         0
146  Brazil 2020-05-23   301628          336307     370986             20143            347398              22666        0         0
147  Brazil 2020-05-24   320232          357050     393868             21385            363211              23473        0         0
148  Brazil 2020-05-25   339984          379073     418162             22705            374898              24512        0         0
149  Brazil 2020-05-26   360955          402455     443955             24105            391222              25598        0         0
150  Brazil 2020-05-27   383219          427279     471339             25592            411821              26754        0         0
151  Brazil 2020-05-28   406856          453634     500412             27170            438238              27923        0         0
152  Brazil 2020-05-29   431951          481614     531277             28846            466200              27923        0         0
153  Brazil 2020-05-30   458595          511321     564047             30626                NA                 NA        0         0
154  Brazil 2020-05-31   486881          542859     598837             32514                NA                 NA        0         0
155  Brazil 2020-06-01   516912          576343     635774             34520                NA                 NA        0         0
156  Brazil 2020-06-02   548796          611893     674990             36649                NA                 NA        0         0
157  Brazil 2020-06-03   582646          649635     716624             38910                NA                 NA        0         0
158  Brazil 2020-06-04   618584          689705     760826             41310                NA                 NA        0         0
159  Brazil 2020-06-05   656740          732247     807754             43858                NA                 NA        0         0

Total de casos no mundo:  6023032 2010862 797868 1986891 1080434 137474 8782 721 6023032

Estimados a partir dos dados da OMS:
    day       date      x   xest
1     1 2019-12-30      0     57
2     2 2019-12-31      0     61
3     3 2020-01-01      0     65
4     4 2020-01-02      0     68
5     5 2020-01-03      0     73
6     6 2020-01-04      0     77
7     7 2020-01-05      0     82
8     8 2020-01-06      0     87
9     9 2020-01-07      0     92
10   10 2020-01-08      0     98
11   11 2020-01-09      0    104
12   12 2020-01-10      0    111
13   13 2020-01-11      0    117
14   14 2020-01-12      0    125
15   15 2020-01-13      0    132
16   16 2020-01-14      0    140
17   17 2020-01-15      0    149
18   18 2020-01-16      0    158
19   19 2020-01-17      0    168
20   20 2020-01-18      0    178
21   21 2020-01-19      0    189
22   22 2020-01-20      0    201
23   23 2020-01-21      0    214
24   24 2020-01-22      0    227
25   25 2020-01-23      0    241
26   26 2020-01-24      0    256
27   27 2020-01-25      0    271
28   28 2020-01-26      0    288
29   29 2020-01-27      0    306
30   30 2020-01-28      0    325
31   31 2020-01-29      0    345
32   32 2020-01-30      0    366
33   33 2020-01-31      0    389
34   34 2020-02-01      0    412
35   35 2020-02-02      0    438
36   36 2020-02-03      0    465
37   37 2020-02-04      0    494
38   38 2020-02-05      0    524
39   39 2020-02-06      0    556
40   40 2020-02-07      0    591
41   41 2020-02-08      0    627
42   42 2020-02-09      0    666
43   43 2020-02-10      0    707
44   44 2020-02-11      0    750
45   45 2020-02-12      0    797
46   46 2020-02-13      0    846
47   47 2020-02-14      0    898
48   48 2020-02-15      0    954
49   49 2020-02-16      0   1012
50   50 2020-02-17      0   1075
51   51 2020-02-18      0   1141
52   52 2020-02-19      0   1211
53   53 2020-02-20      0   1286
54   54 2020-02-21      0   1365
55   55 2020-02-22      0   1450
56   56 2020-02-23      0   1539
57   57 2020-02-24      0   1634
58   58 2020-02-25      1   1735
59   59 2020-02-26      1   1842
60   60 2020-02-27      1   1955
61   61 2020-02-28      1   2076
62   62 2020-02-29      2   2204
63   63 2020-03-01      2   2340
64   64 2020-03-02      2   2484
65   65 2020-03-03      2   2638
66   66 2020-03-04      3   2800
67   67 2020-03-05      8   2973
68   68 2020-03-06     13   3156
69   69 2020-03-07     13   3351
70   70 2020-03-08     25   3558
71   71 2020-03-09     25   3777
72   72 2020-03-10     34   4010
73   73 2020-03-11     52   4258
74   74 2020-03-12     77   4520
75   75 2020-03-13     98   4799
76   76 2020-03-14    121   5095
77   77 2020-03-15    200   5409
78   78 2020-03-16    234   5743
79   79 2020-03-17    291   6097
80   80 2020-03-18    428   6473
81   81 2020-03-19    621   6873
82   82 2020-03-20    904   7297
83   83 2020-03-21   1128   7747
84   84 2020-03-22   1546   8224
85   85 2020-03-23   1891   8732
86   86 2020-03-24   2201   9270
87   87 2020-03-25   2433   9842
88   88 2020-03-26   2915  10449
89   89 2020-03-27   3417  11094
90   90 2020-03-28   3904  11778
91   91 2020-03-29   4256  12504
92   92 2020-03-30   4579  13276
93   93 2020-03-31   5717  14095
94   94 2020-04-01   6836  14964
95   95 2020-04-02   7910  15887
96   96 2020-04-03   9056  16867
97   97 2020-04-04  10278  17907
98   98 2020-04-05  11130  19012
99   99 2020-04-06  12056  20184
100 100 2020-04-07  13717  21429
101 101 2020-04-08  15927  22751
102 102 2020-04-09  17857  24155
103 103 2020-04-10  19638  25644
104 104 2020-04-11  20727  27226
105 105 2020-04-12  22169  28906
106 106 2020-04-13  23430  30688
107 107 2020-04-14  25262  32581
108 108 2020-04-15  28320  34591
109 109 2020-04-16  30425  36725
110 110 2020-04-17  33682  38990
111 111 2020-04-18  36599  41395
112 112 2020-04-19  38654  43948
113 113 2020-04-20  40581  46659
114 114 2020-04-21  43079  49537
115 115 2020-04-22  45757  52592
116 116 2020-04-23  49492  55836
117 117 2020-04-24  52995  59280
118 118 2020-04-25  58509  62937
119 119 2020-04-26  61888  66819
120 120 2020-04-27  66501  70940
121 121 2020-04-28  71886  75316
122 122 2020-04-29  78162  79961
123 123 2020-04-30  85380  84893
124 124 2020-05-01  91589  90130
125 125 2020-05-02  96559  95689
126 126 2020-05-03 101147 101591
127 127 2020-05-04 107780 107857
128 128 2020-05-05 114715 114510
129 129 2020-05-06 125218 121573
130 130 2020-05-07 135106 129072
131 131 2020-05-08 145328 137033
132 132 2020-05-09 155939 145485
133 133 2020-05-10 162699 154459
134 134 2020-05-11 168331 163986
135 135 2020-05-12 177589 174101
136 136 2020-05-13 188974 184840
137 137 2020-05-14 202918 196241
138 138 2020-05-15 218223 208345
139 139 2020-05-16 233142 221196
140 140 2020-05-17 241080 234840
141 141 2020-05-18 254220 249325
142 142 2020-05-19 271628 264703
143 143 2020-05-20 291579 281030
144 144 2020-05-21 310087 298365
145 145 2020-05-22 330890 316768
146 146 2020-05-23 347398 336307
147 147 2020-05-24 363211 357050
148 148 2020-05-25 374898 379073
149 149 2020-05-26 391222 402455
150 150 2020-05-27 411821 427279
151 151 2020-05-28 438238 453634
152 152 2020-05-29 466200 481614

Intervalo de Confianca
       2.5%    97.5%
b  47.53398 61.00694
y0 16.46803 16.95044


Formula: x ~ SSexp(day, b, y0)

Parameters:
   Estimate Std. Error t value       Pr(>|t|)    
b  254.6669    53.7570   4.737        0.00147 ** 
y0  20.2662     0.5845  34.673 0.000000000524 ***
---
Signif. codes:  0 ‘***’ 0.001 ‘**’ 0.01 ‘*’ 0.05 ‘.’ 0.1 ‘ ’ 1

Residual standard error: 4747 on 8 degrees of freedom

Number of iterations to convergence: 21 
Achieved convergence tolerance: 0.0000000149

Considerando os casos dos últimos 10 dias, temos:
Número de dias para dobrar:  20.3
Razao de crescimento:  254.67

Todos os dados gerados
    country       dias otimista casos_estimados pessimista estimativa_mortes casos_confirmados mortes_confirmadas latitude longitude
1    Brazil 2019-12-30       51              57         63                 3                 0                  0        0         0
2    Brazil 2019-12-31       55              61         67                 4                 0                  0        0         0
3    Brazil 2020-01-01       58              65         72                 4                 0                  0        0         0
4    Brazil 2020-01-02       61              68         75                 4                 0                  0        0         0
5    Brazil 2020-01-03       65              73         81                 4                 0                  0        0         0
6    Brazil 2020-01-04       69              77         85                 5                 0                  0        0         0
7    Brazil 2020-01-05       74              82         90                 5                 0                  0        0         0
8    Brazil 2020-01-06       78              87         96                 5                 0                  0        0         0
9    Brazil 2020-01-07       83              92        101                 6                 0                  0        0         0
10   Brazil 2020-01-08       88              98        108                 6                 0                  0        0         0
11   Brazil 2020-01-09       93             104        115                 6                 0                  0        0         0
12   Brazil 2020-01-10      100             111        122                 7                 0                  0        0         0
13   Brazil 2020-01-11      105             117        129                 7                 0                  0        0         0
14   Brazil 2020-01-12      112             125        138                 7                 0                  0        0         0
15   Brazil 2020-01-13      118             132        146                 8                 0                  0        0         0
16   Brazil 2020-01-14      126             140        154                 8                 0                  0        0         0
17   Brazil 2020-01-15      134             149        164                 9                 0                  0        0         0
18   Brazil 2020-01-16      142             158        174                 9                 0                  0        0         0
19   Brazil 2020-01-17      151             168        185                10                 0                  0        0         0
20   Brazil 2020-01-18      160             178        196                11                 0                  0        0         0
21   Brazil 2020-01-19      170             189        208                11                 0                  0        0         0
22   Brazil 2020-01-20      180             201        222                12                 0                  0        0         0
23   Brazil 2020-01-21      192             214        236                13                 0                  0        0         0
24   Brazil 2020-01-22      204             227        250                14                 0                  0        0         0
25   Brazil 2020-01-23      216             241        266                14                 0                  0        0         0
26   Brazil 2020-01-24      230             256        282                15                 0                  0        0         0
27   Brazil 2020-01-25      243             271        299                16                 0                  0        0         0
28   Brazil 2020-01-26      258             288        318                17                 0                  0        0         0
29   Brazil 2020-01-27      274             306        338                18                 0                  0        0         0
30   Brazil 2020-01-28      291             325        359                19                 0                  0        0         0
31   Brazil 2020-01-29      309             345        381                21                 0                  0        0         0
32   Brazil 2020-01-30      328             366        404                22                 0                  0        0         0
33   Brazil 2020-01-31      349             389        429                23                 0                  0        0         0
34   Brazil 2020-02-01      370             412        454                25                 0                  0        0         0
35   Brazil 2020-02-02      393             438        483                26                 0                  0        0         0
36   Brazil 2020-02-03      417             465        513                28                 0                  0        0         0
37   Brazil 2020-02-04      443             494        545                30                 0                  0        0         0
38   Brazil 2020-02-05      470             524        578                31                 0                  0        0         0
39   Brazil 2020-02-06      499             556        613                33                 0                  0        0         0
40   Brazil 2020-02-07      530             591        652                35                 0                  0        0         0
41   Brazil 2020-02-08      562             627        692                38                 0                  0        0         0
42   Brazil 2020-02-09      597             666        735                40                 0                  0        0         0
43   Brazil 2020-02-10      634             707        780                42                 0                  0        0         0
44   Brazil 2020-02-11      673             750        827                45                 0                  0        0         0
45   Brazil 2020-02-12      715             797        879                48                 0                  0        0         0
46   Brazil 2020-02-13      759             846        933                51                 0                  0        0         0
47   Brazil 2020-02-14      805             898        991                54                 0                  0        0         0
48   Brazil 2020-02-15      856             954       1052                57                 0                  0        0         0
49   Brazil 2020-02-16      908            1012       1116                61                 0                  0        0         0
50   Brazil 2020-02-17      964            1075       1186                64                 0                  0        0         0
51   Brazil 2020-02-18     1023            1141       1259                68                 0                  0        0         0
52   Brazil 2020-02-19     1086            1211       1336                73                 0                  0        0         0
53   Brazil 2020-02-20     1153            1286       1419                77                 0                  0        0         0
54   Brazil 2020-02-21     1224            1365       1506                82                 0                  0        0         0
55   Brazil 2020-02-22     1300            1450       1600                87                 0                  0        0         0
56   Brazil 2020-02-23     1380            1539       1698                92                 0                  0        0         0
57   Brazil 2020-02-24     1466            1634       1802                98                 0                  0        0         0
58   Brazil 2020-02-25     1556            1735       1914               104                 1                  0        0         0
59   Brazil 2020-02-26     1652            1842       2032               110                 1                  0        0         0
60   Brazil 2020-02-27     1753            1955       2157               117                 1                  0        0         0
61   Brazil 2020-02-28     1862            2076       2290               124                 1                  0        0         0
62   Brazil 2020-02-29     1977            2204       2431               132                 2                  0        0         0
63   Brazil 2020-03-01     2099            2340       2581               140                 2                  0        0         0
64   Brazil 2020-03-02     2228            2484       2740               149                 2                  0        0         0
65   Brazil 2020-03-03     2366            2638       2910               158                 2                  0        0         0
66   Brazil 2020-03-04     2511            2800       3089               168                 3                  0        0         0
67   Brazil 2020-03-05     2666            2973       3280               178                 8                  0        0         0
68   Brazil 2020-03-06     2831            3156       3481               189                13                  0        0         0
69   Brazil 2020-03-07     3005            3351       3697               201                13                  0        0         0
70   Brazil 2020-03-08     3191            3558       3925               213                25                  0        0         0
71   Brazil 2020-03-09     3388            3777       4166               226                25                  0        0         0
72   Brazil 2020-03-10     3596            4010       4424               240                34                  0        0         0
73   Brazil 2020-03-11     3819            4258       4697               255                52                  0        0         0
74   Brazil 2020-03-12     4054            4520       4986               271                77                  0        0         0
75   Brazil 2020-03-13     4304            4799       5294               287                98                  0        0         0
76   Brazil 2020-03-14     4570            5095       5620               305               121                  0        0         0
77   Brazil 2020-03-15     4851            5409       5967               324               200                  0        0         0
78   Brazil 2020-03-16     5151            5743       6335               344               234                  1        0         0
79   Brazil 2020-03-17     5468            6097       6726               365               291                  4        0         0
80   Brazil 2020-03-18     5806            6473       7140               388               428                  6        0         0
81   Brazil 2020-03-19     6164            6873       7582               412               621                 11        0         0
82   Brazil 2020-03-20     6545            7297       8049               437               904                 18        0         0
83   Brazil 2020-03-21     6948            7747       8546               464              1128                 25        0         0
84   Brazil 2020-03-22     7376            8224       9072               493              1546                 34        0         0
85   Brazil 2020-03-23     7832            8732       9632               523              1891                 46        0         0
86   Brazil 2020-03-24     8314            9270      10226               555              2201                 57        0         0
87   Brazil 2020-03-25     8827            9842      10857               589              2433                 77        0         0
88   Brazil 2020-03-26     9372           10449      11526               626              2915                 92        0         0
89   Brazil 2020-03-27     9950           11094      12238               664              3417                114        0         0
90   Brazil 2020-03-28    10563           11778      12993               705              3904                136        0         0
91   Brazil 2020-03-29    11215           12504      13793               749              4256                159        0         0
92   Brazil 2020-03-30    11907           13276      14645               795              4579                201        0         0
93   Brazil 2020-03-31    12642           14095      15548               844              5717                241        0         0
94   Brazil 2020-04-01    13421           14964      16507               896              6836                299        0         0
95   Brazil 2020-04-02    14249           15887      17525               952              7910                359        0         0
96   Brazil 2020-04-03    15128           16867      18606              1010              9056                432        0         0
97   Brazil 2020-04-04    16060           17907      19754              1073             10278                486        0         0
98   Brazil 2020-04-05    17052           19012      20972              1139             11130                553        0         0
99   Brazil 2020-04-06    18103           20184      22265              1209             12056                667        0         0
100  Brazil 2020-04-07    19219           21429      23639              1283             13717                800        0         0
101  Brazil 2020-04-08    20405           22751      25097              1363             15927                941        0         0
102  Brazil 2020-04-09    21664           24155      26646              1447             17857               1056        0         0
103  Brazil 2020-04-10    23000           25644      28288              1536             19638               1124        0         0
104  Brazil 2020-04-11    24419           27226      30033              1631             20727               1223        0         0
105  Brazil 2020-04-12    25925           28906      31887              1731             22169               1328        0         0
106  Brazil 2020-04-13    27524           30688      33852              1838             23430               1532        0         0
107  Brazil 2020-04-14    29221           32581      35941              1951             25262               1736        0         0
108  Brazil 2020-04-15    31024           34591      38158              2072             28320               1924        0         0
109  Brazil 2020-04-16    32938           36725      40512              2200             30425               2141        0         0
110  Brazil 2020-04-17    34969           38990      43011              2335             33682               2347        0         0
111  Brazil 2020-04-18    37126           41395      45664              2479             36599               2462        0         0
112  Brazil 2020-04-19    39416           43948      48480              2632             38654               2575        0         0
113  Brazil 2020-04-20    41848           46659      51470              2795             40581               2741        0         0
114  Brazil 2020-04-21    44429           49537      54645              2967             43079               2906        0         0
115  Brazil 2020-04-22    47169           52592      58015              3150             45757               3313        0         0
116  Brazil 2020-04-23    50078           55836      61594              3344             49492               3670        0         0
117  Brazil 2020-04-24    53167           59280      65393              3551             52995               4016        0         0
118  Brazil 2020-04-25    56447           62937      69427              3770             58509               4205        0         0
119  Brazil 2020-04-26    59929           66819      73709              4002             61888               4543        0         0
120  Brazil 2020-04-27    63625           70940      78255              4249             66501               5017        0         0
121  Brazil 2020-04-28    67550           75316      83082              4511             71886               5466        0         0
122  Brazil 2020-04-29    71716           79961      88206              4789             78162               5901        0         0
123  Brazil 2020-04-30    76139           84893      93647              5085             85380               6329        0         0
124  Brazil 2020-05-01    80836           90130      99424              5398             91589               6750        0         0
125  Brazil 2020-05-02    85822           95689     105556              5731             96559               7025        0         0
126  Brazil 2020-05-03    91115          101591     112067              6085            101147               7321        0         0
127  Brazil 2020-05-04    96735          107857     118979              6460            107780               7921        0         0
128  Brazil 2020-05-05   102702          114510     126318              6859            114715               8536        0         0
129  Brazil 2020-05-06   109037          121573     134109              7282            125218               9146        0         0
130  Brazil 2020-05-07   115762          129072     142382              7731            135106               9897        0         0
131  Brazil 2020-05-08   122902          137033     151164              8208            145328              10627        0         0
132  Brazil 2020-05-09   130483          145485     160487              8714            155939              11123        0         0
133  Brazil 2020-05-10   138532          154459     170386              9251            162699              11519        0         0
134  Brazil 2020-05-11   147076          163986     180896              9822            168331              12400        0         0
135  Brazil 2020-05-12   156148          174101     192054             10428            177589              13149        0         0
136  Brazil 2020-05-13   165780          184840     203900             11071            188974              13993        0         0
137  Brazil 2020-05-14   176005          196241     216477             11754            202918              14817        0         0
138  Brazil 2020-05-15   186861          208345     229829             12479            218223              15633        0         0
139  Brazil 2020-05-16   198387          221196     244005             13249            233142              16118        0         0
140  Brazil 2020-05-17   210624          234840     259056             14066            241080              16792        0         0
141  Brazil 2020-05-18   223615          249325     275035             14933            254220              17971        0         0
142  Brazil 2020-05-19   237407          264703     291999             15854            271628              18859        0         0
143  Brazil 2020-05-20   252051          281030     310009             16832            291579              20047        0         0
144  Brazil 2020-05-21   267598          298365     329132             17871            310087              21048        0         0
145  Brazil 2020-05-22   284104          316768     349432             18973            330890              22013        0         0
146  Brazil 2020-05-23   301628          336307     370986             20143            347398              22666        0         0
147  Brazil 2020-05-24   320232          357050     393868             21385            363211              23473        0         0
148  Brazil 2020-05-25   339984          379073     418162             22705            374898              24512        0         0
149  Brazil 2020-05-26   360955          402455     443955             24105            391222              25598        0         0
150  Brazil 2020-05-27   383219          427279     471339             25592            411821              26754        0         0
151  Brazil 2020-05-28   406856          453634     500412             27170            438238              27923        0         0
152  Brazil 2020-05-29   431951          481614     531277             28846            466200              27923        0         0
153  Brazil 2020-05-30   458595          511321     564047             30626                NA                 NA        0         0
154  Brazil 2020-05-31   486881          542859     598837             32514                NA                 NA        0         0
155  Brazil 2020-06-01   516912          576343     635774             34520                NA                 NA        0         0
156  Brazil 2020-06-02   548796          611893     674990             36649                NA                 NA        0         0
157  Brazil 2020-06-03   582646          649635     716624             38910                NA                 NA        0         0
158  Brazil 2020-06-04   618584          689705     760826             41310                NA                 NA        0         0
159  Brazil 2020-06-05   656740          732247     807754             43858                NA                 NA        0         0

Fontes:
	OMS - https://ourworldindata.org/coronavirus-source-data
	Worldometers - https://www.worldometers.info/coronavirus