
 Italy 
Projecao:  7  dias
Gerado em:  2020-04-26 14:21:05
RMSE(%):  36.1 , BIAS(%): 9.56

Taxa de Mortalidade 13.48 %

    country       dias otimista casos_estimados pessimista estimativa_mortes casos_confirmados mortes_confirmadas latitude longitude
107   Italy 2020-04-14    93155          145770     198385             19648            162488              21647 41.87194  12.56738
108   Italy 2020-04-15    97129          151988     206847             20486            165155              22172 41.87194  12.56738
109   Italy 2020-04-16   101272          158472     215672             21360            168941              22747 41.87194  12.56738
110   Italy 2020-04-17   105592          165232     224872             22271            172434              23227 41.87194  12.56738
111   Italy 2020-04-18   110097          172281     234465             23221            175925              23660 41.87194  12.56738
112   Italy 2020-04-19   114793          179630     244467             24212            178972              24114 41.87194  12.56738
113   Italy 2020-04-20   119690          187292     254894             25245            181228              24648 41.87194  12.56738
114   Italy 2020-04-21   124796          195282     265768             26321            183957              25085 41.87194  12.56738
115   Italy 2020-04-22   130119          203612     277105             27444            187327              25549 41.87194  12.56738
116   Italy 2020-04-23   135670          212298     288926             28615            189973              25969 41.87194  12.56738
117   Italy 2020-04-24   141458          221355     301252             29836            192994              26384 41.87194  12.56738
118   Italy 2020-04-25   147492          230797     314102             31108            195351              26644 41.87194  12.56738
119   Italy 2020-04-26   153784          240643     327502             32436            197675              26644 41.87194  12.56738
120   Italy 2020-04-27   160344          250908     341472             33819                NA                 NA 41.87194  12.56738
121   Italy 2020-04-28   167184          261611     356038             35262                NA                 NA 41.87194  12.56738
122   Italy 2020-04-29   174315          272771     371227             36766                NA                 NA 41.87194  12.56738
123   Italy 2020-04-30   181752          284407     387062             38334                NA                 NA 41.87194  12.56738
124   Italy 2020-05-01   189505          296540     403575             39970                NA                 NA 41.87194  12.56738
125   Italy 2020-05-02   197589          309189     420789             41675                NA                 NA 41.87194  12.56738
126   Italy 2020-05-03   206018          322379     438740             43452                NA                 NA 41.87194  12.56738

Total de casos no mundo:  2966489 1047089 1275489 470832 132003 8282 32073 721 2966489

Estimados a partir dos dados da OMS:
    day       date      x   xest
1     1 2019-12-30      0   1740
2     2 2019-12-31      0   1814
3     3 2020-01-01      0   1892
4     4 2020-01-02      0   1973
5     5 2020-01-03      0   2057
6     6 2020-01-04      0   2144
7     7 2020-01-05      0   2236
8     8 2020-01-06      0   2331
9     9 2020-01-07      0   2431
10   10 2020-01-08      0   2534
11   11 2020-01-09      0   2643
12   12 2020-01-10      0   2755
13   13 2020-01-11      0   2873
14   14 2020-01-12      0   2995
15   15 2020-01-13      0   3123
16   16 2020-01-14      0   3256
17   17 2020-01-15      0   3395
18   18 2020-01-16      0   3540
19   19 2020-01-17      0   3691
20   20 2020-01-18      0   3849
21   21 2020-01-19      0   4013
22   22 2020-01-20      0   4184
23   23 2020-01-21      0   4363
24   24 2020-01-22      0   4549
25   25 2020-01-23      0   4743
26   26 2020-01-24      0   4945
27   27 2020-01-25      0   5156
28   28 2020-01-26      0   5376
29   29 2020-01-27      0   5605
30   30 2020-01-28      0   5844
31   31 2020-01-29      0   6094
32   32 2020-01-30      3   6354
33   33 2020-01-31      3   6625
34   34 2020-02-01      3   6907
35   35 2020-02-02      3   7202
36   36 2020-02-03      3   7509
37   37 2020-02-04      3   7829
38   38 2020-02-05      3   8163
39   39 2020-02-06      3   8512
40   40 2020-02-07      3   8875
41   41 2020-02-08      3   9253
42   42 2020-02-09      3   9648
43   43 2020-02-10      3  10060
44   44 2020-02-11      3  10489
45   45 2020-02-12      3  10936
46   46 2020-02-13      3  11403
47   47 2020-02-14      3  11889
48   48 2020-02-15      3  12396
49   49 2020-02-16      3  12925
50   50 2020-02-17      3  13476
51   51 2020-02-18      3  14051
52   52 2020-02-19      3  14651
53   53 2020-02-20      3  15276
54   54 2020-02-21     17  15927
55   55 2020-02-22     79  16607
56   56 2020-02-23    132  17315
57   57 2020-02-24    229  18054
58   58 2020-02-25    322  18824
59   59 2020-02-26    400  19627
60   60 2020-02-27    650  20464
61   61 2020-02-28    888  21337
62   62 2020-02-29   1128  22247
63   63 2020-03-01   1689  23196
64   64 2020-03-02   2036  24186
65   65 2020-03-03   2502  25218
66   66 2020-03-04   3089  26293
67   67 2020-03-05   3858  27415
68   68 2020-03-06   4636  28584
69   69 2020-03-07   5883  29804
70   70 2020-03-08   7375  31075
71   71 2020-03-09   9172  32401
72   72 2020-03-10  10149  33783
73   73 2020-03-11  12462  35224
74   74 2020-03-12  15113  36727
75   75 2020-03-13  17660  38293
76   76 2020-03-14  21157  39927
77   77 2020-03-15  23980  41630
78   78 2020-03-16  27980  43406
79   79 2020-03-17  31506  45258
80   80 2020-03-18  35713  47188
81   81 2020-03-19  41035  49201
82   82 2020-03-20  47021  51300
83   83 2020-03-21  53578  53488
84   84 2020-03-22  59138  55770
85   85 2020-03-23  63927  58149
86   86 2020-03-24  69176  60630
87   87 2020-03-25  74386  63216
88   88 2020-03-26  80539  65913
89   89 2020-03-27  86498  68724
90   90 2020-03-28  92472  71656
91   91 2020-03-29  97689  74713
92   92 2020-03-30 101739  77900
93   93 2020-03-31 105792  81223
94   94 2020-04-01 110574  84688
95   95 2020-04-02 115242  88301
96   96 2020-04-03 119827  92067
97   97 2020-04-04 124632  95995
98   98 2020-04-05 128948 100090
99   99 2020-04-06 132547 104359
100 100 2020-04-07 135586 108811
101 101 2020-04-08 139422 113453
102 102 2020-04-09 143626 118293
103 103 2020-04-10 147577 123339
104 104 2020-04-11 152271 128600
105 105 2020-04-12 156363 134086
106 106 2020-04-13 159516 139806
107 107 2020-04-14 162488 145770
108 108 2020-04-15 165155 151988
109 109 2020-04-16 168941 158472
110 110 2020-04-17 172434 165232
111 111 2020-04-18 175925 172281
112 112 2020-04-19 178972 179630
113 113 2020-04-20 181228 187292
114 114 2020-04-21 183957 195282
115 115 2020-04-22 187327 203612
116 116 2020-04-23 189973 212298
117 117 2020-04-24 192994 221355
118 118 2020-04-25 195351 230797
119 119 2020-04-26 197675 240643

Intervalo de Confianca
         2.5%      97.5%
b  1224.59728 2227.73771
y0   22.41345   25.57797


Formula: x ~ SSexp(day, b, y0)

Parameters:
    Estimate Std. Error t value       Pr(>|t|)    
b  32920.868   1122.882   29.32 0.000000001984 ***
y0    66.244      1.304   50.80 0.000000000025 ***
---
Signif. codes:  0 ‘***’ 0.001 ‘**’ 0.01 ‘*’ 0.05 ‘.’ 0.1 ‘ ’ 1

Residual standard error: 500.2 on 8 degrees of freedom

Number of iterations to convergence: 26 
Achieved convergence tolerance: 0.0000000149

Considerando os casos dos últimos 10 dias, temos:
Número de dias para dobrar:  32920.9
Razao de crescimento:  32920.87

Todos os dados gerados
    country       dias otimista casos_estimados pessimista estimativa_mortes casos_confirmados mortes_confirmadas latitude longitude
1     Italy 2019-12-30     1112            1740       2368               235                 0                  0 41.87194  12.56738
2     Italy 2019-12-31     1159            1814       2469               245                 0                  0 41.87194  12.56738
3     Italy 2020-01-01     1209            1892       2575               255                 0                  0 41.87194  12.56738
4     Italy 2020-01-02     1261            1973       2685               266                 0                  0 41.87194  12.56738
5     Italy 2020-01-03     1315            2057       2799               277                 0                  0 41.87194  12.56738
6     Italy 2020-01-04     1370            2144       2918               289                 0                  0 41.87194  12.56738
7     Italy 2020-01-05     1429            2236       3043               301                 0                  0 41.87194  12.56738
8     Italy 2020-01-06     1490            2331       3172               314                 0                  0 41.87194  12.56738
9     Italy 2020-01-07     1554            2431       3308               328                 0                  0 41.87194  12.56738
10    Italy 2020-01-08     1619            2534       3449               342                 0                  0 41.87194  12.56738
11    Italy 2020-01-09     1689            2643       3597               356                 0                  0 41.87194  12.56738
12    Italy 2020-01-10     1761            2755       3749               371                 0                  0 41.87194  12.56738
13    Italy 2020-01-11     1836            2873       3910               387                 0                  0 41.87194  12.56738
14    Italy 2020-01-12     1914            2995       4076               404                 0                  0 41.87194  12.56738
15    Italy 2020-01-13     1996            3123       4250               421                 0                  0 41.87194  12.56738
16    Italy 2020-01-14     2081            3256       4431               439                 0                  0 41.87194  12.56738
17    Italy 2020-01-15     2170            3395       4620               458                 0                  0 41.87194  12.56738
18    Italy 2020-01-16     2262            3540       4818               477                 0                  0 41.87194  12.56738
19    Italy 2020-01-17     2359            3691       5023               497                 0                  0 41.87194  12.56738
20    Italy 2020-01-18     2460            3849       5238               519                 0                  0 41.87194  12.56738
21    Italy 2020-01-19     2565            4013       5461               541                 0                  0 41.87194  12.56738
22    Italy 2020-01-20     2674            4184       5694               564                 0                  0 41.87194  12.56738
23    Italy 2020-01-21     2788            4363       5938               588                 0                  0 41.87194  12.56738
24    Italy 2020-01-22     2907            4549       6191               613                 0                  0 41.87194  12.56738
25    Italy 2020-01-23     3031            4743       6455               639                 0                  0 41.87194  12.56738
26    Italy 2020-01-24     3160            4945       6730               667                 0                  0 41.87194  12.56738
27    Italy 2020-01-25     3295            5156       7017               695                 0                  0 41.87194  12.56738
28    Italy 2020-01-26     3436            5376       7316               725                 0                  0 41.87194  12.56738
29    Italy 2020-01-27     3582            5605       7628               755                 0                  0 41.87194  12.56738
30    Italy 2020-01-28     3735            5844       7953               788                 0                  0 41.87194  12.56738
31    Italy 2020-01-29     3894            6094       8294               821                 0                  0 41.87194  12.56738
32    Italy 2020-01-30     4061            6354       8647               856                 3                  0 41.87194  12.56738
33    Italy 2020-01-31     4234            6625       9016               893                 3                  0 41.87194  12.56738
34    Italy 2020-02-01     4414            6907       9400               931                 3                  0 41.87194  12.56738
35    Italy 2020-02-02     4602            7202       9802               971                 3                  0 41.87194  12.56738
36    Italy 2020-02-03     4799            7509      10219              1012                 3                  0 41.87194  12.56738
37    Italy 2020-02-04     5003            7829      10655              1055                 3                  0 41.87194  12.56738
38    Italy 2020-02-05     5217            8163      11109              1100                 3                  0 41.87194  12.56738
39    Italy 2020-02-06     5440            8512      11584              1147                 3                  0 41.87194  12.56738
40    Italy 2020-02-07     5672            8875      12078              1196                 3                  0 41.87194  12.56738
41    Italy 2020-02-08     5913            9253      12593              1247                 3                  0 41.87194  12.56738
42    Italy 2020-02-09     6166            9648      13130              1300                 3                  0 41.87194  12.56738
43    Italy 2020-02-10     6429           10060      13691              1356                 3                  0 41.87194  12.56738
44    Italy 2020-02-11     6703           10489      14275              1414                 3                  0 41.87194  12.56738
45    Italy 2020-02-12     6989           10936      14883              1474                 3                  0 41.87194  12.56738
46    Italy 2020-02-13     7287           11403      15519              1537                 3                  0 41.87194  12.56738
47    Italy 2020-02-14     7598           11889      16180              1602                 3                  0 41.87194  12.56738
48    Italy 2020-02-15     7922           12396      16870              1671                 3                  0 41.87194  12.56738
49    Italy 2020-02-16     8260           12925      17590              1742                 3                  0 41.87194  12.56738
50    Italy 2020-02-17     8612           13476      18340              1816                 3                  0 41.87194  12.56738
51    Italy 2020-02-18     8979           14051      19123              1894                 3                  0 41.87194  12.56738
52    Italy 2020-02-19     9363           14651      19939              1975                 3                  0 41.87194  12.56738
53    Italy 2020-02-20     9762           15276      20790              2059                 3                  0 41.87194  12.56738
54    Italy 2020-02-21    10178           15927      21676              2147                17                  2 41.87194  12.56738
55    Italy 2020-02-22    10613           16607      22601              2238                79                  2 41.87194  12.56738
56    Italy 2020-02-23    11065           17315      23565              2334               132                  6 41.87194  12.56738
57    Italy 2020-02-24    11537           18054      24571              2433               229                 11 41.87194  12.56738
58    Italy 2020-02-25    12030           18824      25618              2537               322                 12 41.87194  12.56738
59    Italy 2020-02-26    12543           19627      26711              2645               400                 17 41.87194  12.56738
60    Italy 2020-02-27    13078           20464      27850              2758               650                 21 41.87194  12.56738
61    Italy 2020-02-28    13636           21337      29038              2876               888                 29 41.87194  12.56738
62    Italy 2020-02-29    14217           22247      30277              2999              1128                 35 41.87194  12.56738
63    Italy 2020-03-01    14824           23196      31568              3127              1689                 52 41.87194  12.56738
64    Italy 2020-03-02    15456           24186      32916              3260              2036                 80 41.87194  12.56738
65    Italy 2020-03-03    16116           25218      34320              3399              2502                107 41.87194  12.56738
66    Italy 2020-03-04    16803           26293      35783              3544              3089                148 41.87194  12.56738
67    Italy 2020-03-05    17520           27415      37310              3695              3858                197 41.87194  12.56738
68    Italy 2020-03-06    18267           28584      38901              3853              4636                233 41.87194  12.56738
69    Italy 2020-03-07    19046           29804      40562              4017              5883                366 41.87194  12.56738
70    Italy 2020-03-08    19859           31075      42291              4189              7375                464 41.87194  12.56738
71    Italy 2020-03-09    20706           32401      44096              4367              9172                631 41.87194  12.56738
72    Italy 2020-03-10    21589           33783      45977              4554             10149                827 41.87194  12.56738
73    Italy 2020-03-11    22510           35224      47938              4748             12462               1016 41.87194  12.56738
74    Italy 2020-03-12    23471           36727      49983              4950             15113               1268 41.87194  12.56738
75    Italy 2020-03-13    24471           38293      52115              5161             17660               1441 41.87194  12.56738
76    Italy 2020-03-14    25516           39927      54338              5382             21157               1811 41.87194  12.56738
77    Italy 2020-03-15    26604           41630      56656              5611             23980               2158 41.87194  12.56738
78    Italy 2020-03-16    27739           43406      59073              5851             27980               2505 41.87194  12.56738
79    Italy 2020-03-17    28922           45258      61594              6100             31506               2978 41.87194  12.56738
80    Italy 2020-03-18    30156           47188      64220              6360             35713               3407 41.87194  12.56738
81    Italy 2020-03-19    31442           49201      66960              6632             41035               4032 41.87194  12.56738
82    Italy 2020-03-20    32783           51300      69817              6915             47021               4827 41.87194  12.56738
83    Italy 2020-03-21    34182           53488      72794              7209             53578               5476 41.87194  12.56738
84    Italy 2020-03-22    35640           55770      75900              7517             59138               6077 41.87194  12.56738
85    Italy 2020-03-23    37160           58149      79138              7838             63927               6820 41.87194  12.56738
86    Italy 2020-03-24    38746           60630      82514              8172             69176               7505 41.87194  12.56738
87    Italy 2020-03-25    40398           63216      86034              8521             74386               8165 41.87194  12.56738
88    Italy 2020-03-26    42122           65913      89704              8884             80539               9136 41.87194  12.56738
89    Italy 2020-03-27    43918           68724      93530              9263             86498              10023 41.87194  12.56738
90    Italy 2020-03-28    45792           71656      97520              9658             92472              10781 41.87194  12.56738
91    Italy 2020-03-29    47746           74713     101680             10070             97689              11591 41.87194  12.56738
92    Italy 2020-03-30    49782           77900     106018             10500            101739              12430 41.87194  12.56738
93    Italy 2020-03-31    51906           81223     110540             10948            105792              13157 41.87194  12.56738
94    Italy 2020-04-01    54120           84688     115256             11415            110574              13917 41.87194  12.56738
95    Italy 2020-04-02    56429           88301     120173             11902            115242              14681 41.87194  12.56738
96    Italy 2020-04-03    58836           92067     125298             12409            119827              15362 41.87194  12.56738
97    Italy 2020-04-04    61346           95995     130644             12939            124632              15889 41.87194  12.56738
98    Italy 2020-04-05    63963          100090     136217             13491            128948              16525 41.87194  12.56738
99    Italy 2020-04-06    66691          104359     142027             14066            132547              17129 41.87194  12.56738
100   Italy 2020-04-07    69536          108811     148086             14666            135586              17669 41.87194  12.56738
101   Italy 2020-04-08    72503          113453     154403             15292            139422              18281 41.87194  12.56738
102   Italy 2020-04-09    75596          118293     160990             15944            143626              18851 41.87194  12.56738
103   Italy 2020-04-10    78820          123339     167858             16624            147577              19470 41.87194  12.56738
104   Italy 2020-04-11    82182          128600     175018             17334            152271              19901 41.87194  12.56738
105   Italy 2020-04-12    85688          134086     182484             18073            156363              20465 41.87194  12.56738
106   Italy 2020-04-13    89344          139806     190268             18844            159516              21069 41.87194  12.56738
107   Italy 2020-04-14    93155          145770     198385             19648            162488              21647 41.87194  12.56738
108   Italy 2020-04-15    97129          151988     206847             20486            165155              22172 41.87194  12.56738
109   Italy 2020-04-16   101272          158472     215672             21360            168941              22747 41.87194  12.56738
110   Italy 2020-04-17   105592          165232     224872             22271            172434              23227 41.87194  12.56738
111   Italy 2020-04-18   110097          172281     234465             23221            175925              23660 41.87194  12.56738
112   Italy 2020-04-19   114793          179630     244467             24212            178972              24114 41.87194  12.56738
113   Italy 2020-04-20   119690          187292     254894             25245            181228              24648 41.87194  12.56738
114   Italy 2020-04-21   124796          195282     265768             26321            183957              25085 41.87194  12.56738
115   Italy 2020-04-22   130119          203612     277105             27444            187327              25549 41.87194  12.56738
116   Italy 2020-04-23   135670          212298     288926             28615            189973              25969 41.87194  12.56738
117   Italy 2020-04-24   141458          221355     301252             29836            192994              26384 41.87194  12.56738
118   Italy 2020-04-25   147492          230797     314102             31108            195351              26644 41.87194  12.56738
119   Italy 2020-04-26   153784          240643     327502             32436            197675              26644 41.87194  12.56738
120   Italy 2020-04-27   160344          250908     341472             33819                NA                 NA 41.87194  12.56738
121   Italy 2020-04-28   167184          261611     356038             35262                NA                 NA 41.87194  12.56738
122   Italy 2020-04-29   174315          272771     371227             36766                NA                 NA 41.87194  12.56738
123   Italy 2020-04-30   181752          284407     387062             38334                NA                 NA 41.87194  12.56738
124   Italy 2020-05-01   189505          296540     403575             39970                NA                 NA 41.87194  12.56738
125   Italy 2020-05-02   197589          309189     420789             41675                NA                 NA 41.87194  12.56738
126   Italy 2020-05-03   206018          322379     438740             43452                NA                 NA 41.87194  12.56738

Fontes:
	OMS - https://ourworldindata.org/coronavirus-source-data
	Worldometers - https://www.worldometers.info/coronavirus