
 Brazil 
Projecao:  10  dias
Gerado em:  2020-07-15 20:43:51
RMSE(%):  19.5 , BIAS(%): 6.4

Taxa de Mortalidade 3.83 %

    country       dias otimista casos_estimados pessimista estimativa_mortes casos_confirmados mortes_confirmadas latitude longitude
190  Brazil 2020-07-06  1308288         1625998    1943708             62306           1623284              66741        0         0
191  Brazil 2020-07-07  1352586         1681054    2009522             64416           1668589              67964        0         0
192  Brazil 2020-07-08  1398384         1737974    2077564             66597           1713160              69184        0         0
193  Brazil 2020-07-09  1445734         1796822    2147910             68852           1755779              70398        0         0
194  Brazil 2020-07-10  1494686         1857662    2220638             71184           1800827              71469        0         0
195  Brazil 2020-07-11  1545296         1920562    2295828             73594           1839850              72100        0         0
196  Brazil 2020-07-12  1597620         1985593    2373566             76086           1864681              72833        0         0
197  Brazil 2020-07-13  1651715         2052825    2453935             78662           1884967              74133        0         0
198  Brazil 2020-07-14  1707642         2122333    2537024             81325           1926824              75523        0         0
199  Brazil 2020-07-15  1765462         2194195    2622928             84079           1970909              75523        0         0
200  Brazil 2020-07-16  1825241         2268490    2711739             86926                NA                 NA        0         0
201  Brazil 2020-07-17  1887043         2345301    2803559             89869                NA                 NA        0         0
202  Brazil 2020-07-18  1950938         2424713    2898488             92912                NA                 NA        0         0
203  Brazil 2020-07-19  2016997         2506813    2996629             96058                NA                 NA        0         0
204  Brazil 2020-07-20  2085292         2591694    3098096             99311                NA                 NA        0         0
205  Brazil 2020-07-21  2155900         2679448    3202996            102673                NA                 NA        0         0
206  Brazil 2020-07-22  2228898         2770174    3311450            106150                NA                 NA        0         0
207  Brazil 2020-07-23  2304369         2863972    3423575            109744                NA                 NA        0         0
208  Brazil 2020-07-24  2382395         2960946    3539497            113460                NA                 NA        0         0
209  Brazil 2020-07-25  2463062         3061203    3659344            117302                NA                 NA        0         0

Total de casos no mundo:  13670113 4226182 3039504 3130936 2613809 646806 12155 721 13670113

Estimados a partir dos dados da OMS:
    day       date       x    xest
1     1 2019-12-30       0    3005
2     2 2019-12-31       0    3107
3     3 2020-01-01       0    3212
4     4 2020-01-02       0    3321
5     5 2020-01-03       0    3433
6     6 2020-01-04       0    3550
7     7 2020-01-05       0    3670
8     8 2020-01-06       0    3794
9     9 2020-01-07       0    3922
10   10 2020-01-08       0    4055
11   11 2020-01-09       0    4193
12   12 2020-01-10       0    4334
13   13 2020-01-11       0    4481
14   14 2020-01-12       0    4633
15   15 2020-01-13       0    4790
16   16 2020-01-14       0    4952
17   17 2020-01-15       0    5120
18   18 2020-01-16       0    5293
19   19 2020-01-17       0    5472
20   20 2020-01-18       0    5658
21   21 2020-01-19       0    5849
22   22 2020-01-20       0    6047
23   23 2020-01-21       0    6252
24   24 2020-01-22       0    6464
25   25 2020-01-23       0    6683
26   26 2020-01-24       0    6909
27   27 2020-01-25       0    7143
28   28 2020-01-26       0    7385
29   29 2020-01-27       0    7635
30   30 2020-01-28       0    7893
31   31 2020-01-29       0    8160
32   32 2020-01-30       0    8437
33   33 2020-01-31       0    8722
34   34 2020-02-01       0    9018
35   35 2020-02-02       0    9323
36   36 2020-02-03       0    9639
37   37 2020-02-04       0    9965
38   38 2020-02-05       0   10302
39   39 2020-02-06       0   10651
40   40 2020-02-07       0   11012
41   41 2020-02-08       0   11385
42   42 2020-02-09       0   11770
43   43 2020-02-10       0   12169
44   44 2020-02-11       0   12581
45   45 2020-02-12       0   13007
46   46 2020-02-13       0   13447
47   47 2020-02-14       0   13903
48   48 2020-02-15       0   14373
49   49 2020-02-16       0   14860
50   50 2020-02-17       0   15363
51   51 2020-02-18       0   15883
52   52 2020-02-19       0   16421
53   53 2020-02-20       0   16977
54   54 2020-02-21       0   17552
55   55 2020-02-22       0   18146
56   56 2020-02-23       0   18761
57   57 2020-02-24       0   19396
58   58 2020-02-25       1   20053
59   59 2020-02-26       1   20732
60   60 2020-02-27       1   21434
61   61 2020-02-28       1   22160
62   62 2020-02-29       2   22910
63   63 2020-03-01       2   23686
64   64 2020-03-02       2   24488
65   65 2020-03-03       2   25317
66   66 2020-03-04       3   26174
67   67 2020-03-05       8   27060
68   68 2020-03-06      13   27976
69   69 2020-03-07      13   28924
70   70 2020-03-08      25   29903
71   71 2020-03-09      25   30916
72   72 2020-03-10      34   31962
73   73 2020-03-11      52   33045
74   74 2020-03-12      77   34164
75   75 2020-03-13      98   35320
76   76 2020-03-14     121   36516
77   77 2020-03-15     200   37753
78   78 2020-03-16     234   39031
79   79 2020-03-17     291   40353
80   80 2020-03-18     428   41719
81   81 2020-03-19     621   43132
82   82 2020-03-20     904   44592
83   83 2020-03-21    1128   46102
84   84 2020-03-22    1546   47663
85   85 2020-03-23    1891   49277
86   86 2020-03-24    2201   50945
87   87 2020-03-25    2433   52670
88   88 2020-03-26    2915   54454
89   89 2020-03-27    3417   56297
90   90 2020-03-28    3904   58204
91   91 2020-03-29    4256   60174
92   92 2020-03-30    4579   62212
93   93 2020-03-31    5717   64318
94   94 2020-04-01    6836   66496
95   95 2020-04-02    7910   68748
96   96 2020-04-03    9056   71076
97   97 2020-04-04   10278   73482
98   98 2020-04-05   11130   75970
99   99 2020-04-06   12056   78543
100 100 2020-04-07   13717   81202
101 101 2020-04-08   15927   83952
102 102 2020-04-09   17857   86794
103 103 2020-04-10   19638   89733
104 104 2020-04-11   20727   92771
105 105 2020-04-12   22169   95913
106 106 2020-04-13   23430   99160
107 107 2020-04-14   25262  102518
108 108 2020-04-15   28320  105989
109 109 2020-04-16   30425  109578
110 110 2020-04-17   33682  113288
111 111 2020-04-18   36599  117124
112 112 2020-04-19   38654  121090
113 113 2020-04-20   40581  125190
114 114 2020-04-21   43079  129429
115 115 2020-04-22   45757  133811
116 116 2020-04-23   49492  138342
117 117 2020-04-24   52995  143026
118 118 2020-04-25   58509  147869
119 119 2020-04-26   61888  152876
120 120 2020-04-27   66501  158052
121 121 2020-04-28   71886  163404
122 122 2020-04-29   78162  168937
123 123 2020-04-30   85380  174657
124 124 2020-05-01   91589  180571
125 125 2020-05-02   96559  186685
126 126 2020-05-03  101147  193006
127 127 2020-05-04  107780  199541
128 128 2020-05-05  114715  206298
129 129 2020-05-06  125218  213283
130 130 2020-05-07  135106  220505
131 131 2020-05-08  145328  227971
132 132 2020-05-09  155939  235690
133 133 2020-05-10  162699  243671
134 134 2020-05-11  168331  251921
135 135 2020-05-12  177589  260451
136 136 2020-05-13  188974  269270
137 137 2020-05-14  202918  278388
138 138 2020-05-15  218223  287814
139 139 2020-05-16  233142  297559
140 140 2020-05-17  241080  307635
141 141 2020-05-18  254220  318051
142 142 2020-05-19  271628  328820
143 143 2020-05-20  291579  339954
144 144 2020-05-21  310087  351465
145 145 2020-05-22  330890  363365
146 146 2020-05-23  347398  375669
147 147 2020-05-24  363211  388389
148 148 2020-05-25  374898  401540
149 149 2020-05-26  391222  415136
150 150 2020-05-27  411821  429192
151 151 2020-05-28  438238  443725
152 152 2020-05-29  465166  458749
153 153 2020-05-30  498440  474283
154 154 2020-05-31  514849  490342
155 155 2020-06-01  526447  506945
156 156 2020-06-02  555383  524110
157 157 2020-06-03  584016  541856
158 158 2020-06-04  614932  560203
159 159 2020-06-05  645762  579172
160 160 2020-06-06  672837  598782
161 161 2020-06-07  691758  619057
162 162 2020-06-08  707412  640018
163 163 2020-06-09  739503  661689
164 164 2020-06-10  772416  684094
165 165 2020-06-11  802828  707257
166 166 2020-06-12  828810  731205
167 167 2020-06-13  850514  755964
168 168 2020-06-14  867624  781561
169 169 2020-06-15  888271  808024
170 170 2020-06-16  923189  835384
171 171 2020-06-17  955377  863670
172 172 2020-06-18  978142  892914
173 173 2020-06-19 1032913  923148
174 174 2020-06-20 1067579  954405
175 175 2020-06-21 1085038  986721
176 176 2020-06-22 1106470 1020132
177 177 2020-06-23 1145906 1054673
178 178 2020-06-24 1188631 1090384
179 179 2020-06-25 1228114 1127305
180 180 2020-06-26 1274974 1165475
181 181 2020-06-27 1313667 1204938
182 182 2020-06-28 1344143 1245737
183 183 2020-06-29 1368195 1287918
184 184 2020-06-30 1402041 1331526
185 185 2020-07-01 1448753 1376612
186 186 2020-07-02 1496858 1423224
187 187 2020-07-03 1539081 1471414
188 188 2020-07-04 1577004 1521236
189 189 2020-07-05 1603055 1572745
190 190 2020-07-06 1623284 1625998
191 191 2020-07-07 1668589 1681054
192 192 2020-07-08 1713160 1737974
193 193 2020-07-09 1755779 1796822
194 194 2020-07-10 1800827 1857662
195 195 2020-07-11 1839850 1920562
196 196 2020-07-12 1864681 1985593
197 197 2020-07-13 1884967 2052825
198 198 2020-07-14 1926824 2122333
199 199 2020-07-15 1970909 2194195

Intervalo de Confianca
         2.5%      97.5%
b  2470.30205 3404.91093
y0   29.25994   30.82255


Formula: x ~ SSexp(day, b, y0)

Parameters:
    Estimate Std. Error t value      Pr(>|t|)    
b  32767.518   5346.425   6.129       0.00028 ***
y0    48.539      1.973  24.604 0.00000000795 ***
---
Signif. codes:  0 ‘***’ 0.001 ‘**’ 0.01 ‘*’ 0.05 ‘.’ 0.1 ‘ ’ 1

Residual standard error: 13690 on 8 degrees of freedom

Number of iterations to convergence: 30 
Achieved convergence tolerance: 0.0000000149

Considerando os casos dos últimos 10 dias, temos:
Número de dias para dobrar:  48.5
Razao de crescimento:  32767.52

Todos os dados gerados
    country       dias otimista casos_estimados pessimista estimativa_mortes casos_confirmados mortes_confirmadas latitude longitude
1    Brazil 2019-12-30     2418            3005       3592               115                 0                  0        0         0
2    Brazil 2019-12-31     2500            3107       3714               119                 0                  0        0         0
3    Brazil 2020-01-01     2584            3212       3840               123                 0                  0        0         0
4    Brazil 2020-01-02     2672            3321       3970               127                 0                  0        0         0
5    Brazil 2020-01-03     2762            3433       4104               132                 0                  0        0         0
6    Brazil 2020-01-04     2856            3550       4244               136                 0                  0        0         0
7    Brazil 2020-01-05     2953            3670       4387               141                 0                  0        0         0
8    Brazil 2020-01-06     3053            3794       4535               145                 0                  0        0         0
9    Brazil 2020-01-07     3156            3922       4688               150                 0                  0        0         0
10   Brazil 2020-01-08     3263            4055       4847               155                 0                  0        0         0
11   Brazil 2020-01-09     3374            4193       5012               161                 0                  0        0         0
12   Brazil 2020-01-10     3487            4334       5181               166                 0                  0        0         0
13   Brazil 2020-01-11     3605            4481       5357               172                 0                  0        0         0
14   Brazil 2020-01-12     3728            4633       5538               178                 0                  0        0         0
15   Brazil 2020-01-13     3854            4790       5726               184                 0                  0        0         0
16   Brazil 2020-01-14     3984            4952       5920               190                 0                  0        0         0
17   Brazil 2020-01-15     4120            5120       6120               196                 0                  0        0         0
18   Brazil 2020-01-16     4259            5293       6327               203                 0                  0        0         0
19   Brazil 2020-01-17     4403            5472       6541               210                 0                  0        0         0
20   Brazil 2020-01-18     4552            5658       6764               217                 0                  0        0         0
21   Brazil 2020-01-19     4706            5849       6992               224                 0                  0        0         0
22   Brazil 2020-01-20     4865            6047       7229               232                 0                  0        0         0
23   Brazil 2020-01-21     5030            6252       7474               240                 0                  0        0         0
24   Brazil 2020-01-22     5201            6464       7727               248                 0                  0        0         0
25   Brazil 2020-01-23     5377            6683       7989               256                 0                  0        0         0
26   Brazil 2020-01-24     5559            6909       8259               265                 0                  0        0         0
27   Brazil 2020-01-25     5747            7143       8539               274                 0                  0        0         0
28   Brazil 2020-01-26     5942            7385       8828               283                 0                  0        0         0
29   Brazil 2020-01-27     6143            7635       9127               293                 0                  0        0         0
30   Brazil 2020-01-28     6351            7893       9435               302                 0                  0        0         0
31   Brazil 2020-01-29     6566            8160       9754               313                 0                  0        0         0
32   Brazil 2020-01-30     6788            8437      10086               323                 0                  0        0         0
33   Brazil 2020-01-31     7018            8722      10426               334                 0                  0        0         0
34   Brazil 2020-02-01     7256            9018      10780               346                 0                  0        0         0
35   Brazil 2020-02-02     7501            9323      11145               357                 0                  0        0         0
36   Brazil 2020-02-03     7756            9639      11522               369                 0                  0        0         0
37   Brazil 2020-02-04     8018            9965      11912               382                 0                  0        0         0
38   Brazil 2020-02-05     8289           10302      12315               395                 0                  0        0         0
39   Brazil 2020-02-06     8570           10651      12732               408                 0                  0        0         0
40   Brazil 2020-02-07     8860           11012      13164               422                 0                  0        0         0
41   Brazil 2020-02-08     9160           11385      13610               436                 0                  0        0         0
42   Brazil 2020-02-09     9470           11770      14070               451                 0                  0        0         0
43   Brazil 2020-02-10     9791           12169      14547               466                 0                  0        0         0
44   Brazil 2020-02-11    10123           12581      15039               482                 0                  0        0         0
45   Brazil 2020-02-12    10466           13007      15548               498                 0                  0        0         0
46   Brazil 2020-02-13    10820           13447      16074               515                 0                  0        0         0
47   Brazil 2020-02-14    11186           13903      16620               533                 0                  0        0         0
48   Brazil 2020-02-15    11565           14373      17181               551                 0                  0        0         0
49   Brazil 2020-02-16    11956           14860      17764               569                 0                  0        0         0
50   Brazil 2020-02-17    12361           15363      18365               589                 0                  0        0         0
51   Brazil 2020-02-18    12780           15883      18986               609                 0                  0        0         0
52   Brazil 2020-02-19    13212           16421      19630               629                 0                  0        0         0
53   Brazil 2020-02-20    13660           16977      20294               651                 0                  0        0         0
54   Brazil 2020-02-21    14122           17552      20982               673                 0                  0        0         0
55   Brazil 2020-02-22    14600           18146      21692               695                 0                  0        0         0
56   Brazil 2020-02-23    15095           18761      22427               719                 0                  0        0         0
57   Brazil 2020-02-24    15606           19396      23186               743                 0                  0        0         0
58   Brazil 2020-02-25    16135           20053      23971               768                 1                  0        0         0
59   Brazil 2020-02-26    16681           20732      24783               794                 1                  0        0         0
60   Brazil 2020-02-27    17246           21434      25622               821                 1                  0        0         0
61   Brazil 2020-02-28    17830           22160      26490               849                 1                  0        0         0
62   Brazil 2020-02-29    18434           22910      27386               878                 2                  0        0         0
63   Brazil 2020-03-01    19058           23686      28314               908                 2                  0        0         0
64   Brazil 2020-03-02    19703           24488      29273               938                 2                  0        0         0
65   Brazil 2020-03-03    20370           25317      30264               970                 2                  0        0         0
66   Brazil 2020-03-04    21060           26174      31288              1003                 3                  0        0         0
67   Brazil 2020-03-05    21773           27060      32347              1037                 8                  0        0         0
68   Brazil 2020-03-06    22510           27976      33442              1072                13                  0        0         0
69   Brazil 2020-03-07    23272           28924      34576              1108                13                  0        0         0
70   Brazil 2020-03-08    24060           29903      35746              1146                25                  0        0         0
71   Brazil 2020-03-09    24875           30916      36957              1185                25                  0        0         0
72   Brazil 2020-03-10    25717           31962      38207              1225                34                  0        0         0
73   Brazil 2020-03-11    26588           33045      39502              1266                52                  0        0         0
74   Brazil 2020-03-12    27489           34164      40839              1309                77                  0        0         0
75   Brazil 2020-03-13    28419           35320      42221              1353                98                  0        0         0
76   Brazil 2020-03-14    29381           36516      43651              1399               121                  0        0         0
77   Brazil 2020-03-15    30376           37753      45130              1447               200                  0        0         0
78   Brazil 2020-03-16    31405           39031      46657              1496               234                  1        0         0
79   Brazil 2020-03-17    32468           40353      48238              1546               291                  4        0         0
80   Brazil 2020-03-18    33567           41719      49871              1599               428                  6        0         0
81   Brazil 2020-03-19    34704           43132      51560              1653               621                 11        0         0
82   Brazil 2020-03-20    35879           44592      53305              1709               904                 18        0         0
83   Brazil 2020-03-21    37094           46102      55110              1767              1128                 25        0         0
84   Brazil 2020-03-22    38350           47663      56976              1826              1546                 34        0         0
85   Brazil 2020-03-23    39649           49277      58905              1888              1891                 46        0         0
86   Brazil 2020-03-24    40991           50945      60899              1952              2201                 57        0         0
87   Brazil 2020-03-25    42379           52670      62961              2018              2433                 77        0         0
88   Brazil 2020-03-26    43814           54454      65094              2087              2915                 92        0         0
89   Brazil 2020-03-27    45297           56297      67297              2157              3417                114        0         0
90   Brazil 2020-03-28    46831           58204      69577              2230              3904                136        0         0
91   Brazil 2020-03-29    48416           60174      71932              2306              4256                159        0         0
92   Brazil 2020-03-30    50056           62212      74368              2384              4579                201        0         0
93   Brazil 2020-03-31    51751           64318      76885              2465              5717                241        0         0
94   Brazil 2020-04-01    53503           66496      79489              2548              6836                299        0         0
95   Brazil 2020-04-02    55315           68748      82181              2634              7910                359        0         0
96   Brazil 2020-04-03    57188           71076      84964              2724              9056                432        0         0
97   Brazil 2020-04-04    59124           73482      87840              2816             10278                486        0         0
98   Brazil 2020-04-05    61126           75970      90814              2911             11130                553        0         0
99   Brazil 2020-04-06    63196           78543      93890              3010             12056                667        0         0
100  Brazil 2020-04-07    65336           81202      97068              3112             13717                800        0         0
101  Brazil 2020-04-08    67548           83952     100356              3217             15927                941        0         0
102  Brazil 2020-04-09    69835           86794     103753              3326             17857               1056        0         0
103  Brazil 2020-04-10    72200           89733     107266              3438             19638               1124        0         0
104  Brazil 2020-04-11    74644           92771     110898              3555             20727               1223        0         0
105  Brazil 2020-04-12    77172           95913     114654              3675             22169               1328        0         0
106  Brazil 2020-04-13    79785           99160     118535              3800             23430               1532        0         0
107  Brazil 2020-04-14    82487          102518     122549              3928             25262               1736        0         0
108  Brazil 2020-04-15    85279          105989     126699              4061             28320               1924        0         0
109  Brazil 2020-04-16    88167          109578     130989              4199             30425               2141        0         0
110  Brazil 2020-04-17    91152          113288     135424              4341             33682               2347        0         0
111  Brazil 2020-04-18    94239          117124     140009              4488             36599               2462        0         0
112  Brazil 2020-04-19    97430          121090     144750              4640             38654               2575        0         0
113  Brazil 2020-04-20   100729          125190     149651              4797             40581               2741        0         0
114  Brazil 2020-04-21   104139          129429     154719              4960             43079               2906        0         0
115  Brazil 2020-04-22   107665          133811     159957              5127             45757               3313        0         0
116  Brazil 2020-04-23   111311          138342     165373              5301             49492               3670        0         0
117  Brazil 2020-04-24   115080          143026     170972              5481             52995               4016        0         0
118  Brazil 2020-04-25   118976          147869     176762              5666             58509               4205        0         0
119  Brazil 2020-04-26   123005          152876     182747              5858             61888               4543        0         0
120  Brazil 2020-04-27   127170          158052     188934              6056             66501               5017        0         0
121  Brazil 2020-04-28   131476          163404     195332              6261             71886               5466        0         0
122  Brazil 2020-04-29   135928          168937     201946              6473             78162               5901        0         0
123  Brazil 2020-04-30   140530          174657     208784              6693             85380               6329        0         0
124  Brazil 2020-05-01   145288          180571     215854              6919             91589               6750        0         0
125  Brazil 2020-05-02   150208          186685     223162              7154             96559               7025        0         0
126  Brazil 2020-05-03   155294          193006     230718              7396            101147               7321        0         0
127  Brazil 2020-05-04   160552          199541     238530              7646            107780               7921        0         0
128  Brazil 2020-05-05   165989          206298     246607              7905            114715               8536        0         0
129  Brazil 2020-05-06   171609          213283     254957              8173            125218               9146        0         0
130  Brazil 2020-05-07   177420          220505     263590              8450            135106               9897        0         0
131  Brazil 2020-05-08   183427          227971     272515              8736            145328              10627        0         0
132  Brazil 2020-05-09   189638          235690     281742              9031            155939              11123        0         0
133  Brazil 2020-05-10   196059          243671     291283              9337            162699              11519        0         0
134  Brazil 2020-05-11   202697          251921     301145              9653            168331              12400        0         0
135  Brazil 2020-05-12   209560          260451     311342              9980            177589              13149        0         0
136  Brazil 2020-05-13   216656          269270     321884             10318            188974              13993        0         0
137  Brazil 2020-05-14   223993          278388     332783             10668            202918              14817        0         0
138  Brazil 2020-05-15   231577          287814     344051             11029            218223              15633        0         0
139  Brazil 2020-05-16   239418          297559     355700             11402            233142              16118        0         0
140  Brazil 2020-05-17   247525          307635     367745             11788            241080              16792        0         0
141  Brazil 2020-05-18   255906          318051     380196             12187            254220              17971        0         0
142  Brazil 2020-05-19   264571          328820     393069             12600            271628              18859        0         0
143  Brazil 2020-05-20   273529          339954     406379             13027            291579              20047        0         0
144  Brazil 2020-05-21   282791          351465     420139             13468            310087              21048        0         0
145  Brazil 2020-05-22   292366          363365     434364             13924            330890              22013        0         0
146  Brazil 2020-05-23   302266          375669     449072             14395            347398              22666        0         0
147  Brazil 2020-05-24   312500          388389     464278             14883            363211              23473        0         0
148  Brazil 2020-05-25   323081          401540     479999             15387            374898              24512        0         0
149  Brazil 2020-05-26   334021          415136     496251             15908            391222              25598        0         0
150  Brazil 2020-05-27   345330          429192     513054             16446            411821              26754        0         0
151  Brazil 2020-05-28   357024          443725     530426             17003            438238              27878        0         0
152  Brazil 2020-05-29   369112          458749     548386             17579            465166              28834        0         0
153  Brazil 2020-05-30   381611          474283     566955             18174            498440              29314        0         0
154  Brazil 2020-05-31   394532          490342     586152             18789            514849              29937        0         0
155  Brazil 2020-06-01   407891          506945     605999             19426            526447              31199        0         0
156  Brazil 2020-06-02   421702          524110     626518             20083            555383              32548        0         0
157  Brazil 2020-06-03   435981          541856     647731             20763            584016              34021        0         0
158  Brazil 2020-06-04   450743          560203     669663             21466            614932              35026        0         0
159  Brazil 2020-06-05   466005          579172     692339             22193            645762              35930        0         0
160  Brazil 2020-06-06   481784          598782     715780             22945            672837              36455        0         0
161  Brazil 2020-06-07   498097          619057     740017             23722            691758              37134        0         0
162  Brazil 2020-06-08   514962          640018     765074             24525            707412              38406        0         0
163  Brazil 2020-06-09   532399          661689     790979             25355            739503              39680        0         0
164  Brazil 2020-06-10   550426          684094     817762             26214            772416              40919        0         0
165  Brazil 2020-06-11   569063          707257     845451             27101            802828              41828        0         0
166  Brazil 2020-06-12   588332          731205     874078             28019            828810              42720        0         0
167  Brazil 2020-06-13   608253          755964     903675             28968            850514              43332        0         0
168  Brazil 2020-06-14   628849          781561     934273             29949            867624              43959        0         0
169  Brazil 2020-06-15   650141          808024     965907             30963            888271              45241        0         0
170  Brazil 2020-06-16   672155          835384     998613             32011            923189              46510        0         0
171  Brazil 2020-06-17   694914          863670    1032426             33095            955377              47748        0         0
172  Brazil 2020-06-18   718444          892914    1067384             34215            978142              48954        0         0
173  Brazil 2020-06-19   742770          923148    1103526             35374           1032913              49976        0         0
174  Brazil 2020-06-20   767920          954405    1140890             36572           1067579              50617        0         0
175  Brazil 2020-06-21   793922          986721    1179520             37810           1085038              51271        0         0
176  Brazil 2020-06-22   820804         1020132    1219460             39090           1106470              52645        0         0
177  Brazil 2020-06-23   848596         1054673    1260750             40414           1145906              53830        0         0
178  Brazil 2020-06-24   877329         1090384    1303439             41782           1188631              54971        0         0
179  Brazil 2020-06-25   907036         1127305    1347574             43197           1228114              55961        0         0
180  Brazil 2020-06-26   937748         1165475    1393202             44660           1274974              57070        0         0
181  Brazil 2020-06-27   969500         1204938    1440376             46172           1313667              57622        0         0
182  Brazil 2020-06-28  1002327         1245737    1489147             47735           1344143              58314        0         0
183  Brazil 2020-06-29  1036266         1287918    1539570             49352           1368195              59594        0         0
184  Brazil 2020-06-30  1071354         1331526    1591698             51023           1402041              60632        0         0
185  Brazil 2020-07-01  1107630         1376612    1645594             52750           1448753              61884        0         0
186  Brazil 2020-07-02  1145134         1423224    1701314             54536           1496858              63174        0         0
187  Brazil 2020-07-03  1183908         1471414    1758920             56383           1539081              64265        0         0
188  Brazil 2020-07-04  1223996         1521236    1818476             58292           1577004              64867        0         0
189  Brazil 2020-07-05  1265440         1572745    1880050             60266           1603055              65487        0         0
190  Brazil 2020-07-06  1308288         1625998    1943708             62306           1623284              66741        0         0
191  Brazil 2020-07-07  1352586         1681054    2009522             64416           1668589              67964        0         0
192  Brazil 2020-07-08  1398384         1737974    2077564             66597           1713160              69184        0         0
193  Brazil 2020-07-09  1445734         1796822    2147910             68852           1755779              70398        0         0
194  Brazil 2020-07-10  1494686         1857662    2220638             71184           1800827              71469        0         0
195  Brazil 2020-07-11  1545296         1920562    2295828             73594           1839850              72100        0         0
196  Brazil 2020-07-12  1597620         1985593    2373566             76086           1864681              72833        0         0
197  Brazil 2020-07-13  1651715         2052825    2453935             78662           1884967              74133        0         0
198  Brazil 2020-07-14  1707642         2122333    2537024             81325           1926824              75523        0         0
199  Brazil 2020-07-15  1765462         2194195    2622928             84079           1970909              75523        0         0
200  Brazil 2020-07-16  1825241         2268490    2711739             86926                NA                 NA        0         0
201  Brazil 2020-07-17  1887043         2345301    2803559             89869                NA                 NA        0         0
202  Brazil 2020-07-18  1950938         2424713    2898488             92912                NA                 NA        0         0
203  Brazil 2020-07-19  2016997         2506813    2996629             96058                NA                 NA        0         0
204  Brazil 2020-07-20  2085292         2591694    3098096             99311                NA                 NA        0         0
205  Brazil 2020-07-21  2155900         2679448    3202996            102673                NA                 NA        0         0
206  Brazil 2020-07-22  2228898         2770174    3311450            106150                NA                 NA        0         0
207  Brazil 2020-07-23  2304369         2863972    3423575            109744                NA                 NA        0         0
208  Brazil 2020-07-24  2382395         2960946    3539497            113460                NA                 NA        0         0
209  Brazil 2020-07-25  2463062         3061203    3659344            117302                NA                 NA        0         0

Fontes:
	OMS - https://ourworldindata.org/coronavirus-source-data
	Worldometers - https://www.worldometers.info/coronavirus