
 Brazil 
Projecao:  7  dias
Gerado em:  2020-04-21 20:32:54
RMSE(%):  20.7 , BIAS(%): 5.84

Taxa de Mortalidade 6.36 %

    country       dias otimista casos_estimados pessimista estimativa_mortes casos_confirmados mortes_confirmadas latitude longitude
102  Brazil 2020-04-09    12345           15569      18793               991             17857               1056        0         0
103  Brazil 2020-04-10    13530           17063      20596              1086             19638               1124        0         0
104  Brazil 2020-04-11    14828           18700      22572              1190             20727               1223        0         0
105  Brazil 2020-04-12    16250           20494      24738              1304             22169               1328        0         0
106  Brazil 2020-04-13    17809           22460      27111              1429             23430               1532        0         0
107  Brazil 2020-04-14    19518           24615      29712              1566             25262               1736        0         0
108  Brazil 2020-04-15    21391           26977      32563              1716             28320               1924        0         0
109  Brazil 2020-04-16    23443           29565      35687              1881             30425               2141        0         0
110  Brazil 2020-04-17    25692           32401      39110              2062             33682               2347        0         0
111  Brazil 2020-04-18    28157           35510      42863              2259             36599               2462        0         0
112  Brazil 2020-04-19    30858           38917      46976              2476             38654               2575        0         0
113  Brazil 2020-04-20    33818           42650      51482              2714             40581               2741        0         0
114  Brazil 2020-04-21    37063           46742      56421              2974             43079               2741        0         0
115  Brazil 2020-04-22    40619           51227      61835              3259                NA                 NA        0         0
116  Brazil 2020-04-23    44516           56141      67766              3572                NA                 NA        0         0
117  Brazil 2020-04-24    48787           61528      74269              3915                NA                 NA        0         0
118  Brazil 2020-04-25    53468           67431      81394              4290                NA                 NA        0         0
119  Brazil 2020-04-26    58597           73900      89203              4702                NA                 NA        0         0
120  Brazil 2020-04-27    64219           80990      97761              5153                NA                 NA        0         0
121  Brazil 2020-04-28    70380           88760     107140              5648                NA                 NA        0         0

Total de casos no mundo:  2553047 878045 1139839 409881 91136 8189 25236 721 2553047

Estimados a partir dos dados da OMS:
    day       date     x  xest
1     1 2019-12-30     0     1
2     2 2019-12-31     0     2
3     3 2020-01-01     0     2
4     4 2020-01-02     0     2
5     5 2020-01-03     0     2
6     6 2020-01-04     0     2
7     7 2020-01-05     0     3
8     8 2020-01-06     0     3
9     9 2020-01-07     0     3
10   10 2020-01-08     0     3
11   11 2020-01-09     0     4
12   12 2020-01-10     0     4
13   13 2020-01-11     0     4
14   14 2020-01-12     0     5
15   15 2020-01-13     0     5
16   16 2020-01-14     0     6
17   17 2020-01-15     0     6
18   18 2020-01-16     0     7
19   19 2020-01-17     0     8
20   20 2020-01-18     0     9
21   21 2020-01-19     0     9
22   22 2020-01-20     0    10
23   23 2020-01-21     0    11
24   24 2020-01-22     0    12
25   25 2020-01-23     0    13
26   26 2020-01-24     0    15
27   27 2020-01-25     0    16
28   28 2020-01-26     0    18
29   29 2020-01-27     0    19
30   30 2020-01-28     0    21
31   31 2020-01-29     0    23
32   32 2020-01-30     0    26
33   33 2020-01-31     0    28
34   34 2020-02-01     0    31
35   35 2020-02-02     0    34
36   36 2020-02-03     0    37
37   37 2020-02-04     0    40
38   38 2020-02-05     0    44
39   39 2020-02-06     0    48
40   40 2020-02-07     0    53
41   41 2020-02-08     0    58
42   42 2020-02-09     0    64
43   43 2020-02-10     0    70
44   44 2020-02-11     0    77
45   45 2020-02-12     0    84
46   46 2020-02-13     0    92
47   47 2020-02-14     0   101
48   48 2020-02-15     0   111
49   49 2020-02-16     0   121
50   50 2020-02-17     0   133
51   51 2020-02-18     0   146
52   52 2020-02-19     0   160
53   53 2020-02-20     0   175
54   54 2020-02-21     0   192
55   55 2020-02-22     0   210
56   56 2020-02-23     0   230
57   57 2020-02-24     0   252
58   58 2020-02-25     1   276
59   59 2020-02-26     1   303
60   60 2020-02-27     1   332
61   61 2020-02-28     1   364
62   62 2020-02-29     2   399
63   63 2020-03-01     2   437
64   64 2020-03-02     2   479
65   65 2020-03-03     2   525
66   66 2020-03-04     3   575
67   67 2020-03-05     8   631
68   68 2020-03-06    13   691
69   69 2020-03-07    13   757
70   70 2020-03-08    25   830
71   71 2020-03-09    25   910
72   72 2020-03-10    34   997
73   73 2020-03-11    52  1093
74   74 2020-03-12    77  1197
75   75 2020-03-13    98  1312
76   76 2020-03-14   121  1438
77   77 2020-03-15   200  1576
78   78 2020-03-16   234  1727
79   79 2020-03-17   291  1893
80   80 2020-03-18   428  2075
81   81 2020-03-19   621  2274
82   82 2020-03-20   904  2492
83   83 2020-03-21  1128  2731
84   84 2020-03-22  1546  2993
85   85 2020-03-23  1891  3280
86   86 2020-03-24  2201  3595
87   87 2020-03-25  2433  3940
88   88 2020-03-26  2915  4318
89   89 2020-03-27  3417  4732
90   90 2020-03-28  3904  5186
91   91 2020-03-29  4256  5684
92   92 2020-03-30  4579  6229
93   93 2020-03-31  5717  6826
94   94 2020-04-01  6836  7481
95   95 2020-04-02  7910  8199
96   96 2020-04-03  9056  8986
97   97 2020-04-04 10278  9848
98   98 2020-04-05 11130 10793
99   99 2020-04-06 12056 11828
100 100 2020-04-07 13717 12963
101 101 2020-04-08 15927 14206
102 102 2020-04-09 17857 15569
103 103 2020-04-10 19638 17063
104 104 2020-04-11 20727 18700
105 105 2020-04-12 22169 20494
106 106 2020-04-13 23430 22460
107 107 2020-04-14 25262 24615
108 108 2020-04-15 28320 26977
109 109 2020-04-16 30425 29565
110 110 2020-04-17 33682 32401
111 111 2020-04-18 36599 35510
112 112 2020-04-19 38654 38917
113 113 2020-04-20 40581 42650
114 114 2020-04-21 43079 46742

Intervalo de Confianca
        2.5%     97.5%
b   1.005295  1.827009
y0 10.594529 11.246550


Formula: x ~ SSexp(day, b, y0)

Parameters:
   Estimate Std. Error t value      Pr(>|t|)    
b    8.2163     2.7739   2.962        0.0181 *  
y0  13.2707     0.5369  24.715 0.00000000768 ***
---
Signif. codes:  0 ‘***’ 0.001 ‘**’ 0.01 ‘*’ 0.05 ‘.’ 0.1 ‘ ’ 1

Residual standard error: 863.7 on 8 degrees of freedom

Number of iterations to convergence: 8 
Achieved convergence tolerance: 0.0000000149

Considerando os casos dos últimos 10 dias, temos:
Número de dias para dobrar:  0.1
Razao de crescimento:  8.22

Todos os dados gerados
    country       dias otimista casos_estimados pessimista estimativa_mortes casos_confirmados mortes_confirmadas latitude longitude
1    Brazil 2019-12-30        1               1          1                 0                 0                  0        0         0
2    Brazil 2019-12-31        2               2          2                 0                 0                  0        0         0
3    Brazil 2020-01-01        2               2          2                 0                 0                  0        0         0
4    Brazil 2020-01-02        2               2          2                 0                 0                  0        0         0
5    Brazil 2020-01-03        2               2          2                 0                 0                  0        0         0
6    Brazil 2020-01-04        2               2          2                 0                 0                  0        0         0
7    Brazil 2020-01-05        2               3          4                 0                 0                  0        0         0
8    Brazil 2020-01-06        2               3          4                 0                 0                  0        0         0
9    Brazil 2020-01-07        2               3          4                 0                 0                  0        0         0
10   Brazil 2020-01-08        2               3          4                 0                 0                  0        0         0
11   Brazil 2020-01-09        3               4          5                 0                 0                  0        0         0
12   Brazil 2020-01-10        3               4          5                 0                 0                  0        0         0
13   Brazil 2020-01-11        3               4          5                 0                 0                  0        0         0
14   Brazil 2020-01-12        4               5          6                 0                 0                  0        0         0
15   Brazil 2020-01-13        4               5          6                 0                 0                  0        0         0
16   Brazil 2020-01-14        5               6          7                 0                 0                  0        0         0
17   Brazil 2020-01-15        5               6          7                 0                 0                  0        0         0
18   Brazil 2020-01-16        6               7          8                 0                 0                  0        0         0
19   Brazil 2020-01-17        6               8         10                 1                 0                  0        0         0
20   Brazil 2020-01-18        7               9         11                 1                 0                  0        0         0
21   Brazil 2020-01-19        7               9         11                 1                 0                  0        0         0
22   Brazil 2020-01-20        8              10         12                 1                 0                  0        0         0
23   Brazil 2020-01-21        9              11         13                 1                 0                  0        0         0
24   Brazil 2020-01-22       10              12         14                 1                 0                  0        0         0
25   Brazil 2020-01-23       10              13         16                 1                 0                  0        0         0
26   Brazil 2020-01-24       12              15         18                 1                 0                  0        0         0
27   Brazil 2020-01-25       13              16         19                 1                 0                  0        0         0
28   Brazil 2020-01-26       14              18         22                 1                 0                  0        0         0
29   Brazil 2020-01-27       15              19         23                 1                 0                  0        0         0
30   Brazil 2020-01-28       17              21         25                 1                 0                  0        0         0
31   Brazil 2020-01-29       18              23         28                 1                 0                  0        0         0
32   Brazil 2020-01-30       21              26         31                 2                 0                  0        0         0
33   Brazil 2020-01-31       22              28         34                 2                 0                  0        0         0
34   Brazil 2020-02-01       25              31         37                 2                 0                  0        0         0
35   Brazil 2020-02-02       27              34         41                 2                 0                  0        0         0
36   Brazil 2020-02-03       29              37         45                 2                 0                  0        0         0
37   Brazil 2020-02-04       32              40         48                 3                 0                  0        0         0
38   Brazil 2020-02-05       35              44         53                 3                 0                  0        0         0
39   Brazil 2020-02-06       38              48         58                 3                 0                  0        0         0
40   Brazil 2020-02-07       42              53         64                 3                 0                  0        0         0
41   Brazil 2020-02-08       46              58         70                 4                 0                  0        0         0
42   Brazil 2020-02-09       51              64         77                 4                 0                  0        0         0
43   Brazil 2020-02-10       56              70         84                 4                 0                  0        0         0
44   Brazil 2020-02-11       61              77         93                 5                 0                  0        0         0
45   Brazil 2020-02-12       67              84        101                 5                 0                  0        0         0
46   Brazil 2020-02-13       73              92        111                 6                 0                  0        0         0
47   Brazil 2020-02-14       80             101        122                 6                 0                  0        0         0
48   Brazil 2020-02-15       88             111        134                 7                 0                  0        0         0
49   Brazil 2020-02-16       96             121        146                 8                 0                  0        0         0
50   Brazil 2020-02-17      105             133        161                 8                 0                  0        0         0
51   Brazil 2020-02-18      116             146        176                 9                 0                  0        0         0
52   Brazil 2020-02-19      127             160        193                10                 0                  0        0         0
53   Brazil 2020-02-20      139             175        211                11                 0                  0        0         0
54   Brazil 2020-02-21      152             192        232                12                 0                  0        0         0
55   Brazil 2020-02-22      167             210        253                13                 0                  0        0         0
56   Brazil 2020-02-23      182             230        278                15                 0                  0        0         0
57   Brazil 2020-02-24      200             252        304                16                 0                  0        0         0
58   Brazil 2020-02-25      219             276        333                18                 1                  0        0         0
59   Brazil 2020-02-26      240             303        366                19                 1                  0        0         0
60   Brazil 2020-02-27      263             332        401                21                 1                  0        0         0
61   Brazil 2020-02-28      289             364        439                23                 1                  0        0         0
62   Brazil 2020-02-29      316             399        482                25                 2                  0        0         0
63   Brazil 2020-03-01      347             437        527                28                 2                  0        0         0
64   Brazil 2020-03-02      380             479        578                30                 2                  0        0         0
65   Brazil 2020-03-03      416             525        634                33                 2                  0        0         0
66   Brazil 2020-03-04      456             575        694                37                 3                  0        0         0
67   Brazil 2020-03-05      500             631        762                40                 8                  0        0         0
68   Brazil 2020-03-06      548             691        834                44                13                  0        0         0
69   Brazil 2020-03-07      600             757        914                48                13                  0        0         0
70   Brazil 2020-03-08      658             830       1002                53                25                  0        0         0
71   Brazil 2020-03-09      722             910       1098                58                25                  0        0         0
72   Brazil 2020-03-10      791             997       1203                63                34                  0        0         0
73   Brazil 2020-03-11      867            1093       1319                70                52                  0        0         0
74   Brazil 2020-03-12      949            1197       1445                76                77                  0        0         0
75   Brazil 2020-03-13     1040            1312       1584                83                98                  0        0         0
76   Brazil 2020-03-14     1140            1438       1736                91               121                  0        0         0
77   Brazil 2020-03-15     1250            1576       1902               100               200                  0        0         0
78   Brazil 2020-03-16     1369            1727       2085               110               234                  1        0         0
79   Brazil 2020-03-17     1501            1893       2285               120               291                  4        0         0
80   Brazil 2020-03-18     1645            2075       2505               132               428                  6        0         0
81   Brazil 2020-03-19     1803            2274       2745               145               621                 11        0         0
82   Brazil 2020-03-20     1976            2492       3008               159               904                 18        0         0
83   Brazil 2020-03-21     2165            2731       3297               174              1128                 25        0         0
84   Brazil 2020-03-22     2373            2993       3613               190              1546                 34        0         0
85   Brazil 2020-03-23     2601            3280       3959               209              1891                 46        0         0
86   Brazil 2020-03-24     2851            3595       4339               229              2201                 57        0         0
87   Brazil 2020-03-25     3124            3940       4756               251              2433                 77        0         0
88   Brazil 2020-03-26     3424            4318       5212               275              2915                 92        0         0
89   Brazil 2020-03-27     3752            4732       5712               301              3417                114        0         0
90   Brazil 2020-03-28     4112            5186       6260               330              3904                136        0         0
91   Brazil 2020-03-29     4507            5684       6861               362              4256                159        0         0
92   Brazil 2020-03-30     4939            6229       7519               396              4579                201        0         0
93   Brazil 2020-03-31     5413            6826       8239               434              5717                241        0         0
94   Brazil 2020-04-01     5932            7481       9030               476              6836                299        0         0
95   Brazil 2020-04-02     6501            8199       9897               522              7910                359        0         0
96   Brazil 2020-04-03     7125            8986      10847               572              9056                432        0         0
97   Brazil 2020-04-04     7809            9848      11887               627             10278                486        0         0
98   Brazil 2020-04-05     8558           10793      13028               687             11130                553        0         0
99   Brazil 2020-04-06     9379           11828      14277               753             12056                667        0         0
100  Brazil 2020-04-07    10279           12963      15647               825             13717                800        0         0
101  Brazil 2020-04-08    11264           14206      17148               904             15927                941        0         0
102  Brazil 2020-04-09    12345           15569      18793               991             17857               1056        0         0
103  Brazil 2020-04-10    13530           17063      20596              1086             19638               1124        0         0
104  Brazil 2020-04-11    14828           18700      22572              1190             20727               1223        0         0
105  Brazil 2020-04-12    16250           20494      24738              1304             22169               1328        0         0
106  Brazil 2020-04-13    17809           22460      27111              1429             23430               1532        0         0
107  Brazil 2020-04-14    19518           24615      29712              1566             25262               1736        0         0
108  Brazil 2020-04-15    21391           26977      32563              1716             28320               1924        0         0
109  Brazil 2020-04-16    23443           29565      35687              1881             30425               2141        0         0
110  Brazil 2020-04-17    25692           32401      39110              2062             33682               2347        0         0
111  Brazil 2020-04-18    28157           35510      42863              2259             36599               2462        0         0
112  Brazil 2020-04-19    30858           38917      46976              2476             38654               2575        0         0
113  Brazil 2020-04-20    33818           42650      51482              2714             40581               2741        0         0
114  Brazil 2020-04-21    37063           46742      56421              2974             43079               2741        0         0
115  Brazil 2020-04-22    40619           51227      61835              3259                NA                 NA        0         0
116  Brazil 2020-04-23    44516           56141      67766              3572                NA                 NA        0         0
117  Brazil 2020-04-24    48787           61528      74269              3915                NA                 NA        0         0
118  Brazil 2020-04-25    53468           67431      81394              4290                NA                 NA        0         0
119  Brazil 2020-04-26    58597           73900      89203              4702                NA                 NA        0         0
120  Brazil 2020-04-27    64219           80990      97761              5153                NA                 NA        0         0
121  Brazil 2020-04-28    70380           88760     107140              5648                NA                 NA        0         0

Fontes:
	OMS - https://ourworldindata.org/coronavirus-source-data
	Worldometers - https://www.worldometers.info/coronavirus