
 Italy 
Projecao:  7  dias
Gerado em:  2020-04-15 18:31:11
RMSE(%):  35.1 , BIAS(%): 9.33

Taxa de Mortalidade 13.11 %

    country       dias otimista casos_estimados pessimista estimativa_mortes casos_confirmados mortes_confirmadas latitude longitude
96    Italy 2020-04-03    65378          100775     136172             13207            119827              15362 41.87194  12.56738
97    Italy 2020-04-04    69142          106578     144014             13968            124632              15889 41.87194  12.56738
98    Italy 2020-04-05    73124          112715     152306             14772            128948              16525 41.87194  12.56738
99    Italy 2020-04-06    77335          119206     161077             15623            132547              17129 41.87194  12.56738
100   Italy 2020-04-07    81788          126070     170352             16523            135586              17669 41.87194  12.56738
101   Italy 2020-04-08    86497          133329     180161             17474            139422              18281 41.87194  12.56738
102   Italy 2020-04-09    91478          141006     190534             18480            143626              18851 41.87194  12.56738
103   Italy 2020-04-10    96745          149125     201505             19544            147577              19470 41.87194  12.56738
104   Italy 2020-04-11   102316          157712     213108             20670            152271              19901 41.87194  12.56738
105   Italy 2020-04-12   108208          166794     225380             21860            156363              20465 41.87194  12.56738
106   Italy 2020-04-13   114438          176398     238358             23118            159516              21069 41.87194  12.56738
107   Italy 2020-04-14   121028          186555     252082             24450            162488              21645 41.87194  12.56738
108   Italy 2020-04-15   127996          197297     266598             25857            165155              21645 41.87194  12.56738
109   Italy 2020-04-16   135367          208658     281949             27346                NA                 NA 41.87194  12.56738
110   Italy 2020-04-17   143162          220673     298184             28921                NA                 NA 41.87194  12.56738
111   Italy 2020-04-18   151405          233380     315355             30586                NA                 NA 41.87194  12.56738
112   Italy 2020-04-19   160123          246818     333513             32348                NA                 NA 41.87194  12.56738
113   Italy 2020-04-20   169343          261030     352717             34210                NA                 NA 41.87194  12.56738
114   Italy 2020-04-21   179094          276061     373028             36180                NA                 NA 41.87194  12.56738
115   Italy 2020-04-22   189407          291957     394507             38264                NA                 NA 41.87194  12.56738

Total de casos no mundo:  2073394 685449 966268 332556 62750 7924 17726 721 2073394

Estimados a partir dos dados da OMS:
    day       date      x   xest
1     1 2019-12-30      0    494
2     2 2019-12-31      0    522
3     3 2020-01-01      0    552
4     4 2020-01-02      0    584
5     5 2020-01-03      0    618
6     6 2020-01-04      0    653
7     7 2020-01-05      0    691
8     8 2020-01-06      0    731
9     9 2020-01-07      0    773
10   10 2020-01-08      0    817
11   11 2020-01-09      0    864
12   12 2020-01-10      0    914
13   13 2020-01-11      0    967
14   14 2020-01-12      0   1022
15   15 2020-01-13      0   1081
16   16 2020-01-14      0   1144
17   17 2020-01-15      0   1209
18   18 2020-01-16      0   1279
19   19 2020-01-17      0   1353
20   20 2020-01-18      0   1431
21   21 2020-01-19      0   1513
22   22 2020-01-20      0   1600
23   23 2020-01-21      0   1692
24   24 2020-01-22      0   1790
25   25 2020-01-23      0   1893
26   26 2020-01-24      0   2002
27   27 2020-01-25      0   2117
28   28 2020-01-26      0   2239
29   29 2020-01-27      0   2368
30   30 2020-01-28      0   2504
31   31 2020-01-29      0   2648
32   32 2020-01-30      3   2801
33   33 2020-01-31      3   2962
34   34 2020-02-01      3   3133
35   35 2020-02-02      3   3313
36   36 2020-02-03      3   3504
37   37 2020-02-04      3   3705
38   38 2020-02-05      3   3919
39   39 2020-02-06      3   4144
40   40 2020-02-07      3   4383
41   41 2020-02-08      3   4635
42   42 2020-02-09      3   4902
43   43 2020-02-10      3   5185
44   44 2020-02-11      3   5483
45   45 2020-02-12      3   5799
46   46 2020-02-13      3   6133
47   47 2020-02-14      3   6486
48   48 2020-02-15      3   6859
49   49 2020-02-16      3   7254
50   50 2020-02-17      3   7672
51   51 2020-02-18      3   8114
52   52 2020-02-19      3   8581
53   53 2020-02-20      3   9075
54   54 2020-02-21     17   9598
55   55 2020-02-22     79  10150
56   56 2020-02-23    132  10735
57   57 2020-02-24    229  11353
58   58 2020-02-25    322  12007
59   59 2020-02-26    400  12698
60   60 2020-02-27    650  13429
61   61 2020-02-28    888  14203
62   62 2020-02-29   1128  15020
63   63 2020-03-01   1689  15885
64   64 2020-03-02   2036  16800
65   65 2020-03-03   2502  17767
66   66 2020-03-04   3089  18790
67   67 2020-03-05   3858  19872
68   68 2020-03-06   4636  21017
69   69 2020-03-07   5883  22227
70   70 2020-03-08   7375  23507
71   71 2020-03-09   9172  24860
72   72 2020-03-10  10149  26292
73   73 2020-03-11  12462  27806
74   74 2020-03-12  15113  29407
75   75 2020-03-13  17660  31100
76   76 2020-03-14  21157  32891
77   77 2020-03-15  23980  34785
78   78 2020-03-16  27980  36788
79   79 2020-03-17  31506  38906
80   80 2020-03-18  35713  41146
81   81 2020-03-19  41035  43516
82   82 2020-03-20  47021  46021
83   83 2020-03-21  53578  48671
84   84 2020-03-22  59138  51474
85   85 2020-03-23  63927  54438
86   86 2020-03-24  69176  57573
87   87 2020-03-25  74386  60888
88   88 2020-03-26  80539  64394
89   89 2020-03-27  86498  68102
90   90 2020-03-28  92472  72023
91   91 2020-03-29  97689  76170
92   92 2020-03-30 101739  80556
93   93 2020-03-31 105792  85195
94   94 2020-04-01 110574  90100
95   95 2020-04-02 115242  95289
96   96 2020-04-03 119827 100775
97   97 2020-04-04 124632 106578
98   98 2020-04-05 128948 112715
99   99 2020-04-06 132547 119206
100 100 2020-04-07 135586 126070
101 101 2020-04-08 139422 133329
102 102 2020-04-09 143626 141006
103 103 2020-04-10 147577 149125
104 104 2020-04-11 152271 157712
105 105 2020-04-12 156363 166794
106 106 2020-04-13 159516 176398
107 107 2020-04-14 162488 186555
108 108 2020-04-15 165155 197297

Intervalo de Confianca
        2.5%     97.5%
b  325.69842 654.11688
y0  16.78685  19.01076


Formula: x ~ SSexp(day, b, y0)

Parameters:
    Estimate Std. Error t value      Pr(>|t|)    
b  10914.773    920.575   11.86 0.00000234963 ***
y0    39.591      1.272   31.13 0.00000000123 ***
---
Signif. codes:  0 ‘***’ 0.001 ‘**’ 0.01 ‘*’ 0.05 ‘.’ 0.1 ‘ ’ 1

Residual standard error: 1097 on 8 degrees of freedom

Number of iterations to convergence: 23 
Achieved convergence tolerance: 0.0000000149

Considerando os casos dos últimos 10 dias, temos:
Número de dias para dobrar:  0
Razao de crescimento:  10914.77

Todos os dados gerados
    country       dias otimista casos_estimados pessimista estimativa_mortes casos_confirmados mortes_confirmadas latitude longitude
1     Italy 2019-12-30      320             494        668                65                 0                  0 41.87194  12.56738
2     Italy 2019-12-31      339             522        705                68                 0                  0 41.87194  12.56738
3     Italy 2020-01-01      358             552        746                72                 0                  0 41.87194  12.56738
4     Italy 2020-01-02      379             584        789                77                 0                  0 41.87194  12.56738
5     Italy 2020-01-03      401             618        835                81                 0                  0 41.87194  12.56738
6     Italy 2020-01-04      424             653        882                86                 0                  0 41.87194  12.56738
7     Italy 2020-01-05      448             691        934                91                 0                  0 41.87194  12.56738
8     Italy 2020-01-06      474             731        988                96                 0                  0 41.87194  12.56738
9     Italy 2020-01-07      501             773       1045               101                 0                  0 41.87194  12.56738
10    Italy 2020-01-08      530             817       1104               107                 0                  0 41.87194  12.56738
11    Italy 2020-01-09      561             864       1167               113                 0                  0 41.87194  12.56738
12    Italy 2020-01-10      593             914       1235               120                 0                  0 41.87194  12.56738
13    Italy 2020-01-11      627             967       1307               127                 0                  0 41.87194  12.56738
14    Italy 2020-01-12      663            1022       1381               134                 0                  0 41.87194  12.56738
15    Italy 2020-01-13      701            1081       1461               142                 0                  0 41.87194  12.56738
16    Italy 2020-01-14      742            1144       1546               150                 0                  0 41.87194  12.56738
17    Italy 2020-01-15      784            1209       1634               158                 0                  0 41.87194  12.56738
18    Italy 2020-01-16      830            1279       1728               168                 0                  0 41.87194  12.56738
19    Italy 2020-01-17      878            1353       1828               177                 0                  0 41.87194  12.56738
20    Italy 2020-01-18      928            1431       1934               188                 0                  0 41.87194  12.56738
21    Italy 2020-01-19      982            1513       2044               198                 0                  0 41.87194  12.56738
22    Italy 2020-01-20     1038            1600       2162               210                 0                  0 41.87194  12.56738
23    Italy 2020-01-21     1098            1692       2286               222                 0                  0 41.87194  12.56738
24    Italy 2020-01-22     1161            1790       2419               235                 0                  0 41.87194  12.56738
25    Italy 2020-01-23     1228            1893       2558               248                 0                  0 41.87194  12.56738
26    Italy 2020-01-24     1299            2002       2705               262                 0                  0 41.87194  12.56738
27    Italy 2020-01-25     1373            2117       2861               277                 0                  0 41.87194  12.56738
28    Italy 2020-01-26     1453            2239       3025               293                 0                  0 41.87194  12.56738
29    Italy 2020-01-27     1536            2368       3200               310                 0                  0 41.87194  12.56738
30    Italy 2020-01-28     1624            2504       3384               328                 0                  0 41.87194  12.56738
31    Italy 2020-01-29     1718            2648       3578               347                 0                  0 41.87194  12.56738
32    Italy 2020-01-30     1817            2801       3785               367                 3                  0 41.87194  12.56738
33    Italy 2020-01-31     1922            2962       4002               388                 3                  0 41.87194  12.56738
34    Italy 2020-02-01     2033            3133       4233               411                 3                  0 41.87194  12.56738
35    Italy 2020-02-02     2149            3313       4477               434                 3                  0 41.87194  12.56738
36    Italy 2020-02-03     2273            3504       4735               459                 3                  0 41.87194  12.56738
37    Italy 2020-02-04     2404            3705       5006               486                 3                  0 41.87194  12.56738
38    Italy 2020-02-05     2542            3919       5296               514                 3                  0 41.87194  12.56738
39    Italy 2020-02-06     2688            4144       5600               543                 3                  0 41.87194  12.56738
40    Italy 2020-02-07     2843            4383       5923               574                 3                  0 41.87194  12.56738
41    Italy 2020-02-08     3007            4635       6263               607                 3                  0 41.87194  12.56738
42    Italy 2020-02-09     3180            4902       6624               642                 3                  0 41.87194  12.56738
43    Italy 2020-02-10     3364            5185       7006               680                 3                  0 41.87194  12.56738
44    Italy 2020-02-11     3557            5483       7409               719                 3                  0 41.87194  12.56738
45    Italy 2020-02-12     3762            5799       7836               760                 3                  0 41.87194  12.56738
46    Italy 2020-02-13     3979            6133       8287               804                 3                  0 41.87194  12.56738
47    Italy 2020-02-14     4208            6486       8764               850                 3                  0 41.87194  12.56738
48    Italy 2020-02-15     4450            6859       9268               899                 3                  0 41.87194  12.56738
49    Italy 2020-02-16     4706            7254       9802               951                 3                  0 41.87194  12.56738
50    Italy 2020-02-17     4977            7672      10367              1005                 3                  0 41.87194  12.56738
51    Italy 2020-02-18     5264            8114      10964              1063                 3                  0 41.87194  12.56738
52    Italy 2020-02-19     5567            8581      11595              1125                 3                  0 41.87194  12.56738
53    Italy 2020-02-20     5887            9075      12263              1189                 3                  0 41.87194  12.56738
54    Italy 2020-02-21     6227            9598      12969              1258                17                  2 41.87194  12.56738
55    Italy 2020-02-22     6585           10150      13715              1330                79                  2 41.87194  12.56738
56    Italy 2020-02-23     6964           10735      14506              1407               132                  6 41.87194  12.56738
57    Italy 2020-02-24     7365           11353      15341              1488               229                 11 41.87194  12.56738
58    Italy 2020-02-25     7790           12007      16224              1574               322                 12 41.87194  12.56738
59    Italy 2020-02-26     8238           12698      17158              1664               400                 17 41.87194  12.56738
60    Italy 2020-02-27     8712           13429      18146              1760               650                 21 41.87194  12.56738
61    Italy 2020-02-28     9214           14203      19192              1861               888                 29 41.87194  12.56738
62    Italy 2020-02-29     9744           15020      20296              1969              1128                 35 41.87194  12.56738
63    Italy 2020-03-01    10305           15885      21465              2082              1689                 52 41.87194  12.56738
64    Italy 2020-03-02    10899           16800      22701              2202              2036                 80 41.87194  12.56738
65    Italy 2020-03-03    11526           17767      24008              2329              2502                107 41.87194  12.56738
66    Italy 2020-03-04    12190           18790      25390              2463              3089                148 41.87194  12.56738
67    Italy 2020-03-05    12892           19872      26852              2604              3858                197 41.87194  12.56738
68    Italy 2020-03-06    13635           21017      28399              2754              4636                233 41.87194  12.56738
69    Italy 2020-03-07    14420           22227      30034              2913              5883                366 41.87194  12.56738
70    Italy 2020-03-08    15250           23507      31764              3081              7375                464 41.87194  12.56738
71    Italy 2020-03-09    16128           24860      33592              3258              9172                631 41.87194  12.56738
72    Italy 2020-03-10    17057           26292      35527              3446             10149                827 41.87194  12.56738
73    Italy 2020-03-11    18039           27806      37573              3644             12462               1016 41.87194  12.56738
74    Italy 2020-03-12    19078           29407      39736              3854             15113               1268 41.87194  12.56738
75    Italy 2020-03-13    20176           31100      42024              4076             17660               1441 41.87194  12.56738
76    Italy 2020-03-14    21338           32891      44444              4311             21157               1811 41.87194  12.56738
77    Italy 2020-03-15    22567           34785      47003              4559             23980               2158 41.87194  12.56738
78    Italy 2020-03-16    23866           36788      49710              4821             27980               2505 41.87194  12.56738
79    Italy 2020-03-17    25240           38906      52572              5099             31506               2978 41.87194  12.56738
80    Italy 2020-03-18    26693           41146      55599              5393             35713               3407 41.87194  12.56738
81    Italy 2020-03-19    28231           43516      58801              5703             41035               4032 41.87194  12.56738
82    Italy 2020-03-20    29856           46021      62186              6031             47021               4827 41.87194  12.56738
83    Italy 2020-03-21    31575           48671      65767              6379             53578               5476 41.87194  12.56738
84    Italy 2020-03-22    33394           51474      69554              6746             59138               6077 41.87194  12.56738
85    Italy 2020-03-23    35317           54438      73559              7135             63927               6820 41.87194  12.56738
86    Italy 2020-03-24    37350           57573      77796              7545             69176               7505 41.87194  12.56738
87    Italy 2020-03-25    39501           60888      82275              7980             74386               8165 41.87194  12.56738
88    Italy 2020-03-26    41776           64394      87012              8439             80539               9136 41.87194  12.56738
89    Italy 2020-03-27    44181           68102      92023              8925             86498              10023 41.87194  12.56738
90    Italy 2020-03-28    46725           72023      97321              9439             92472              10781 41.87194  12.56738
91    Italy 2020-03-29    49415           76170     102925              9983             97689              11591 41.87194  12.56738
92    Italy 2020-03-30    52261           80556     108851             10558            101739              12430 41.87194  12.56738
93    Italy 2020-03-31    55270           85195     115120             11166            105792              13157 41.87194  12.56738
94    Italy 2020-04-01    58452           90100     121748             11808            110574              13917 41.87194  12.56738
95    Italy 2020-04-02    61819           95289     128759             12488            115242              14681 41.87194  12.56738
96    Italy 2020-04-03    65378          100775     136172             13207            119827              15362 41.87194  12.56738
97    Italy 2020-04-04    69142          106578     144014             13968            124632              15889 41.87194  12.56738
98    Italy 2020-04-05    73124          112715     152306             14772            128948              16525 41.87194  12.56738
99    Italy 2020-04-06    77335          119206     161077             15623            132547              17129 41.87194  12.56738
100   Italy 2020-04-07    81788          126070     170352             16523            135586              17669 41.87194  12.56738
101   Italy 2020-04-08    86497          133329     180161             17474            139422              18281 41.87194  12.56738
102   Italy 2020-04-09    91478          141006     190534             18480            143626              18851 41.87194  12.56738
103   Italy 2020-04-10    96745          149125     201505             19544            147577              19470 41.87194  12.56738
104   Italy 2020-04-11   102316          157712     213108             20670            152271              19901 41.87194  12.56738
105   Italy 2020-04-12   108208          166794     225380             21860            156363              20465 41.87194  12.56738
106   Italy 2020-04-13   114438          176398     238358             23118            159516              21069 41.87194  12.56738
107   Italy 2020-04-14   121028          186555     252082             24450            162488              21645 41.87194  12.56738
108   Italy 2020-04-15   127996          197297     266598             25857            165155              21645 41.87194  12.56738
109   Italy 2020-04-16   135367          208658     281949             27346                NA                 NA 41.87194  12.56738
110   Italy 2020-04-17   143162          220673     298184             28921                NA                 NA 41.87194  12.56738
111   Italy 2020-04-18   151405          233380     315355             30586                NA                 NA 41.87194  12.56738
112   Italy 2020-04-19   160123          246818     333513             32348                NA                 NA 41.87194  12.56738
113   Italy 2020-04-20   169343          261030     352717             34210                NA                 NA 41.87194  12.56738
114   Italy 2020-04-21   179094          276061     373028             36180                NA                 NA 41.87194  12.56738
115   Italy 2020-04-22   189407          291957     394507             38264                NA                 NA 41.87194  12.56738

Fontes:
	OMS - https://ourworldindata.org/coronavirus-source-data
	Worldometers - https://www.worldometers.info/coronavirus