
 Italy 
Projecao:  7  dias
Gerado em:  2020-06-10 13:46:04
RMSE(%):  40.9 , BIAS(%): 7.96

Taxa de Mortalidade 14.47 %

    country       dias otimista casos_estimados pessimista estimativa_mortes casos_confirmados mortes_confirmadas latitude longitude
152   Italy 2020-05-29   149457          252795     356133             36578            232248              33340 41.87194  12.56738
153   Italy 2020-05-30   152182          257405     362628             37246            232664              33415 41.87194  12.56738
154   Italy 2020-05-31   154957          262099     369241             37925            233019              33475 41.87194  12.56738
155   Italy 2020-06-01   157784          266880     375976             38617            233197              33530 41.87194  12.56738
156   Italy 2020-06-02   160661          271747     382833             39321            233515              33601 41.87194  12.56738
157   Italy 2020-06-03   163591          276703     389815             40038            233836              33689 41.87194  12.56738
158   Italy 2020-06-04   166575          281749     396923             40768            234013              33774 41.87194  12.56738
159   Italy 2020-06-05   169613          286888     404163             41512            234531              33846 41.87194  12.56738
160   Italy 2020-06-06   172706          292120     411534             42269            234801              33899 41.87194  12.56738
161   Italy 2020-06-07   175855          297447     419039             43039            234998              33964 41.87194  12.56738
162   Italy 2020-06-08   179063          302872     426681             43824            235278              34043 41.87194  12.56738
163   Italy 2020-06-09   182329          308396     434463             44624            235561              34114 41.87194  12.56738
164   Italy 2020-06-10   185654          314020     442386             45437            235763              34114 41.87194  12.56738
165   Italy 2020-06-11   189040          319747     450454             46266                NA                 NA 41.87194  12.56738
166   Italy 2020-06-12   192488          325579     458670             47110                NA                 NA 41.87194  12.56738
167   Italy 2020-06-13   195998          331516     467034             47969                NA                 NA 41.87194  12.56738
168   Italy 2020-06-14   199573          337563     475553             48844                NA                 NA 41.87194  12.56738
169   Italy 2020-06-15   203212          343719     484226             49735                NA                 NA 41.87194  12.56738
170   Italy 2020-06-16   206919          349988     493057             50642                NA                 NA 41.87194  12.56738
171   Italy 2020-06-17   210692          356370     502048             51565                NA                 NA 41.87194  12.56738

Total de casos no mundo:  7387386 2341214 1230937 2138716 1459822 207089 8887 721 7387386

Estimados a partir dos dados da OMS:
    day       date      x   xest
1     1 2019-12-30      0  16502
2     2 2019-12-31      0  16803
3     3 2020-01-01      0  17110
4     4 2020-01-02      0  17422
5     5 2020-01-03      0  17740
6     6 2020-01-04      0  18063
7     7 2020-01-05      0  18392
8     8 2020-01-06      0  18728
9     9 2020-01-07      0  19069
10   10 2020-01-08      0  19417
11   11 2020-01-09      0  19771
12   12 2020-01-10      0  20132
13   13 2020-01-11      0  20499
14   14 2020-01-12      0  20873
15   15 2020-01-13      0  21254
16   16 2020-01-14      0  21641
17   17 2020-01-15      0  22036
18   18 2020-01-16      0  22438
19   19 2020-01-17      0  22847
20   20 2020-01-18      0  23264
21   21 2020-01-19      0  23688
22   22 2020-01-20      0  24120
23   23 2020-01-21      0  24560
24   24 2020-01-22      0  25008
25   25 2020-01-23      0  25464
26   26 2020-01-24      0  25928
27   27 2020-01-25      0  26401
28   28 2020-01-26      0  26883
29   29 2020-01-27      0  27373
30   30 2020-01-28      0  27872
31   31 2020-01-29      0  28380
32   32 2020-01-30      3  28898
33   33 2020-01-31      3  29425
34   34 2020-02-01      3  29962
35   35 2020-02-02      3  30508
36   36 2020-02-03      3  31065
37   37 2020-02-04      3  31631
38   38 2020-02-05      3  32208
39   39 2020-02-06      3  32795
40   40 2020-02-07      3  33394
41   41 2020-02-08      3  34003
42   42 2020-02-09      3  34623
43   43 2020-02-10      3  35254
44   44 2020-02-11      3  35897
45   45 2020-02-12      3  36552
46   46 2020-02-13      3  37218
47   47 2020-02-14      3  37897
48   48 2020-02-15      3  38588
49   49 2020-02-16      3  39292
50   50 2020-02-17      3  40009
51   51 2020-02-18      3  40738
52   52 2020-02-19      3  41481
53   53 2020-02-20      3  42238
54   54 2020-02-21     17  43008
55   55 2020-02-22     79  43792
56   56 2020-02-23    132  44591
57   57 2020-02-24    229  45404
58   58 2020-02-25    322  46232
59   59 2020-02-26    400  47076
60   60 2020-02-27    650  47934
61   61 2020-02-28    888  48808
62   62 2020-02-29   1128  49699
63   63 2020-03-01   1689  50605
64   64 2020-03-02   2036  51528
65   65 2020-03-03   2502  52468
66   66 2020-03-04   3089  53424
67   67 2020-03-05   3858  54399
68   68 2020-03-06   4636  55391
69   69 2020-03-07   5883  56401
70   70 2020-03-08   7375  57430
71   71 2020-03-09   9172  58477
72   72 2020-03-10  10149  59544
73   73 2020-03-11  12462  60630
74   74 2020-03-12  15113  61735
75   75 2020-03-13  17660  62861
76   76 2020-03-14  21157  64008
77   77 2020-03-15  23980  65175
78   78 2020-03-16  27980  66364
79   79 2020-03-17  31506  67574
80   80 2020-03-18  35713  68806
81   81 2020-03-19  41035  70061
82   82 2020-03-20  47021  71339
83   83 2020-03-21  53578  72640
84   84 2020-03-22  59138  73965
85   85 2020-03-23  63927  75314
86   86 2020-03-24  69176  76687
87   87 2020-03-25  74386  78086
88   88 2020-03-26  80539  79510
89   89 2020-03-27  86498  80960
90   90 2020-03-28  92472  82437
91   91 2020-03-29  97689  83940
92   92 2020-03-30 101739  85471
93   93 2020-03-31 105792  87030
94   94 2020-04-01 110574  88617
95   95 2020-04-02 115242  90233
96   96 2020-04-03 119827  91879
97   97 2020-04-04 124632  93554
98   98 2020-04-05 128948  95261
99   99 2020-04-06 132547  96998
100 100 2020-04-07 135586  98767
101 101 2020-04-08 139422 100568
102 102 2020-04-09 143626 102402
103 103 2020-04-10 147577 104270
104 104 2020-04-11 152271 106172
105 105 2020-04-12 156363 108108
106 106 2020-04-13 159516 110080
107 107 2020-04-14 162488 112087
108 108 2020-04-15 165155 114131
109 109 2020-04-16 168941 116213
110 110 2020-04-17 172434 118332
111 111 2020-04-18 175925 120490
112 112 2020-04-19 178972 122688
113 113 2020-04-20 181228 124925
114 114 2020-04-21 183957 127204
115 115 2020-04-22 187327 129524
116 116 2020-04-23 189973 131886
117 117 2020-04-24 192994 134291
118 118 2020-04-25 195351 136740
119 119 2020-04-26 197675 139234
120 120 2020-04-27 199414 141773
121 121 2020-04-28 201505 144359
122 122 2020-04-29 203591 146992
123 123 2020-04-30 205463 149673
124 124 2020-05-01 207428 152402
125 125 2020-05-02 209328 155182
126 126 2020-05-03 210717 158012
127 127 2020-05-04 211938 160894
128 128 2020-05-05 213013 163828
129 129 2020-05-06 214457 166816
130 130 2020-05-07 215858 169858
131 131 2020-05-08 217185 172956
132 132 2020-05-09 218268 176110
133 133 2020-05-10 219070 179322
134 134 2020-05-11 219814 182593
135 135 2020-05-12 221216 185923
136 136 2020-05-13 222104 189313
137 137 2020-05-14 223096 192766
138 138 2020-05-15 223885 196282
139 139 2020-05-16 224760 199861
140 140 2020-05-17 225435 203506
141 141 2020-05-18 225886 207218
142 142 2020-05-19 226699 210997
143 143 2020-05-20 227364 214845
144 144 2020-05-21 228006 218763
145 145 2020-05-22 228658 222753
146 146 2020-05-23 229327 226816
147 147 2020-05-24 229858 230952
148 148 2020-05-25 230158 235164
149 149 2020-05-26 230555 239453
150 150 2020-05-27 231139 243820
151 151 2020-05-28 231732 248267
152 152 2020-05-29 232248 252795
153 153 2020-05-30 232664 257405
154 154 2020-05-31 233019 262099
155 155 2020-06-01 233197 266880
156 156 2020-06-02 233515 271747
157 157 2020-06-03 233836 276703
158 158 2020-06-04 234013 281749
159 159 2020-06-05 234531 286888
160 160 2020-06-06 234801 292120
161 161 2020-06-07 234998 297447
162 162 2020-06-08 235278 302872
163 163 2020-06-09 235561 308396
164 164 2020-06-10 235763 314020

Intervalo de Confianca
          2.5%      97.5%
b  13062.06927 19784.1278
y0    51.04308    60.0889


Formula: x ~ SSexp(day, b, y0)

Parameters:
    Estimate Std. Error t value            Pr(>|t|)    
b  192573.84    1141.67  168.68 0.00000000000000171 ***
y0    808.91      24.31   33.27 0.00000000072710278 ***
---
Signif. codes:  0 ‘***’ 0.001 ‘**’ 0.01 ‘*’ 0.05 ‘.’ 0.1 ‘ ’ 1

Residual standard error: 79.16 on 8 degrees of freedom

Number of iterations to convergence: 57 
Achieved convergence tolerance: 0.0000000149

Considerando os casos dos últimos 10 dias, temos:
Número de dias para dobrar:  808.9
Razao de crescimento:  192573.8

Todos os dados gerados
    country       dias otimista casos_estimados pessimista estimativa_mortes casos_confirmados mortes_confirmadas latitude longitude
1     Italy 2019-12-30     9756           16502      23248              2388                 0                  0 41.87194  12.56738
2     Italy 2019-12-31     9934           16803      23672              2431                 0                  0 41.87194  12.56738
3     Italy 2020-01-01    10116           17110      24104              2476                 0                  0 41.87194  12.56738
4     Italy 2020-01-02    10300           17422      24544              2521                 0                  0 41.87194  12.56738
5     Italy 2020-01-03    10488           17740      24992              2567                 0                  0 41.87194  12.56738
6     Italy 2020-01-04    10679           18063      25447              2614                 0                  0 41.87194  12.56738
7     Italy 2020-01-05    10874           18392      25910              2661                 0                  0 41.87194  12.56738
8     Italy 2020-01-06    11072           18728      26384              2710                 0                  0 41.87194  12.56738
9     Italy 2020-01-07    11274           19069      26864              2759                 0                  0 41.87194  12.56738
10    Italy 2020-01-08    11480           19417      27354              2810                 0                  0 41.87194  12.56738
11    Italy 2020-01-09    11689           19771      27853              2861                 0                  0 41.87194  12.56738
12    Italy 2020-01-10    11902           20132      28362              2913                 0                  0 41.87194  12.56738
13    Italy 2020-01-11    12119           20499      28879              2966                 0                  0 41.87194  12.56738
14    Italy 2020-01-12    12340           20873      29406              3020                 0                  0 41.87194  12.56738
15    Italy 2020-01-13    12566           21254      29942              3075                 0                  0 41.87194  12.56738
16    Italy 2020-01-14    12795           21641      30487              3131                 0                  0 41.87194  12.56738
17    Italy 2020-01-15    13028           22036      31044              3189                 0                  0 41.87194  12.56738
18    Italy 2020-01-16    13266           22438      31610              3247                 0                  0 41.87194  12.56738
19    Italy 2020-01-17    13508           22847      32186              3306                 0                  0 41.87194  12.56738
20    Italy 2020-01-18    13754           23264      32774              3366                 0                  0 41.87194  12.56738
21    Italy 2020-01-19    14005           23688      33371              3428                 0                  0 41.87194  12.56738
22    Italy 2020-01-20    14260           24120      33980              3490                 0                  0 41.87194  12.56738
23    Italy 2020-01-21    14520           24560      34600              3554                 0                  0 41.87194  12.56738
24    Italy 2020-01-22    14785           25008      35231              3619                 0                  0 41.87194  12.56738
25    Italy 2020-01-23    15055           25464      35873              3685                 0                  0 41.87194  12.56738
26    Italy 2020-01-24    15329           25928      36527              3752                 0                  0 41.87194  12.56738
27    Italy 2020-01-25    15609           26401      37193              3820                 0                  0 41.87194  12.56738
28    Italy 2020-01-26    15894           26883      37872              3890                 0                  0 41.87194  12.56738
29    Italy 2020-01-27    16183           27373      38563              3961                 0                  0 41.87194  12.56738
30    Italy 2020-01-28    16478           27872      39266              4033                 0                  0 41.87194  12.56738
31    Italy 2020-01-29    16779           28380      39981              4106                 0                  0 41.87194  12.56738
32    Italy 2020-01-30    17085           28898      40711              4181                 3                  0 41.87194  12.56738
33    Italy 2020-01-31    17397           29425      41453              4258                 3                  0 41.87194  12.56738
34    Italy 2020-02-01    17714           29962      42210              4335                 3                  0 41.87194  12.56738
35    Italy 2020-02-02    18037           30508      42979              4414                 3                  0 41.87194  12.56738
36    Italy 2020-02-03    18366           31065      43764              4495                 3                  0 41.87194  12.56738
37    Italy 2020-02-04    18701           31631      44561              4577                 3                  0 41.87194  12.56738
38    Italy 2020-02-05    19042           32208      45374              4660                 3                  0 41.87194  12.56738
39    Italy 2020-02-06    19389           32795      46201              4745                 3                  0 41.87194  12.56738
40    Italy 2020-02-07    19743           33394      47045              4832                 3                  0 41.87194  12.56738
41    Italy 2020-02-08    20103           34003      47903              4920                 3                  0 41.87194  12.56738
42    Italy 2020-02-09    20470           34623      48776              5010                 3                  0 41.87194  12.56738
43    Italy 2020-02-10    20843           35254      49665              5101                 3                  0 41.87194  12.56738
44    Italy 2020-02-11    21223           35897      50571              5194                 3                  0 41.87194  12.56738
45    Italy 2020-02-12    21610           36552      51494              5289                 3                  0 41.87194  12.56738
46    Italy 2020-02-13    22004           37218      52432              5385                 3                  0 41.87194  12.56738
47    Italy 2020-02-14    22405           37897      53389              5484                 3                  0 41.87194  12.56738
48    Italy 2020-02-15    22814           38588      54362              5584                 3                  0 41.87194  12.56738
49    Italy 2020-02-16    23230           39292      55354              5685                 3                  0 41.87194  12.56738
50    Italy 2020-02-17    23654           40009      56364              5789                 3                  0 41.87194  12.56738
51    Italy 2020-02-18    24085           40738      57391              5895                 3                  0 41.87194  12.56738
52    Italy 2020-02-19    24524           41481      58438              6002                 3                  0 41.87194  12.56738
53    Italy 2020-02-20    24972           42238      59504              6112                 3                  0 41.87194  12.56738
54    Italy 2020-02-21    25427           43008      60589              6223                17                  2 41.87194  12.56738
55    Italy 2020-02-22    25891           43792      61693              6337                79                  2 41.87194  12.56738
56    Italy 2020-02-23    26363           44591      62819              6452               132                  6 41.87194  12.56738
57    Italy 2020-02-24    26844           45404      63964              6570               229                 11 41.87194  12.56738
58    Italy 2020-02-25    27333           46232      65131              6690               322                 12 41.87194  12.56738
59    Italy 2020-02-26    27832           47076      66320              6812               400                 17 41.87194  12.56738
60    Italy 2020-02-27    28339           47934      67529              6936               650                 21 41.87194  12.56738
61    Italy 2020-02-28    28856           48808      68760              7062               888                 29 41.87194  12.56738
62    Italy 2020-02-29    29383           49699      70015              7191              1128                 35 41.87194  12.56738
63    Italy 2020-03-01    29918           50605      71292              7322              1689                 52 41.87194  12.56738
64    Italy 2020-03-02    30464           51528      72592              7456              2036                 80 41.87194  12.56738
65    Italy 2020-03-03    31020           52468      73916              7592              2502                107 41.87194  12.56738
66    Italy 2020-03-04    31585           53424      75263              7730              3089                148 41.87194  12.56738
67    Italy 2020-03-05    32162           54399      76636              7871              3858                197 41.87194  12.56738
68    Italy 2020-03-06    32748           55391      78034              8015              4636                233 41.87194  12.56738
69    Italy 2020-03-07    33345           56401      79457              8161              5883                366 41.87194  12.56738
70    Italy 2020-03-08    33954           57430      80906              8310              7375                464 41.87194  12.56738
71    Italy 2020-03-09    34573           58477      82381              8461              9172                631 41.87194  12.56738
72    Italy 2020-03-10    35203           59544      83885              8616             10149                827 41.87194  12.56738
73    Italy 2020-03-11    35845           60630      85415              8773             12462               1016 41.87194  12.56738
74    Italy 2020-03-12    36499           61735      86971              8933             15113               1268 41.87194  12.56738
75    Italy 2020-03-13    37164           62861      88558              9096             17660               1441 41.87194  12.56738
76    Italy 2020-03-14    37843           64008      90173              9262             21157               1811 41.87194  12.56738
77    Italy 2020-03-15    38533           65175      91817              9431             23980               2158 41.87194  12.56738
78    Italy 2020-03-16    39235           66364      93493              9603             27980               2505 41.87194  12.56738
79    Italy 2020-03-17    39951           67574      95197              9778             31506               2978 41.87194  12.56738
80    Italy 2020-03-18    40679           68806      96933              9956             35713               3407 41.87194  12.56738
81    Italy 2020-03-19    41421           70061      98701             10138             41035               4032 41.87194  12.56738
82    Italy 2020-03-20    42177           71339     100501             10322             47021               4827 41.87194  12.56738
83    Italy 2020-03-21    42946           72640     102334             10511             53578               5476 41.87194  12.56738
84    Italy 2020-03-22    43729           73965     104201             10702             59138               6077 41.87194  12.56738
85    Italy 2020-03-23    44527           75314     106101             10898             63927               6820 41.87194  12.56738
86    Italy 2020-03-24    45339           76687     108035             11096             69176               7505 41.87194  12.56738
87    Italy 2020-03-25    46166           78086     110006             11299             74386               8165 41.87194  12.56738
88    Italy 2020-03-26    47008           79510     112012             11505             80539               9136 41.87194  12.56738
89    Italy 2020-03-27    47865           80960     114055             11715             86498              10023 41.87194  12.56738
90    Italy 2020-03-28    48738           82437     116136             11928             92472              10781 41.87194  12.56738
91    Italy 2020-03-29    49627           83940     118253             12146             97689              11591 41.87194  12.56738
92    Italy 2020-03-30    50532           85471     120410             12367            101739              12430 41.87194  12.56738
93    Italy 2020-03-31    51454           87030     122606             12593            105792              13157 41.87194  12.56738
94    Italy 2020-04-01    52392           88617     124842             12823            110574              13917 41.87194  12.56738
95    Italy 2020-04-02    53347           90233     127119             13056            115242              14681 41.87194  12.56738
96    Italy 2020-04-03    54320           91879     129438             13295            119827              15362 41.87194  12.56738
97    Italy 2020-04-04    55311           93554     131797             13537            124632              15889 41.87194  12.56738
98    Italy 2020-04-05    56320           95261     134202             13784            128948              16525 41.87194  12.56738
99    Italy 2020-04-06    57347           96998     136649             14035            132547              17129 41.87194  12.56738
100   Italy 2020-04-07    58393           98767     139141             14291            135586              17669 41.87194  12.56738
101   Italy 2020-04-08    59457          100568     141679             14552            139422              18281 41.87194  12.56738
102   Italy 2020-04-09    60542          102402     144262             14817            143626              18851 41.87194  12.56738
103   Italy 2020-04-10    61646          104270     146894             15087            147577              19470 41.87194  12.56738
104   Italy 2020-04-11    62771          106172     149573             15363            152271              19901 41.87194  12.56738
105   Italy 2020-04-12    63915          108108     152301             15643            156363              20465 41.87194  12.56738
106   Italy 2020-04-13    65081          110080     155079             15928            159516              21069 41.87194  12.56738
107   Italy 2020-04-14    66268          112087     157906             16219            162488              21647 41.87194  12.56738
108   Italy 2020-04-15    67476          114131     160786             16514            165155              22172 41.87194  12.56738
109   Italy 2020-04-16    68707          116213     163719             16816            168941              22747 41.87194  12.56738
110   Italy 2020-04-17    69960          118332     166704             17122            172434              23227 41.87194  12.56738
111   Italy 2020-04-18    71236          120490     169744             17434            175925              23660 41.87194  12.56738
112   Italy 2020-04-19    72535          122688     172841             17752            178972              24114 41.87194  12.56738
113   Italy 2020-04-20    73858          124925     175992             18076            181228              24648 41.87194  12.56738
114   Italy 2020-04-21    75205          127204     179203             18406            183957              25085 41.87194  12.56738
115   Italy 2020-04-22    76577          129524     182471             18742            187327              25549 41.87194  12.56738
116   Italy 2020-04-23    77973          131886     185799             19083            189973              25969 41.87194  12.56738
117   Italy 2020-04-24    79395          134291     189187             19431            192994              26384 41.87194  12.56738
118   Italy 2020-04-25    80843          136740     192637             19786            195351              26644 41.87194  12.56738
119   Italy 2020-04-26    82317          139234     196151             20147            197675              26977 41.87194  12.56738
120   Italy 2020-04-27    83818          141773     199728             20514            199414              27359 41.87194  12.56738
121   Italy 2020-04-28    85347          144359     203371             20888            201505              27682 41.87194  12.56738
122   Italy 2020-04-29    86904          146992     207080             21269            203591              27967 41.87194  12.56738
123   Italy 2020-04-30    88489          149673     210857             21657            205463              28236 41.87194  12.56738
124   Italy 2020-05-01    90103          152402     214701             22052            207428              28710 41.87194  12.56738
125   Italy 2020-05-02    91746          155182     218618             22454            209328              28884 41.87194  12.56738
126   Italy 2020-05-03    93419          158012     222605             22864            210717              29079 41.87194  12.56738
127   Italy 2020-05-04    95123          160894     226665             23281            211938              29315 41.87194  12.56738
128   Italy 2020-05-05    96858          163828     230798             23705            213013              29684 41.87194  12.56738
129   Italy 2020-05-06    98624          166816     235008             24138            214457              29958 41.87194  12.56738
130   Italy 2020-05-07   100423          169858     239293             24578            215858              30201 41.87194  12.56738
131   Italy 2020-05-08   102254          172956     243658             25026            217185              30395 41.87194  12.56738
132   Italy 2020-05-09   104119          176110     248101             25482            218268              30560 41.87194  12.56738
133   Italy 2020-05-10   106018          179322     252626             25947            219070              30739 41.87194  12.56738
134   Italy 2020-05-11   107952          182593     257234             26421            219814              30911 41.87194  12.56738
135   Italy 2020-05-12   109921          185923     261925             26902            221216              31106 41.87194  12.56738
136   Italy 2020-05-13   111925          189313     266701             27393            222104              31368 41.87194  12.56738
137   Italy 2020-05-14   113966          192766     271566             27892            223096              31610 41.87194  12.56738
138   Italy 2020-05-15   116045          196282     276519             28401            223885              31763 41.87194  12.56738
139   Italy 2020-05-16   118161          199861     281561             28919            224760              31908 41.87194  12.56738
140   Italy 2020-05-17   120316          203506     286696             29447            225435              32007 41.87194  12.56738
141   Italy 2020-05-18   122511          207218     291925             29984            225886              32169 41.87194  12.56738
142   Italy 2020-05-19   124745          210997     297249             30530            226699              32330 41.87194  12.56738
143   Italy 2020-05-20   127020          214845     302670             31087            227364              32486 41.87194  12.56738
144   Italy 2020-05-21   129336          218763     308190             31654            228006              32616 41.87194  12.56738
145   Italy 2020-05-22   131695          222753     313811             32232            228658              32735 41.87194  12.56738
146   Italy 2020-05-23   134097          226816     319535             32819            229327              32785 41.87194  12.56738
147   Italy 2020-05-24   136543          230952     325361             33418            229858              32877 41.87194  12.56738
148   Italy 2020-05-25   139033          235164     331295             34027            230158              32955 41.87194  12.56738
149   Italy 2020-05-26   141569          239453     337337             34648            230555              33072 41.87194  12.56738
150   Italy 2020-05-27   144150          243820     343490             35280            231139              33142 41.87194  12.56738
151   Italy 2020-05-28   146779          248267     349755             35923            231732              33229 41.87194  12.56738
152   Italy 2020-05-29   149457          252795     356133             36578            232248              33340 41.87194  12.56738
153   Italy 2020-05-30   152182          257405     362628             37246            232664              33415 41.87194  12.56738
154   Italy 2020-05-31   154957          262099     369241             37925            233019              33475 41.87194  12.56738
155   Italy 2020-06-01   157784          266880     375976             38617            233197              33530 41.87194  12.56738
156   Italy 2020-06-02   160661          271747     382833             39321            233515              33601 41.87194  12.56738
157   Italy 2020-06-03   163591          276703     389815             40038            233836              33689 41.87194  12.56738
158   Italy 2020-06-04   166575          281749     396923             40768            234013              33774 41.87194  12.56738
159   Italy 2020-06-05   169613          286888     404163             41512            234531              33846 41.87194  12.56738
160   Italy 2020-06-06   172706          292120     411534             42269            234801              33899 41.87194  12.56738
161   Italy 2020-06-07   175855          297447     419039             43039            234998              33964 41.87194  12.56738
162   Italy 2020-06-08   179063          302872     426681             43824            235278              34043 41.87194  12.56738
163   Italy 2020-06-09   182329          308396     434463             44624            235561              34114 41.87194  12.56738
164   Italy 2020-06-10   185654          314020     442386             45437            235763              34114 41.87194  12.56738
165   Italy 2020-06-11   189040          319747     450454             46266                NA                 NA 41.87194  12.56738
166   Italy 2020-06-12   192488          325579     458670             47110                NA                 NA 41.87194  12.56738
167   Italy 2020-06-13   195998          331516     467034             47969                NA                 NA 41.87194  12.56738
168   Italy 2020-06-14   199573          337563     475553             48844                NA                 NA 41.87194  12.56738
169   Italy 2020-06-15   203212          343719     484226             49735                NA                 NA 41.87194  12.56738
170   Italy 2020-06-16   206919          349988     493057             50642                NA                 NA 41.87194  12.56738
171   Italy 2020-06-17   210692          356370     502048             51565                NA                 NA 41.87194  12.56738

Fontes:
	OMS - https://ourworldindata.org/coronavirus-source-data
	Worldometers - https://www.worldometers.info/coronavirus