
 Italy 
Projecao:  7  dias
Gerado em:  2020-03-30 13:01:22
RMSE(%):  28.6 , BIAS(%): 7.15

Taxa de Mortalidade 11.03 %

   country       dias otimista casos_estimados pessimista estimativa_mortes casos_confirmados mortes_confirmadas latitude longitude
80   Italy 2020-03-18    24027           33665      43303              3715             35713               2978 41.87194  12.56738
81   Italy 2020-03-19    26586           37250      47914              4110             41035               3407 41.87194  12.56738
82   Italy 2020-03-20    29417           41217      53017              4548             47021               4032 41.87194  12.56738
83   Italy 2020-03-21    32550           45606      58662              5032             53578               4827 41.87194  12.56738
84   Italy 2020-03-22    36016           50463      64910              5568             59138               5476 41.87194  12.56738
85   Italy 2020-03-23    39853           55838      71823              6161             63927               6077 41.87194  12.56738
86   Italy 2020-03-24    44096           61784      79472              6817             69176               6820 41.87194  12.56738
87   Italy 2020-03-25    48793           68364      87935              7543             74386               7505 41.87194  12.56738
88   Italy 2020-03-26    53989           75644      97299              8347             80539               8165 41.87194  12.56738
89   Italy 2020-03-27    59738           83700     107662              9235             86498               9136 41.87194  12.56738
90   Italy 2020-03-28    66100           92614     119128             10219             92472              10023 41.87194  12.56738
91   Italy 2020-03-29    73140          102477     131814             11307             97689              10781 41.87194  12.56738
92   Italy 2020-03-30    80929          113391     145853             12512             97689              10779 41.87194  12.56738
93   Italy 2020-03-31    89548          125467     161386             13844                NA                 NA 41.87194  12.56738
94   Italy 2020-04-01    99084          138828     178572             15318                NA                 NA 41.87194  12.56738
95   Italy 2020-04-02   109637          153613     197589             16950                NA                 NA 41.87194  12.56738
96   Italy 2020-04-03   121312          169972     218632             18755                NA                 NA 41.87194  12.56738
97   Italy 2020-04-04   134232          188074     241916             20752                NA                 NA 41.87194  12.56738
98   Italy 2020-04-05   148527          208103     267679             22962                NA                 NA 41.87194  12.56738
99   Italy 2020-04-06   164345          230266     296187             25408                NA                 NA 41.87194  12.56738

Total de casos no mundo:  746112

Estimados a partir dos dados da OMS:
   day       date     x   xest
1    1 2019-12-30     0     11
2    2 2019-12-31     0     13
3    3 2020-01-01     0     14
4    4 2020-01-02     0     15
5    5 2020-01-03     0     17
6    6 2020-01-04     0     19
7    7 2020-01-05     0     21
8    8 2020-01-06     0     23
9    9 2020-01-07     0     26
10  10 2020-01-08     0     28
11  11 2020-01-09     0     31
12  12 2020-01-10     0     35
13  13 2020-01-11     0     38
14  14 2020-01-12     0     42
15  15 2020-01-13     0     47
16  16 2020-01-14     0     52
17  17 2020-01-15     0     57
18  18 2020-01-16     0     63
19  19 2020-01-17     0     70
20  20 2020-01-18     0     78
21  21 2020-01-19     0     86
22  22 2020-01-20     0     95
23  23 2020-01-21     0    105
24  24 2020-01-22     0    116
25  25 2020-01-23     0    129
26  26 2020-01-24     0    143
27  27 2020-01-25     0    158
28  28 2020-01-26     0    174
29  29 2020-01-27     0    193
30  30 2020-01-28     0    214
31  31 2020-01-29     0    236
32  32 2020-01-30     3    262
33  33 2020-01-31     3    289
34  34 2020-02-01     3    320
35  35 2020-02-02     3    354
36  36 2020-02-03     3    392
37  37 2020-02-04     3    434
38  38 2020-02-05     3    480
39  39 2020-02-06     3    531
40  40 2020-02-07     3    588
41  41 2020-02-08     3    650
42  42 2020-02-09     3    720
43  43 2020-02-10     3    796
44  44 2020-02-11     3    881
45  45 2020-02-12     3    975
46  46 2020-02-13     3   1079
47  47 2020-02-14     3   1193
48  48 2020-02-15     3   1321
49  49 2020-02-16     3   1461
50  50 2020-02-17     3   1617
51  51 2020-02-18     3   1789
52  52 2020-02-19     3   1980
53  53 2020-02-20     3   2190
54  54 2020-02-21    17   2424
55  55 2020-02-22    79   2682
56  56 2020-02-23   132   2967
57  57 2020-02-24   229   3283
58  58 2020-02-25   322   3633
59  59 2020-02-26   400   4020
60  60 2020-02-27   650   4448
61  61 2020-02-28   888   4922
62  62 2020-02-29  1128   5446
63  63 2020-03-01  1689   6026
64  64 2020-03-02  1835   6668
65  65 2020-03-03  2502   7378
66  66 2020-03-04  3089   8163
67  67 2020-03-05  3858   9033
68  68 2020-03-06  4636   9995
69  69 2020-03-07  5883  11059
70  70 2020-03-08  7375  12237
71  71 2020-03-09  9172  13540
72  72 2020-03-10 10149  14982
73  73 2020-03-11 12462  16578
74  74 2020-03-12 15113  18343
75  75 2020-03-13 17660  20297
76  76 2020-03-14 17750  22458
77  77 2020-03-15 23980  24850
78  78 2020-03-16 27980  27496
79  79 2020-03-17 31506  30425
80  80 2020-03-18 35713  33665
81  81 2020-03-19 41035  37250
82  82 2020-03-20 47021  41217
83  83 2020-03-21 53578  45606
84  84 2020-03-22 59138  50463
85  85 2020-03-23 63927  55838
86  86 2020-03-24 69176  61784
87  87 2020-03-25 74386  68364
88  88 2020-03-26 80539  75644
89  89 2020-03-27 86498  83700
90  90 2020-03-28 92472  92614
91  91 2020-03-29 97689 102477
92  92 2020-03-30 97689 113391


Todos os dados gerados
   country       dias otimista casos_estimados pessimista estimativa_mortes casos_confirmados mortes_confirmadas latitude longitude
1    Italy 2019-12-30        8              11         14                 1                 0                  0 41.87194  12.56738
2    Italy 2019-12-31        9              13         17                 1                 0                  0 41.87194  12.56738
3    Italy 2020-01-01       10              14         18                 2                 0                  0 41.87194  12.56738
4    Italy 2020-01-02       11              15         19                 2                 0                  0 41.87194  12.56738
5    Italy 2020-01-03       12              17         22                 2                 0                  0 41.87194  12.56738
6    Italy 2020-01-04       14              19         24                 2                 0                  0 41.87194  12.56738
7    Italy 2020-01-05       15              21         27                 2                 0                  0 41.87194  12.56738
8    Italy 2020-01-06       16              23         30                 3                 0                  0 41.87194  12.56738
9    Italy 2020-01-07       19              26         33                 3                 0                  0 41.87194  12.56738
10   Italy 2020-01-08       20              28         36                 3                 0                  0 41.87194  12.56738
11   Italy 2020-01-09       22              31         40                 3                 0                  0 41.87194  12.56738
12   Italy 2020-01-10       25              35         45                 4                 0                  0 41.87194  12.56738
13   Italy 2020-01-11       27              38         49                 4                 0                  0 41.87194  12.56738
14   Italy 2020-01-12       30              42         54                 5                 0                  0 41.87194  12.56738
15   Italy 2020-01-13       34              47         60                 5                 0                  0 41.87194  12.56738
16   Italy 2020-01-14       37              52         67                 6                 0                  0 41.87194  12.56738
17   Italy 2020-01-15       41              57         73                 6                 0                  0 41.87194  12.56738
18   Italy 2020-01-16       45              63         81                 7                 0                  0 41.87194  12.56738
19   Italy 2020-01-17       50              70         90                 8                 0                  0 41.87194  12.56738
20   Italy 2020-01-18       56              78        100                 9                 0                  0 41.87194  12.56738
21   Italy 2020-01-19       61              86        111                 9                 0                  0 41.87194  12.56738
22   Italy 2020-01-20       68              95        122                10                 0                  0 41.87194  12.56738
23   Italy 2020-01-21       75             105        135                12                 0                  0 41.87194  12.56738
24   Italy 2020-01-22       83             116        149                13                 0                  0 41.87194  12.56738
25   Italy 2020-01-23       92             129        166                14                 0                  0 41.87194  12.56738
26   Italy 2020-01-24      102             143        184                16                 0                  0 41.87194  12.56738
27   Italy 2020-01-25      113             158        203                17                 0                  0 41.87194  12.56738
28   Italy 2020-01-26      124             174        224                19                 0                  0 41.87194  12.56738
29   Italy 2020-01-27      138             193        248                21                 0                  0 41.87194  12.56738
30   Italy 2020-01-28      153             214        275                24                 0                  0 41.87194  12.56738
31   Italy 2020-01-29      168             236        304                26                 0                  0 41.87194  12.56738
32   Italy 2020-01-30      187             262        337                29                 3                  0 41.87194  12.56738
33   Italy 2020-01-31      206             289        372                32                 3                  0 41.87194  12.56738
34   Italy 2020-02-01      228             320        412                35                 3                  0 41.87194  12.56738
35   Italy 2020-02-02      253             354        455                39                 3                  0 41.87194  12.56738
36   Italy 2020-02-03      280             392        504                43                 3                  0 41.87194  12.56738
37   Italy 2020-02-04      310             434        558                48                 3                  0 41.87194  12.56738
38   Italy 2020-02-05      343             480        617                53                 3                  0 41.87194  12.56738
39   Italy 2020-02-06      379             531        683                59                 3                  0 41.87194  12.56738
40   Italy 2020-02-07      420             588        756                65                 3                  0 41.87194  12.56738
41   Italy 2020-02-08      464             650        836                72                 3                  0 41.87194  12.56738
42   Italy 2020-02-09      514             720        926                79                 3                  0 41.87194  12.56738
43   Italy 2020-02-10      568             796       1024                88                 3                  0 41.87194  12.56738
44   Italy 2020-02-11      629             881       1133                97                 3                  0 41.87194  12.56738
45   Italy 2020-02-12      696             975       1254               108                 3                  0 41.87194  12.56738
46   Italy 2020-02-13      770            1079       1388               119                 3                  0 41.87194  12.56738
47   Italy 2020-02-14      851            1193       1535               132                 3                  0 41.87194  12.56738
48   Italy 2020-02-15      943            1321       1699               146                 3                  0 41.87194  12.56738
49   Italy 2020-02-16     1043            1461       1879               161                 3                  0 41.87194  12.56738
50   Italy 2020-02-17     1154            1617       2080               178                 3                  0 41.87194  12.56738
51   Italy 2020-02-18     1277            1789       2301               197                 3                  0 41.87194  12.56738
52   Italy 2020-02-19     1413            1980       2547               218                 3                  0 41.87194  12.56738
53   Italy 2020-02-20     1563            2190       2817               242                 3                  0 41.87194  12.56738
54   Italy 2020-02-21     1730            2424       3118               267                17                  0 41.87194  12.56738
55   Italy 2020-02-22     1914            2682       3450               296                79                  2 41.87194  12.56738
56   Italy 2020-02-23     2118            2967       3816               327               132                  2 41.87194  12.56738
57   Italy 2020-02-24     2343            3283       4223               362               229                  6 41.87194  12.56738
58   Italy 2020-02-25     2593            3633       4673               401               322                 11 41.87194  12.56738
59   Italy 2020-02-26     2869            4020       5171               444               400                 12 41.87194  12.56738
60   Italy 2020-02-27     3175            4448       5721               491               650                 17 41.87194  12.56738
61   Italy 2020-02-28     3513            4922       6331               543               888                 21 41.87194  12.56738
62   Italy 2020-02-29     3887            5446       7005               601              1128                 29 41.87194  12.56738
63   Italy 2020-03-01     4301            6026       7751               665              1689                 35 41.87194  12.56738
64   Italy 2020-03-02     4759            6668       8577               736              1835                 52 41.87194  12.56738
65   Italy 2020-03-03     5266            7378       9490               814              2502                 80 41.87194  12.56738
66   Italy 2020-03-04     5826            8163      10500               901              3089                107 41.87194  12.56738
67   Italy 2020-03-05     6447            9033      11619               997              3858                148 41.87194  12.56738
68   Italy 2020-03-06     7134            9995      12856              1103              4636                197 41.87194  12.56738
69   Italy 2020-03-07     7893           11059      14225              1220              5883                233 41.87194  12.56738
70   Italy 2020-03-08     8734           12237      15740              1350              7375                366 41.87194  12.56738
71   Italy 2020-03-09     9664           13540      17416              1494              9172                464 41.87194  12.56738
72   Italy 2020-03-10    10693           14982      19271              1653             10149                631 41.87194  12.56738
73   Italy 2020-03-11    11832           16578      21324              1829             12462                827 41.87194  12.56738
74   Italy 2020-03-12    13092           18343      23594              2024             15113               1016 41.87194  12.56738
75   Italy 2020-03-13    14486           20297      26108              2240             17660               1268 41.87194  12.56738
76   Italy 2020-03-14    16029           22458      28887              2478             17750               1441 41.87194  12.56738
77   Italy 2020-03-15    17736           24850      31964              2742             23980               1811 41.87194  12.56738
78   Italy 2020-03-16    19624           27496      35368              3034             27980               2158 41.87194  12.56738
79   Italy 2020-03-17    21715           30425      39135              3357             31506               2505 41.87194  12.56738
80   Italy 2020-03-18    24027           33665      43303              3715             35713               2978 41.87194  12.56738
81   Italy 2020-03-19    26586           37250      47914              4110             41035               3407 41.87194  12.56738
82   Italy 2020-03-20    29417           41217      53017              4548             47021               4032 41.87194  12.56738
83   Italy 2020-03-21    32550           45606      58662              5032             53578               4827 41.87194  12.56738
84   Italy 2020-03-22    36016           50463      64910              5568             59138               5476 41.87194  12.56738
85   Italy 2020-03-23    39853           55838      71823              6161             63927               6077 41.87194  12.56738
86   Italy 2020-03-24    44096           61784      79472              6817             69176               6820 41.87194  12.56738
87   Italy 2020-03-25    48793           68364      87935              7543             74386               7505 41.87194  12.56738
88   Italy 2020-03-26    53989           75644      97299              8347             80539               8165 41.87194  12.56738
89   Italy 2020-03-27    59738           83700     107662              9235             86498               9136 41.87194  12.56738
90   Italy 2020-03-28    66100           92614     119128             10219             92472              10023 41.87194  12.56738
91   Italy 2020-03-29    73140          102477     131814             11307             97689              10781 41.87194  12.56738
92   Italy 2020-03-30    80929          113391     145853             12512             97689              10779 41.87194  12.56738
93   Italy 2020-03-31    89548          125467     161386             13844                NA                 NA 41.87194  12.56738
94   Italy 2020-04-01    99084          138828     178572             15318                NA                 NA 41.87194  12.56738
95   Italy 2020-04-02   109637          153613     197589             16950                NA                 NA 41.87194  12.56738
96   Italy 2020-04-03   121312          169972     218632             18755                NA                 NA 41.87194  12.56738
97   Italy 2020-04-04   134232          188074     241916             20752                NA                 NA 41.87194  12.56738
98   Italy 2020-04-05   148527          208103     267679             22962                NA                 NA 41.87194  12.56738
99   Italy 2020-04-06   164345          230266     296187             25408                NA                 NA 41.87194  12.56738

Fontes:
	OMS - https://ourworldindata.org/coronavirus-source-data
	Worldometers - https://www.worldometers.info/coronavirus