
 Brazil 
Projecao:  7  dias
Gerado em:  2020-05-01 20:17:02
RMSE(%):  13.4 , BIAS(%): 4.44

Taxa de Mortalidade 6.96 %

    country       dias otimista casos_estimados pessimista estimativa_mortes casos_confirmados mortes_confirmadas latitude longitude
112  Brazil 2020-04-19    31061           35875      40689              2497             38654               2575        0         0
113  Brazil 2020-04-20    33629           38841      44053              2703             40581               2741        0         0
114  Brazil 2020-04-21    36409           42052      47695              2926             43079               2906        0         0
115  Brazil 2020-04-22    39420           45529      51638              3168             45757               3313        0         0
116  Brazil 2020-04-23    42679           49293      55907              3430             49492               3670        0         0
117  Brazil 2020-04-24    46207           53368      60529              3714             52995               4016        0         0
118  Brazil 2020-04-25    50028           57781      65534              4021             58509               4205        0         0
119  Brazil 2020-04-26    54164           62558      70952              4353             61888               4543        0         0
120  Brazil 2020-04-27    58642           67730      76818              4713             66501               5017        0         0
121  Brazil 2020-04-28    63489           73329      83169              5103             71886               5466        0         0
122  Brazil 2020-04-29    68738           79391      90044              5525             78162               5901        0         0
123  Brazil 2020-04-30    74421           85955      97489              5982             85380               6384        0         0
124  Brazil 2020-05-01    80574           93061     105548              6476             91737               6384        0         0
125  Brazil 2020-05-02    87235          100755     114275              7012                NA                 NA        0         0
126  Brazil 2020-05-03    94447          109085     123723              7591                NA                 NA        0         0
127  Brazil 2020-05-04   102255          118103     133951              8219                NA                 NA        0         0
128  Brazil 2020-05-05   110709          127867     145025              8898                NA                 NA        0         0
129  Brazil 2020-05-06   119863          138439     157015              9634                NA                 NA        0         0
130  Brazil 2020-05-07   129772          149884     169996             10430                NA                 NA        0         0
131  Brazil 2020-05-08   140500          162275     184050             11293                NA                 NA        0         0

Total de casos no mundo:  3395507 1222707 1399063 533624 189623 8348 41421 721 3395507

Estimados a partir dos dados da OMS:
    day       date     x  xest
1     1 2019-12-30     0     5
2     2 2019-12-31     0     6
3     3 2020-01-01     0     6
4     4 2020-01-02     0     7
5     5 2020-01-03     0     7
6     6 2020-01-04     0     8
7     7 2020-01-05     0     9
8     8 2020-01-06     0     9
9     9 2020-01-07     0    10
10   10 2020-01-08     0    11
11   11 2020-01-09     0    12
12   12 2020-01-10     0    13
13   13 2020-01-11     0    14
14   14 2020-01-12     0    15
15   15 2020-01-13     0    16
16   16 2020-01-14     0    17
17   17 2020-01-15     0    19
18   18 2020-01-16     0    21
19   19 2020-01-17     0    22
20   20 2020-01-18     0    24
21   21 2020-01-19     0    26
22   22 2020-01-20     0    28
23   23 2020-01-21     0    31
24   24 2020-01-22     0    33
25   25 2020-01-23     0    36
26   26 2020-01-24     0    39
27   27 2020-01-25     0    42
28   28 2020-01-26     0    45
29   29 2020-01-27     0    49
30   30 2020-01-28     0    53
31   31 2020-01-29     0    58
32   32 2020-01-30     0    62
33   33 2020-01-31     0    68
34   34 2020-02-01     0    73
35   35 2020-02-02     0    79
36   36 2020-02-03     0    86
37   37 2020-02-04     0    93
38   38 2020-02-05     0   100
39   39 2020-02-06     0   109
40   40 2020-02-07     0   118
41   41 2020-02-08     0   127
42   42 2020-02-09     0   138
43   43 2020-02-10     0   149
44   44 2020-02-11     0   162
45   45 2020-02-12     0   175
46   46 2020-02-13     0   190
47   47 2020-02-14     0   205
48   48 2020-02-15     0   222
49   49 2020-02-16     0   241
50   50 2020-02-17     0   261
51   51 2020-02-18     0   282
52   52 2020-02-19     0   305
53   53 2020-02-20     0   331
54   54 2020-02-21     0   358
55   55 2020-02-22     0   388
56   56 2020-02-23     0   420
57   57 2020-02-24     0   454
58   58 2020-02-25     1   492
59   59 2020-02-26     1   533
60   60 2020-02-27     1   577
61   61 2020-02-28     1   624
62   62 2020-02-29     2   676
63   63 2020-03-01     2   732
64   64 2020-03-02     2   792
65   65 2020-03-03     2   858
66   66 2020-03-04     3   929
67   67 2020-03-05     8  1006
68   68 2020-03-06    13  1089
69   69 2020-03-07    13  1179
70   70 2020-03-08    25  1276
71   71 2020-03-09    25  1382
72   72 2020-03-10    34  1496
73   73 2020-03-11    52  1620
74   74 2020-03-12    77  1753
75   75 2020-03-13    98  1898
76   76 2020-03-14   121  2055
77   77 2020-03-15   200  2225
78   78 2020-03-16   234  2409
79   79 2020-03-17   291  2608
80   80 2020-03-18   428  2824
81   81 2020-03-19   621  3058
82   82 2020-03-20   904  3310
83   83 2020-03-21  1128  3584
84   84 2020-03-22  1546  3880
85   85 2020-03-23  1891  4201
86   86 2020-03-24  2201  4548
87   87 2020-03-25  2433  4924
88   88 2020-03-26  2915  5332
89   89 2020-03-27  3417  5772
90   90 2020-03-28  3904  6250
91   91 2020-03-29  4256  6766
92   92 2020-03-30  4579  7326
93   93 2020-03-31  5717  7931
94   94 2020-04-01  6836  8587
95   95 2020-04-02  7910  9297
96   96 2020-04-03  9056 10065
97   97 2020-04-04 10278 10898
98   98 2020-04-05 11130 11799
99   99 2020-04-06 12056 12774
100 100 2020-04-07 13717 13830
101 101 2020-04-08 15927 14973
102 102 2020-04-09 17857 16211
103 103 2020-04-10 19638 17552
104 104 2020-04-11 20727 19003
105 105 2020-04-12 22169 20574
106 106 2020-04-13 23430 22275
107 107 2020-04-14 25262 24116
108 108 2020-04-15 28320 26110
109 109 2020-04-16 30425 28269
110 110 2020-04-17 33682 30606
111 111 2020-04-18 36599 33136
112 112 2020-04-19 38654 35875
113 113 2020-04-20 40581 38841
114 114 2020-04-21 43079 42052
115 115 2020-04-22 45757 45529
116 116 2020-04-23 49492 49293
117 117 2020-04-24 52995 53368
118 118 2020-04-25 58509 57781
119 119 2020-04-26 61888 62558
120 120 2020-04-27 66501 67730
121 121 2020-04-28 71886 73329
122 122 2020-04-29 78162 79391
123 123 2020-04-30 85380 85955
124 124 2020-05-01 91737 93061

Intervalo de Confianca
        2.5%     97.5%
b   4.064965  5.906308
y0 12.341422 12.841659


Formula: x ~ SSexp(day, b, y0)

Parameters:
   Estimate Std. Error t value          Pr(>|t|)    
b    6.1702     0.7314   8.436 0.000029733429981 ***
y0  12.9099     0.1636  78.915 0.000000000000741 ***
---
Signif. codes:  0 ‘***’ 0.001 ‘**’ 0.01 ‘*’ 0.05 ‘.’ 0.1 ‘ ’ 1

Residual standard error: 570.3 on 8 degrees of freedom

Number of iterations to convergence: 8 
Achieved convergence tolerance: 0.0000000149

Considerando os casos dos últimos 10 dias, temos:
Número de dias para dobrar:  6.2
Razao de crescimento:  6.17

Todos os dados gerados
    country       dias otimista casos_estimados pessimista estimativa_mortes casos_confirmados mortes_confirmadas latitude longitude
1    Brazil 2019-12-30        4               5          6                 0                 0                  0        0         0
2    Brazil 2019-12-31        5               6          7                 0                 0                  0        0         0
3    Brazil 2020-01-01        5               6          7                 0                 0                  0        0         0
4    Brazil 2020-01-02        6               7          8                 0                 0                  0        0         0
5    Brazil 2020-01-03        6               7          8                 0                 0                  0        0         0
6    Brazil 2020-01-04        7               8          9                 1                 0                  0        0         0
7    Brazil 2020-01-05        8               9         10                 1                 0                  0        0         0
8    Brazil 2020-01-06        8               9         10                 1                 0                  0        0         0
9    Brazil 2020-01-07        9              10         11                 1                 0                  0        0         0
10   Brazil 2020-01-08       10              11         12                 1                 0                  0        0         0
11   Brazil 2020-01-09       10              12         14                 1                 0                  0        0         0
12   Brazil 2020-01-10       11              13         15                 1                 0                  0        0         0
13   Brazil 2020-01-11       12              14         16                 1                 0                  0        0         0
14   Brazil 2020-01-12       13              15         17                 1                 0                  0        0         0
15   Brazil 2020-01-13       14              16         18                 1                 0                  0        0         0
16   Brazil 2020-01-14       15              17         19                 1                 0                  0        0         0
17   Brazil 2020-01-15       16              19         22                 1                 0                  0        0         0
18   Brazil 2020-01-16       18              21         24                 1                 0                  0        0         0
19   Brazil 2020-01-17       19              22         25                 2                 0                  0        0         0
20   Brazil 2020-01-18       21              24         27                 2                 0                  0        0         0
21   Brazil 2020-01-19       23              26         29                 2                 0                  0        0         0
22   Brazil 2020-01-20       24              28         32                 2                 0                  0        0         0
23   Brazil 2020-01-21       27              31         35                 2                 0                  0        0         0
24   Brazil 2020-01-22       29              33         37                 2                 0                  0        0         0
25   Brazil 2020-01-23       31              36         41                 3                 0                  0        0         0
26   Brazil 2020-01-24       34              39         44                 3                 0                  0        0         0
27   Brazil 2020-01-25       36              42         48                 3                 0                  0        0         0
28   Brazil 2020-01-26       39              45         51                 3                 0                  0        0         0
29   Brazil 2020-01-27       42              49         56                 3                 0                  0        0         0
30   Brazil 2020-01-28       46              53         60                 4                 0                  0        0         0
31   Brazil 2020-01-29       50              58         66                 4                 0                  0        0         0
32   Brazil 2020-01-30       54              62         70                 4                 0                  0        0         0
33   Brazil 2020-01-31       59              68         77                 5                 0                  0        0         0
34   Brazil 2020-02-01       63              73         83                 5                 0                  0        0         0
35   Brazil 2020-02-02       68              79         90                 5                 0                  0        0         0
36   Brazil 2020-02-03       74              86         98                 6                 0                  0        0         0
37   Brazil 2020-02-04       81              93        105                 6                 0                  0        0         0
38   Brazil 2020-02-05       87             100        113                 7                 0                  0        0         0
39   Brazil 2020-02-06       94             109        124                 8                 0                  0        0         0
40   Brazil 2020-02-07      102             118        134                 8                 0                  0        0         0
41   Brazil 2020-02-08      110             127        144                 9                 0                  0        0         0
42   Brazil 2020-02-09      119             138        157                10                 0                  0        0         0
43   Brazil 2020-02-10      129             149        169                10                 0                  0        0         0
44   Brazil 2020-02-11      140             162        184                11                 0                  0        0         0
45   Brazil 2020-02-12      152             175        198                12                 0                  0        0         0
46   Brazil 2020-02-13      165             190        215                13                 0                  0        0         0
47   Brazil 2020-02-14      177             205        233                14                 0                  0        0         0
48   Brazil 2020-02-15      192             222        252                15                 0                  0        0         0
49   Brazil 2020-02-16      209             241        273                17                 0                  0        0         0
50   Brazil 2020-02-17      226             261        296                18                 0                  0        0         0
51   Brazil 2020-02-18      244             282        320                20                 0                  0        0         0
52   Brazil 2020-02-19      264             305        346                21                 0                  0        0         0
53   Brazil 2020-02-20      287             331        375                23                 0                  0        0         0
54   Brazil 2020-02-21      310             358        406                25                 0                  0        0         0
55   Brazil 2020-02-22      336             388        440                27                 0                  0        0         0
56   Brazil 2020-02-23      364             420        476                29                 0                  0        0         0
57   Brazil 2020-02-24      393             454        515                32                 0                  0        0         0
58   Brazil 2020-02-25      426             492        558                34                 1                  0        0         0
59   Brazil 2020-02-26      461             533        605                37                 1                  0        0         0
60   Brazil 2020-02-27      500             577        654                40                 1                  0        0         0
61   Brazil 2020-02-28      540             624        708                43                 1                  0        0         0
62   Brazil 2020-02-29      585             676        767                47                 2                  0        0         0
63   Brazil 2020-03-01      634             732        830                51                 2                  0        0         0
64   Brazil 2020-03-02      686             792        898                55                 2                  0        0         0
65   Brazil 2020-03-03      743             858        973                60                 2                  0        0         0
66   Brazil 2020-03-04      804             929       1054                65                 3                  0        0         0
67   Brazil 2020-03-05      871            1006       1141                70                 8                  0        0         0
68   Brazil 2020-03-06      943            1089       1235                76                13                  0        0         0
69   Brazil 2020-03-07     1021            1179       1337                82                13                  0        0         0
70   Brazil 2020-03-08     1105            1276       1447                89                25                  0        0         0
71   Brazil 2020-03-09     1197            1382       1567                96                25                  0        0         0
72   Brazil 2020-03-10     1295            1496       1697               104                34                  0        0         0
73   Brazil 2020-03-11     1403            1620       1837               113                52                  0        0         0
74   Brazil 2020-03-12     1518            1753       1988               122                77                  0        0         0
75   Brazil 2020-03-13     1643            1898       2153               132                98                  0        0         0
76   Brazil 2020-03-14     1779            2055       2331               143               121                  0        0         0
77   Brazil 2020-03-15     1926            2225       2524               155               200                  0        0         0
78   Brazil 2020-03-16     2086            2409       2732               168               234                  1        0         0
79   Brazil 2020-03-17     2258            2608       2958               181               291                  4        0         0
80   Brazil 2020-03-18     2445            2824       3203               197               428                  6        0         0
81   Brazil 2020-03-19     2648            3058       3468               213               621                 11        0         0
82   Brazil 2020-03-20     2866            3310       3754               230               904                 18        0         0
83   Brazil 2020-03-21     3103            3584       4065               249              1128                 25        0         0
84   Brazil 2020-03-22     3359            3880       4401               270              1546                 34        0         0
85   Brazil 2020-03-23     3637            4201       4765               292              1891                 46        0         0
86   Brazil 2020-03-24     3938            4548       5158               316              2201                 57        0         0
87   Brazil 2020-03-25     4263            4924       5585               343              2433                 77        0         0
88   Brazil 2020-03-26     4617            5332       6047               371              2915                 92        0         0
89   Brazil 2020-03-27     4997            5772       6547               402              3417                114        0         0
90   Brazil 2020-03-28     5411            6250       7089               435              3904                136        0         0
91   Brazil 2020-03-29     5858            6766       7674               471              4256                159        0         0
92   Brazil 2020-03-30     6343            7326       8309               510              4579                201        0         0
93   Brazil 2020-03-31     6867            7931       8995               552              5717                241        0         0
94   Brazil 2020-04-01     7435            8587       9739               598              6836                299        0         0
95   Brazil 2020-04-02     8049            9297      10545               647              7910                359        0         0
96   Brazil 2020-04-03     8714           10065      11416               700              9056                432        0         0
97   Brazil 2020-04-04     9436           10898      12360               758             10278                486        0         0
98   Brazil 2020-04-05    10216           11799      13382               821             11130                553        0         0
99   Brazil 2020-04-06    11060           12774      14488               889             12056                667        0         0
100  Brazil 2020-04-07    11974           13830      15686               962             13717                800        0         0
101  Brazil 2020-04-08    12964           14973      16982              1042             15927                941        0         0
102  Brazil 2020-04-09    14036           16211      18386              1128             17857               1056        0         0
103  Brazil 2020-04-10    15197           17552      19907              1221             19638               1124        0         0
104  Brazil 2020-04-11    16453           19003      21553              1322             20727               1223        0         0
105  Brazil 2020-04-12    17813           20574      23335              1432             22169               1328        0         0
106  Brazil 2020-04-13    19286           22275      25264              1550             23430               1532        0         0
107  Brazil 2020-04-14    20880           24116      27352              1678             25262               1736        0         0
108  Brazil 2020-04-15    22606           26110      29614              1817             28320               1924        0         0
109  Brazil 2020-04-16    24476           28269      32062              1967             30425               2141        0         0
110  Brazil 2020-04-17    26499           30606      34713              2130             33682               2347        0         0
111  Brazil 2020-04-18    28690           33136      37582              2306             36599               2462        0         0
112  Brazil 2020-04-19    31061           35875      40689              2497             38654               2575        0         0
113  Brazil 2020-04-20    33629           38841      44053              2703             40581               2741        0         0
114  Brazil 2020-04-21    36409           42052      47695              2926             43079               2906        0         0
115  Brazil 2020-04-22    39420           45529      51638              3168             45757               3313        0         0
116  Brazil 2020-04-23    42679           49293      55907              3430             49492               3670        0         0
117  Brazil 2020-04-24    46207           53368      60529              3714             52995               4016        0         0
118  Brazil 2020-04-25    50028           57781      65534              4021             58509               4205        0         0
119  Brazil 2020-04-26    54164           62558      70952              4353             61888               4543        0         0
120  Brazil 2020-04-27    58642           67730      76818              4713             66501               5017        0         0
121  Brazil 2020-04-28    63489           73329      83169              5103             71886               5466        0         0
122  Brazil 2020-04-29    68738           79391      90044              5525             78162               5901        0         0
123  Brazil 2020-04-30    74421           85955      97489              5982             85380               6384        0         0
124  Brazil 2020-05-01    80574           93061     105548              6476             91737               6384        0         0
125  Brazil 2020-05-02    87235          100755     114275              7012                NA                 NA        0         0
126  Brazil 2020-05-03    94447          109085     123723              7591                NA                 NA        0         0
127  Brazil 2020-05-04   102255          118103     133951              8219                NA                 NA        0         0
128  Brazil 2020-05-05   110709          127867     145025              8898                NA                 NA        0         0
129  Brazil 2020-05-06   119863          138439     157015              9634                NA                 NA        0         0
130  Brazil 2020-05-07   129772          149884     169996             10430                NA                 NA        0         0
131  Brazil 2020-05-08   140500          162275     184050             11293                NA                 NA        0         0

Fontes:
	OMS - https://ourworldindata.org/coronavirus-source-data
	Worldometers - https://www.worldometers.info/coronavirus