
 Italy 
Projecao:  7  dias
Gerado em:  2020-05-25 19:54:59
RMSE(%):  39.7 , BIAS(%): 8.83

Taxa de Mortalidade 14.28 %

    country       dias otimista casos_estimados pessimista estimativa_mortes casos_confirmados mortes_confirmadas latitude longitude
136   Italy 2020-05-13   137325          227750     318175             32533            222104              31368 41.87194  12.56738
137   Italy 2020-05-14   140549          233096     325643             33297            223096              31610 41.87194  12.56738
138   Italy 2020-05-15   143848          238568     333288             34078            223885              31763 41.87194  12.56738
139   Italy 2020-05-16   147225          244168     341111             34878            224760              31908 41.87194  12.56738
140   Italy 2020-05-17   150681          249900     349119             35697            225435              32007 41.87194  12.56738
141   Italy 2020-05-18   154218          255767     357316             36535            225886              32169 41.87194  12.56738
142   Italy 2020-05-19   157839          261771     365703             37393            226699              32330 41.87194  12.56738
143   Italy 2020-05-20   161544          267916     374288             38271            227364              32486 41.87194  12.56738
144   Italy 2020-05-21   165336          274205     383074             39169            228006              32616 41.87194  12.56738
145   Italy 2020-05-22   169217          280642     392067             40088            228658              32735 41.87194  12.56738
146   Italy 2020-05-23   173189          287230     401271             41029            229327              32785 41.87194  12.56738
147   Italy 2020-05-24   177255          293973     410691             41993            229858              32877 41.87194  12.56738
148   Italy 2020-05-25   181416          300874     420332             42978            230158              32877 41.87194  12.56738
149   Italy 2020-05-26   185675          307937     430199             43987                NA                 NA 41.87194  12.56738
150   Italy 2020-05-27   190034          315166     440298             45020                NA                 NA 41.87194  12.56738
151   Italy 2020-05-28   194495          322564     450633             46077                NA                 NA 41.87194  12.56738
152   Italy 2020-05-29   199060          330136     461212             47158                NA                 NA 41.87194  12.56738
153   Italy 2020-05-30   203733          337886     472039             48265                NA                 NA 41.87194  12.56738
154   Italy 2020-05-31   208516          345818     483120             49398                NA                 NA 41.87194  12.56738
155   Italy 2020-06-01   213411          353936     494461             50558                NA                 NA 41.87194  12.56738

Total de casos no mundo:  5578798 1901391 651817 1916176 982400 117567 8726 721 5578798

Estimados a partir dos dados da OMS:
    day       date      x   xest
1     1 2019-12-30      0   9932
2     2 2019-12-31      0  10165
3     3 2020-01-01      0  10404
4     4 2020-01-02      0  10648
5     5 2020-01-03      0  10898
6     6 2020-01-04      0  11154
7     7 2020-01-05      0  11416
8     8 2020-01-06      0  11683
9     9 2020-01-07      0  11958
10   10 2020-01-08      0  12238
11   11 2020-01-09      0  12526
12   12 2020-01-10      0  12820
13   13 2020-01-11      0  13121
14   14 2020-01-12      0  13429
15   15 2020-01-13      0  13744
16   16 2020-01-14      0  14067
17   17 2020-01-15      0  14397
18   18 2020-01-16      0  14735
19   19 2020-01-17      0  15081
20   20 2020-01-18      0  15435
21   21 2020-01-19      0  15797
22   22 2020-01-20      0  16168
23   23 2020-01-21      0  16547
24   24 2020-01-22      0  16936
25   25 2020-01-23      0  17333
26   26 2020-01-24      0  17740
27   27 2020-01-25      0  18157
28   28 2020-01-26      0  18583
29   29 2020-01-27      0  19019
30   30 2020-01-28      0  19466
31   31 2020-01-29      0  19923
32   32 2020-01-30      3  20390
33   33 2020-01-31      3  20869
34   34 2020-02-01      3  21359
35   35 2020-02-02      3  21860
36   36 2020-02-03      3  22374
37   37 2020-02-04      3  22899
38   38 2020-02-05      3  23436
39   39 2020-02-06      3  23987
40   40 2020-02-07      3  24550
41   41 2020-02-08      3  25126
42   42 2020-02-09      3  25716
43   43 2020-02-10      3  26319
44   44 2020-02-11      3  26937
45   45 2020-02-12      3  27570
46   46 2020-02-13      3  28217
47   47 2020-02-14      3  28879
48   48 2020-02-15      3  29557
49   49 2020-02-16      3  30251
50   50 2020-02-17      3  30961
51   51 2020-02-18      3  31688
52   52 2020-02-19      3  32432
53   53 2020-02-20      3  33193
54   54 2020-02-21     17  33972
55   55 2020-02-22     79  34770
56   56 2020-02-23    132  35586
57   57 2020-02-24    229  36421
58   58 2020-02-25    322  37276
59   59 2020-02-26    400  38151
60   60 2020-02-27    650  39047
61   61 2020-02-28    888  39964
62   62 2020-02-29   1128  40902
63   63 2020-03-01   1689  41862
64   64 2020-03-02   2036  42845
65   65 2020-03-03   2502  43851
66   66 2020-03-04   3089  44880
67   67 2020-03-05   3858  45933
68   68 2020-03-06   4636  47012
69   69 2020-03-07   5883  48115
70   70 2020-03-08   7375  49245
71   71 2020-03-09   9172  50401
72   72 2020-03-10  10149  51584
73   73 2020-03-11  12462  52795
74   74 2020-03-12  15113  54034
75   75 2020-03-13  17660  55303
76   76 2020-03-14  21157  56601
77   77 2020-03-15  23980  57930
78   78 2020-03-16  27980  59290
79   79 2020-03-17  31506  60681
80   80 2020-03-18  35713  62106
81   81 2020-03-19  41035  63564
82   82 2020-03-20  47021  65056
83   83 2020-03-21  53578  66583
84   84 2020-03-22  59138  68146
85   85 2020-03-23  63927  69746
86   86 2020-03-24  69176  71383
87   87 2020-03-25  74386  73059
88   88 2020-03-26  80539  74774
89   89 2020-03-27  86498  76529
90   90 2020-03-28  92472  78326
91   91 2020-03-29  97689  80165
92   92 2020-03-30 101739  82046
93   93 2020-03-31 105792  83973
94   94 2020-04-01 110574  85944
95   95 2020-04-02 115242  87961
96   96 2020-04-03 119827  90026
97   97 2020-04-04 124632  92140
98   98 2020-04-05 128948  94303
99   99 2020-04-06 132547  96516
100 100 2020-04-07 135586  98782
101 101 2020-04-08 139422 101101
102 102 2020-04-09 143626 103474
103 103 2020-04-10 147577 105903
104 104 2020-04-11 152271 108389
105 105 2020-04-12 156363 110934
106 106 2020-04-13 159516 113538
107 107 2020-04-14 162488 116203
108 108 2020-04-15 165155 118931
109 109 2020-04-16 168941 121723
110 110 2020-04-17 172434 124580
111 111 2020-04-18 175925 127505
112 112 2020-04-19 178972 130498
113 113 2020-04-20 181228 133562
114 114 2020-04-21 183957 136697
115 115 2020-04-22 187327 139906
116 116 2020-04-23 189973 143190
117 117 2020-04-24 192994 146552
118 118 2020-04-25 195351 149992
119 119 2020-04-26 197675 153513
120 120 2020-04-27 199414 157117
121 121 2020-04-28 201505 160805
122 122 2020-04-29 203591 164580
123 123 2020-04-30 205463 168443
124 124 2020-05-01 207428 172398
125 125 2020-05-02 209328 176445
126 126 2020-05-03 210717 180587
127 127 2020-05-04 211938 184826
128 128 2020-05-05 213013 189165
129 129 2020-05-06 214457 193605
130 130 2020-05-07 215858 198150
131 131 2020-05-08 217185 202802
132 132 2020-05-09 218268 207563
133 133 2020-05-10 219070 212435
134 134 2020-05-11 219814 217422
135 135 2020-05-12 221216 222526
136 136 2020-05-13 222104 227750
137 137 2020-05-14 223096 233096
138 138 2020-05-15 223885 238568
139 139 2020-05-16 224760 244168
140 140 2020-05-17 225435 249900
141 141 2020-05-18 225886 255767
142 142 2020-05-19 226699 261771
143 143 2020-05-20 227364 267916
144 144 2020-05-21 228006 274205
145 145 2020-05-22 228658 280642
146 146 2020-05-23 229327 287230
147 147 2020-05-24 229858 293973
148 148 2020-05-25 230158 300874

Intervalo de Confianca
         2.5%       97.5%
b  7632.73606 12117.64675
y0   39.93152    46.56896


Formula: x ~ SSexp(day, b, y0)

Parameters:
     Estimate Std. Error t value           Pr(>|t|)    
b  153418.275   1500.781  102.23 0.0000000000000937 ***
y0    363.791      9.017   40.34 0.0000000001567780 ***
---
Signif. codes:  0 ‘***’ 0.001 ‘**’ 0.01 ‘*’ 0.05 ‘.’ 0.1 ‘ ’ 1

Residual standard error: 140.9 on 8 degrees of freedom

Number of iterations to convergence: 51 
Achieved convergence tolerance: 0.0000000149

Considerando os casos dos últimos 10 dias, temos:
Número de dias para dobrar:  363.8
Razao de crescimento:  153418.3

Todos os dados gerados
    country       dias otimista casos_estimados pessimista estimativa_mortes casos_confirmados mortes_confirmadas latitude longitude
1     Italy 2019-12-30     5989            9932      13875              1419                 0                  0 41.87194  12.56738
2     Italy 2019-12-31     6129           10165      14201              1452                 0                  0 41.87194  12.56738
3     Italy 2020-01-01     6273           10404      14535              1486                 0                  0 41.87194  12.56738
4     Italy 2020-01-02     6420           10648      14876              1521                 0                  0 41.87194  12.56738
5     Italy 2020-01-03     6571           10898      15225              1557                 0                  0 41.87194  12.56738
6     Italy 2020-01-04     6725           11154      15583              1593                 0                  0 41.87194  12.56738
7     Italy 2020-01-05     6883           11416      15949              1631                 0                  0 41.87194  12.56738
8     Italy 2020-01-06     7044           11683      16322              1669                 0                  0 41.87194  12.56738
9     Italy 2020-01-07     7210           11958      16706              1708                 0                  0 41.87194  12.56738
10    Italy 2020-01-08     7379           12238      17097              1748                 0                  0 41.87194  12.56738
11    Italy 2020-01-09     7553           12526      17499              1789                 0                  0 41.87194  12.56738
12    Italy 2020-01-10     7730           12820      17910              1831                 0                  0 41.87194  12.56738
13    Italy 2020-01-11     7911           13121      18331              1874                 0                  0 41.87194  12.56738
14    Italy 2020-01-12     8097           13429      18761              1918                 0                  0 41.87194  12.56738
15    Italy 2020-01-13     8287           13744      19201              1963                 0                  0 41.87194  12.56738
16    Italy 2020-01-14     8482           14067      19652              2009                 0                  0 41.87194  12.56738
17    Italy 2020-01-15     8681           14397      20113              2057                 0                  0 41.87194  12.56738
18    Italy 2020-01-16     8885           14735      20585              2105                 0                  0 41.87194  12.56738
19    Italy 2020-01-17     9093           15081      21069              2154                 0                  0 41.87194  12.56738
20    Italy 2020-01-18     9307           15435      21563              2205                 0                  0 41.87194  12.56738
21    Italy 2020-01-19     9525           15797      22069              2257                 0                  0 41.87194  12.56738
22    Italy 2020-01-20     9749           16168      22587              2310                 0                  0 41.87194  12.56738
23    Italy 2020-01-21     9977           16547      23117              2364                 0                  0 41.87194  12.56738
24    Italy 2020-01-22    10212           16936      23660              2419                 0                  0 41.87194  12.56738
25    Italy 2020-01-23    10451           17333      24215              2476                 0                  0 41.87194  12.56738
26    Italy 2020-01-24    10697           17740      24783              2534                 0                  0 41.87194  12.56738
27    Italy 2020-01-25    10948           18157      25366              2594                 0                  0 41.87194  12.56738
28    Italy 2020-01-26    11205           18583      25961              2654                 0                  0 41.87194  12.56738
29    Italy 2020-01-27    11468           19019      26570              2717                 0                  0 41.87194  12.56738
30    Italy 2020-01-28    11737           19466      27195              2781                 0                  0 41.87194  12.56738
31    Italy 2020-01-29    12013           19923      27833              2846                 0                  0 41.87194  12.56738
32    Italy 2020-01-30    12294           20390      28486              2913                 3                  0 41.87194  12.56738
33    Italy 2020-01-31    12583           20869      29155              2981                 3                  0 41.87194  12.56738
34    Italy 2020-02-01    12879           21359      29839              3051                 3                  0 41.87194  12.56738
35    Italy 2020-02-02    13181           21860      30539              3123                 3                  0 41.87194  12.56738
36    Italy 2020-02-03    13491           22374      31257              3196                 3                  0 41.87194  12.56738
37    Italy 2020-02-04    13807           22899      31991              3271                 3                  0 41.87194  12.56738
38    Italy 2020-02-05    14131           23436      32741              3348                 3                  0 41.87194  12.56738
39    Italy 2020-02-06    14463           23987      33511              3426                 3                  0 41.87194  12.56738
40    Italy 2020-02-07    14803           24550      34297              3507                 3                  0 41.87194  12.56738
41    Italy 2020-02-08    15150           25126      35102              3589                 3                  0 41.87194  12.56738
42    Italy 2020-02-09    15506           25716      35926              3673                 3                  0 41.87194  12.56738
43    Italy 2020-02-10    15869           26319      36769              3760                 3                  0 41.87194  12.56738
44    Italy 2020-02-11    16242           26937      37632              3848                 3                  0 41.87194  12.56738
45    Italy 2020-02-12    16624           27570      38516              3938                 3                  0 41.87194  12.56738
46    Italy 2020-02-13    17014           28217      39420              4031                 3                  0 41.87194  12.56738
47    Italy 2020-02-14    17413           28879      40345              4125                 3                  0 41.87194  12.56738
48    Italy 2020-02-15    17822           29557      41292              4222                 3                  0 41.87194  12.56738
49    Italy 2020-02-16    18240           30251      42262              4321                 3                  0 41.87194  12.56738
50    Italy 2020-02-17    18668           30961      43254              4423                 3                  0 41.87194  12.56738
51    Italy 2020-02-18    19107           31688      44269              4526                 3                  0 41.87194  12.56738
52    Italy 2020-02-19    19555           32432      45309              4633                 3                  0 41.87194  12.56738
53    Italy 2020-02-20    20014           33193      46372              4741                 3                  0 41.87194  12.56738
54    Italy 2020-02-21    20484           33972      47460              4853                17                  2 41.87194  12.56738
55    Italy 2020-02-22    20965           34770      48575              4967                79                  2 41.87194  12.56738
56    Italy 2020-02-23    21457           35586      49715              5083               132                  6 41.87194  12.56738
57    Italy 2020-02-24    21961           36421      50881              5203               229                 11 41.87194  12.56738
58    Italy 2020-02-25    22476           37276      52076              5325               322                 12 41.87194  12.56738
59    Italy 2020-02-26    23004           38151      53298              5450               400                 17 41.87194  12.56738
60    Italy 2020-02-27    23544           39047      54550              5578               650                 21 41.87194  12.56738
61    Italy 2020-02-28    24097           39964      55831              5709               888                 29 41.87194  12.56738
62    Italy 2020-02-29    24662           40902      57142              5843              1128                 35 41.87194  12.56738
63    Italy 2020-03-01    25241           41862      58483              5980              1689                 52 41.87194  12.56738
64    Italy 2020-03-02    25834           42845      59856              6120              2036                 80 41.87194  12.56738
65    Italy 2020-03-03    26441           43851      61261              6264              2502                107 41.87194  12.56738
66    Italy 2020-03-04    27061           44880      62699              6411              3089                148 41.87194  12.56738
67    Italy 2020-03-05    27696           45933      64170              6561              3858                197 41.87194  12.56738
68    Italy 2020-03-06    28347           47012      65677              6715              4636                233 41.87194  12.56738
69    Italy 2020-03-07    29012           48115      67218              6873              5883                366 41.87194  12.56738
70    Italy 2020-03-08    29693           49245      68797              7034              7375                464 41.87194  12.56738
71    Italy 2020-03-09    30390           50401      70412              7200              9172                631 41.87194  12.56738
72    Italy 2020-03-10    31103           51584      72065              7369             10149                827 41.87194  12.56738
73    Italy 2020-03-11    31834           52795      73756              7542             12462               1016 41.87194  12.56738
74    Italy 2020-03-12    32581           54034      75487              7719             15113               1268 41.87194  12.56738
75    Italy 2020-03-13    33346           55303      77260              7900             17660               1441 41.87194  12.56738
76    Italy 2020-03-14    34128           56601      79074              8085             21157               1811 41.87194  12.56738
77    Italy 2020-03-15    34930           57930      80930              8275             23980               2158 41.87194  12.56738
78    Italy 2020-03-16    35750           59290      82830              8469             27980               2505 41.87194  12.56738
79    Italy 2020-03-17    36588           60681      84774              8668             31506               2978 41.87194  12.56738
80    Italy 2020-03-18    37448           62106      86764              8872             35713               3407 41.87194  12.56738
81    Italy 2020-03-19    38327           63564      88801              9080             41035               4032 41.87194  12.56738
82    Italy 2020-03-20    39226           65056      90886              9293             47021               4827 41.87194  12.56738
83    Italy 2020-03-21    40147           66583      93019              9511             53578               5476 41.87194  12.56738
84    Italy 2020-03-22    41090           68146      95202              9734             59138               6077 41.87194  12.56738
85    Italy 2020-03-23    42054           69746      97438              9963             63927               6820 41.87194  12.56738
86    Italy 2020-03-24    43041           71383      99725             10197             69176               7505 41.87194  12.56738
87    Italy 2020-03-25    44052           73059     102066             10436             74386               8165 41.87194  12.56738
88    Italy 2020-03-26    45086           74774     104462             10681             80539               9136 41.87194  12.56738
89    Italy 2020-03-27    46144           76529     106914             10932             86498              10023 41.87194  12.56738
90    Italy 2020-03-28    47228           78326     109424             11189             92472              10781 41.87194  12.56738
91    Italy 2020-03-29    48337           80165     111993             11451             97689              11591 41.87194  12.56738
92    Italy 2020-03-30    49471           82046     114621             11720            101739              12430 41.87194  12.56738
93    Italy 2020-03-31    50633           83973     117313             11995            105792              13157 41.87194  12.56738
94    Italy 2020-04-01    51821           85944     120067             12277            110574              13917 41.87194  12.56738
95    Italy 2020-04-02    53037           87961     122885             12565            115242              14681 41.87194  12.56738
96    Italy 2020-04-03    54282           90026     125770             12860            119827              15362 41.87194  12.56738
97    Italy 2020-04-04    55557           92140     128723             13162            124632              15889 41.87194  12.56738
98    Italy 2020-04-05    56861           94303     131745             13471            128948              16525 41.87194  12.56738
99    Italy 2020-04-06    58196           96516     134836             13787            132547              17129 41.87194  12.56738
100   Italy 2020-04-07    59562           98782     138002             14111            135586              17669 41.87194  12.56738
101   Italy 2020-04-08    60960          101101     141242             14442            139422              18281 41.87194  12.56738
102   Italy 2020-04-09    62391          103474     144557             14781            143626              18851 41.87194  12.56738
103   Italy 2020-04-10    63856          105903     147950             15128            147577              19470 41.87194  12.56738
104   Italy 2020-04-11    65355          108389     151423             15483            152271              19901 41.87194  12.56738
105   Italy 2020-04-12    66889          110934     154979             15846            156363              20465 41.87194  12.56738
106   Italy 2020-04-13    68459          113538     158617             16218            159516              21069 41.87194  12.56738
107   Italy 2020-04-14    70066          116203     162340             16599            162488              21647 41.87194  12.56738
108   Italy 2020-04-15    71711          118931     166151             16989            165155              22172 41.87194  12.56738
109   Italy 2020-04-16    73395          121723     170051             17388            168941              22747 41.87194  12.56738
110   Italy 2020-04-17    75117          124580     174043             17796            172434              23227 41.87194  12.56738
111   Italy 2020-04-18    76881          127505     178129             18213            175925              23660 41.87194  12.56738
112   Italy 2020-04-19    78686          130498     182310             18641            178972              24114 41.87194  12.56738
113   Italy 2020-04-20    80533          133562     186591             19079            181228              24648 41.87194  12.56738
114   Italy 2020-04-21    82423          136697     190971             19527            183957              25085 41.87194  12.56738
115   Italy 2020-04-22    84358          139906     195454             19985            187327              25549 41.87194  12.56738
116   Italy 2020-04-23    86338          143190     200042             20454            189973              25969 41.87194  12.56738
117   Italy 2020-04-24    88366          146552     204738             20934            192994              26384 41.87194  12.56738
118   Italy 2020-04-25    90440          149992     209544             21426            195351              26644 41.87194  12.56738
119   Italy 2020-04-26    92563          153513     214463             21929            197675              26977 41.87194  12.56738
120   Italy 2020-04-27    94736          157117     219498             22443            199414              27359 41.87194  12.56738
121   Italy 2020-04-28    96960          160805     224650             22970            201505              27682 41.87194  12.56738
122   Italy 2020-04-29    99236          164580     229924             23509            203591              27967 41.87194  12.56738
123   Italy 2020-04-30   101565          168443     235321             24061            205463              28236 41.87194  12.56738
124   Italy 2020-05-01   103950          172398     240846             24626            207428              28710 41.87194  12.56738
125   Italy 2020-05-02   106390          176445     246500             25204            209328              28884 41.87194  12.56738
126   Italy 2020-05-03   108888          180587     252286             25796            210717              29079 41.87194  12.56738
127   Italy 2020-05-04   111444          184826     258208             26402            211938              29315 41.87194  12.56738
128   Italy 2020-05-05   114060          189165     264270             27021            213013              29684 41.87194  12.56738
129   Italy 2020-05-06   116737          193605     270473             27656            214457              29958 41.87194  12.56738
130   Italy 2020-05-07   119477          198150     276823             28305            215858              30201 41.87194  12.56738
131   Italy 2020-05-08   122282          202802     283322             28969            217185              30395 41.87194  12.56738
132   Italy 2020-05-09   125153          207563     289973             29649            218268              30560 41.87194  12.56738
133   Italy 2020-05-10   128091          212435     296779             30345            219070              30739 41.87194  12.56738
134   Italy 2020-05-11   131098          217422     303746             31058            219814              30911 41.87194  12.56738
135   Italy 2020-05-12   134175          222526     310877             31787            221216              31106 41.87194  12.56738
136   Italy 2020-05-13   137325          227750     318175             32533            222104              31368 41.87194  12.56738
137   Italy 2020-05-14   140549          233096     325643             33297            223096              31610 41.87194  12.56738
138   Italy 2020-05-15   143848          238568     333288             34078            223885              31763 41.87194  12.56738
139   Italy 2020-05-16   147225          244168     341111             34878            224760              31908 41.87194  12.56738
140   Italy 2020-05-17   150681          249900     349119             35697            225435              32007 41.87194  12.56738
141   Italy 2020-05-18   154218          255767     357316             36535            225886              32169 41.87194  12.56738
142   Italy 2020-05-19   157839          261771     365703             37393            226699              32330 41.87194  12.56738
143   Italy 2020-05-20   161544          267916     374288             38271            227364              32486 41.87194  12.56738
144   Italy 2020-05-21   165336          274205     383074             39169            228006              32616 41.87194  12.56738
145   Italy 2020-05-22   169217          280642     392067             40088            228658              32735 41.87194  12.56738
146   Italy 2020-05-23   173189          287230     401271             41029            229327              32785 41.87194  12.56738
147   Italy 2020-05-24   177255          293973     410691             41993            229858              32877 41.87194  12.56738
148   Italy 2020-05-25   181416          300874     420332             42978            230158              32877 41.87194  12.56738
149   Italy 2020-05-26   185675          307937     430199             43987                NA                 NA 41.87194  12.56738
150   Italy 2020-05-27   190034          315166     440298             45020                NA                 NA 41.87194  12.56738
151   Italy 2020-05-28   194495          322564     450633             46077                NA                 NA 41.87194  12.56738
152   Italy 2020-05-29   199060          330136     461212             47158                NA                 NA 41.87194  12.56738
153   Italy 2020-05-30   203733          337886     472039             48265                NA                 NA 41.87194  12.56738
154   Italy 2020-05-31   208516          345818     483120             49398                NA                 NA 41.87194  12.56738
155   Italy 2020-06-01   213411          353936     494461             50558                NA                 NA 41.87194  12.56738

Fontes:
	OMS - https://ourworldindata.org/coronavirus-source-data
	Worldometers - https://www.worldometers.info/coronavirus