
 Italy 
Projecao:  7  dias
Gerado em:  2020-06-03 10:24:19
RMSE(%):  40.5 , BIAS(%): 8.35

Taxa de Mortalidade 14.36 %

    country       dias otimista casos_estimados pessimista estimativa_mortes casos_confirmados mortes_confirmadas latitude longitude
145   Italy 2020-05-22   144772          243118     341464             34909            228658              32735 41.87194  12.56738
146   Italy 2020-05-23   147706          248044     348382             35616            229327              32785 41.87194  12.56738
147   Italy 2020-05-24   150699          253070     355441             36338            229858              32877 41.87194  12.56738
148   Italy 2020-05-25   153752          258198     362644             37074            230158              32955 41.87194  12.56738
149   Italy 2020-05-26   156868          263430     369992             37825            230555              33072 41.87194  12.56738
150   Italy 2020-05-27   160046          268767     377488             38592            231139              33142 41.87194  12.56738
151   Italy 2020-05-28   163289          274213     385137             39374            231732              33229 41.87194  12.56738
152   Italy 2020-05-29   166597          279769     392941             40172            232248              33340 41.87194  12.56738
153   Italy 2020-05-30   169973          285438     400903             40986            232664              33415 41.87194  12.56738
154   Italy 2020-05-31   173418          291222     409026             41816            233019              33475 41.87194  12.56738
155   Italy 2020-06-01   176931          297123     417315             42663            233197              33530 41.87194  12.56738
156   Italy 2020-06-02   180516          303143     425770             43528            233515              33530 41.87194  12.56738
157   Italy 2020-06-03   184174          309285     434396             44410            233515              33530 41.87194  12.56738
158   Italy 2020-06-04   187906          315552     443198             45310                NA                 NA 41.87194  12.56738
159   Italy 2020-06-05   191713          321946     452179             46228                NA                 NA 41.87194  12.56738
160   Italy 2020-06-06   195597          328469     461341             47164                NA                 NA 41.87194  12.56738
161   Italy 2020-06-07   199561          335125     470689             48120                NA                 NA 41.87194  12.56738
162   Italy 2020-06-08   203604          341915     480226             49095                NA                 NA 41.87194  12.56738
163   Italy 2020-06-09   207730          348844     489958             50090                NA                 NA 41.87194  12.56738
164   Italy 2020-06-10   211939          355912     499885             51105                NA                 NA 41.87194  12.56738

Total de casos no mundo:  6484005 2126370 947759 2024449 1215371 160496 8839 721 6484005

Estimados a partir dos dados da OMS:
    day       date      x   xest
1     1 2019-12-30      0  13530
2     2 2019-12-31      0  13804
3     3 2020-01-01      0  14084
4     4 2020-01-02      0  14370
5     5 2020-01-03      0  14661
6     6 2020-01-04      0  14958
7     7 2020-01-05      0  15261
8     8 2020-01-06      0  15570
9     9 2020-01-07      0  15886
10   10 2020-01-08      0  16207
11   11 2020-01-09      0  16536
12   12 2020-01-10      0  16871
13   13 2020-01-11      0  17213
14   14 2020-01-12      0  17562
15   15 2020-01-13      0  17917
16   16 2020-01-14      0  18280
17   17 2020-01-15      0  18651
18   18 2020-01-16      0  19029
19   19 2020-01-17      0  19414
20   20 2020-01-18      0  19808
21   21 2020-01-19      0  20209
22   22 2020-01-20      0  20619
23   23 2020-01-21      0  21036
24   24 2020-01-22      0  21463
25   25 2020-01-23      0  21897
26   26 2020-01-24      0  22341
27   27 2020-01-25      0  22794
28   28 2020-01-26      0  23256
29   29 2020-01-27      0  23727
30   30 2020-01-28      0  24208
31   31 2020-01-29      0  24698
32   32 2020-01-30      3  25199
33   33 2020-01-31      3  25709
34   34 2020-02-01      3  26230
35   35 2020-02-02      3  26762
36   36 2020-02-03      3  27304
37   37 2020-02-04      3  27857
38   38 2020-02-05      3  28422
39   39 2020-02-06      3  28997
40   40 2020-02-07      3  29585
41   41 2020-02-08      3  30184
42   42 2020-02-09      3  30796
43   43 2020-02-10      3  31420
44   44 2020-02-11      3  32057
45   45 2020-02-12      3  32706
46   46 2020-02-13      3  33369
47   47 2020-02-14      3  34045
48   48 2020-02-15      3  34735
49   49 2020-02-16      3  35439
50   50 2020-02-17      3  36157
51   51 2020-02-18      3  36889
52   52 2020-02-19      3  37637
53   53 2020-02-20      3  38399
54   54 2020-02-21     17  39178
55   55 2020-02-22     79  39971
56   56 2020-02-23    132  40781
57   57 2020-02-24    229  41608
58   58 2020-02-25    322  42451
59   59 2020-02-26    400  43311
60   60 2020-02-27    650  44188
61   61 2020-02-28    888  45084
62   62 2020-02-29   1128  45997
63   63 2020-03-01   1689  46929
64   64 2020-03-02   2036  47880
65   65 2020-03-03   2502  48850
66   66 2020-03-04   3089  49840
67   67 2020-03-05   3858  50850
68   68 2020-03-06   4636  51880
69   69 2020-03-07   5883  52932
70   70 2020-03-08   7375  54004
71   71 2020-03-09   9172  55098
72   72 2020-03-10  10149  56215
73   73 2020-03-11  12462  57354
74   74 2020-03-12  15113  58516
75   75 2020-03-13  17660  59702
76   76 2020-03-14  21157  60911
77   77 2020-03-15  23980  62146
78   78 2020-03-16  27980  63405
79   79 2020-03-17  31506  64689
80   80 2020-03-18  35713  66000
81   81 2020-03-19  41035  67338
82   82 2020-03-20  47021  68702
83   83 2020-03-21  53578  70094
84   84 2020-03-22  59138  71514
85   85 2020-03-23  63927  72963
86   86 2020-03-24  69176  74442
87   87 2020-03-25  74386  75950
88   88 2020-03-26  80539  77489
89   89 2020-03-27  86498  79059
90   90 2020-03-28  92472  80661
91   91 2020-03-29  97689  82296
92   92 2020-03-30 101739  83963
93   93 2020-03-31 105792  85664
94   94 2020-04-01 110574  87400
95   95 2020-04-02 115242  89171
96   96 2020-04-03 119827  90978
97   97 2020-04-04 124632  92821
98   98 2020-04-05 128948  94702
99   99 2020-04-06 132547  96621
100 100 2020-04-07 135586  98579
101 101 2020-04-08 139422 100576
102 102 2020-04-09 143626 102614
103 103 2020-04-10 147577 104693
104 104 2020-04-11 152271 106815
105 105 2020-04-12 156363 108979
106 106 2020-04-13 159516 111187
107 107 2020-04-14 162488 113440
108 108 2020-04-15 165155 115739
109 109 2020-04-16 168941 118084
110 110 2020-04-17 172434 120476
111 111 2020-04-18 175925 122917
112 112 2020-04-19 178972 125408
113 113 2020-04-20 181228 127949
114 114 2020-04-21 183957 130542
115 115 2020-04-22 187327 133187
116 116 2020-04-23 189973 135885
117 117 2020-04-24 192994 138639
118 118 2020-04-25 195351 141448
119 119 2020-04-26 197675 144314
120 120 2020-04-27 199414 147238
121 121 2020-04-28 201505 150222
122 122 2020-04-29 203591 153265
123 123 2020-04-30 205463 156371
124 124 2020-05-01 207428 159539
125 125 2020-05-02 209328 162772
126 126 2020-05-03 210717 166070
127 127 2020-05-04 211938 169435
128 128 2020-05-05 213013 172868
129 129 2020-05-06 214457 176371
130 130 2020-05-07 215858 179945
131 131 2020-05-08 217185 183591
132 132 2020-05-09 218268 187311
133 133 2020-05-10 219070 191106
134 134 2020-05-11 219814 194978
135 135 2020-05-12 221216 198929
136 136 2020-05-13 222104 202960
137 137 2020-05-14 223096 207072
138 138 2020-05-15 223885 211268
139 139 2020-05-16 224760 215549
140 140 2020-05-17 225435 219916
141 141 2020-05-18 225886 224372
142 142 2020-05-19 226699 228919
143 143 2020-05-20 227364 233557
144 144 2020-05-21 228006 238290
145 145 2020-05-22 228658 243118
146 146 2020-05-23 229327 248044
147 147 2020-05-24 229858 253070
148 148 2020-05-25 230158 258198
149 149 2020-05-26 230555 263430
150 150 2020-05-27 231139 268767
151 151 2020-05-28 231732 274213
152 152 2020-05-29 232248 279769
153 153 2020-05-30 232664 285438
154 154 2020-05-31 233019 291222
155 155 2020-06-01 233197 297123
156 156 2020-06-02 233515 303143
157 157 2020-06-03 233515 309285

Intervalo de Confianca
          2.5%       97.5%
b  10582.17582 16338.82486
y0    46.06942    54.02733


Formula: x ~ SSexp(day, b, y0)

Parameters:
    Estimate Std. Error t value        Pr(>|t|)    
b  178922.56    3439.64   52.02 0.0000000000207 ***
y0    585.36      43.18   13.56 0.0000008420474 ***
---
Signif. codes:  0 ‘***’ 0.001 ‘**’ 0.01 ‘*’ 0.05 ‘.’ 0.1 ‘ ’ 1

Residual standard error: 265.7 on 8 degrees of freedom

Number of iterations to convergence: 62 
Achieved convergence tolerance: 0.0000000149

Considerando os casos dos últimos 10 dias, temos:
Número de dias para dobrar:  585.4
Razao de crescimento:  178922.6

Todos os dados gerados
    country       dias otimista casos_estimados pessimista estimativa_mortes casos_confirmados mortes_confirmadas latitude longitude
1     Italy 2019-12-30     8057           13530      19003              1943                 0                  0 41.87194  12.56738
2     Italy 2019-12-31     8220           13804      19388              1982                 0                  0 41.87194  12.56738
3     Italy 2020-01-01     8387           14084      19781              2022                 0                  0 41.87194  12.56738
4     Italy 2020-01-02     8557           14370      20183              2063                 0                  0 41.87194  12.56738
5     Italy 2020-01-03     8730           14661      20592              2105                 0                  0 41.87194  12.56738
6     Italy 2020-01-04     8907           14958      21009              2148                 0                  0 41.87194  12.56738
7     Italy 2020-01-05     9088           15261      21434              2191                 0                  0 41.87194  12.56738
8     Italy 2020-01-06     9272           15570      21868              2236                 0                  0 41.87194  12.56738
9     Italy 2020-01-07     9460           15886      22312              2281                 0                  0 41.87194  12.56738
10    Italy 2020-01-08     9651           16207      22763              2327                 0                  0 41.87194  12.56738
11    Italy 2020-01-09     9847           16536      23225              2374                 0                  0 41.87194  12.56738
12    Italy 2020-01-10    10046           16871      23696              2422                 0                  0 41.87194  12.56738
13    Italy 2020-01-11    10250           17213      24176              2472                 0                  0 41.87194  12.56738
14    Italy 2020-01-12    10458           17562      24666              2522                 0                  0 41.87194  12.56738
15    Italy 2020-01-13    10669           17917      25165              2573                 0                  0 41.87194  12.56738
16    Italy 2020-01-14    10885           18280      25675              2625                 0                  0 41.87194  12.56738
17    Italy 2020-01-15    11106           18651      26196              2678                 0                  0 41.87194  12.56738
18    Italy 2020-01-16    11331           19029      26727              2732                 0                  0 41.87194  12.56738
19    Italy 2020-01-17    11561           19414      27267              2788                 0                  0 41.87194  12.56738
20    Italy 2020-01-18    11795           19808      27821              2844                 0                  0 41.87194  12.56738
21    Italy 2020-01-19    12034           20209      28384              2902                 0                  0 41.87194  12.56738
22    Italy 2020-01-20    12278           20619      28960              2961                 0                  0 41.87194  12.56738
23    Italy 2020-01-21    12527           21036      29545              3021                 0                  0 41.87194  12.56738
24    Italy 2020-01-22    12781           21463      30145              3082                 0                  0 41.87194  12.56738
25    Italy 2020-01-23    13039           21897      30755              3144                 0                  0 41.87194  12.56738
26    Italy 2020-01-24    13304           22341      31378              3208                 0                  0 41.87194  12.56738
27    Italy 2020-01-25    13573           22794      32015              3273                 0                  0 41.87194  12.56738
28    Italy 2020-01-26    13849           23256      32663              3339                 0                  0 41.87194  12.56738
29    Italy 2020-01-27    14129           23727      33325              3407                 0                  0 41.87194  12.56738
30    Italy 2020-01-28    14415           24208      34001              3476                 0                  0 41.87194  12.56738
31    Italy 2020-01-29    14707           24698      34689              3546                 0                  0 41.87194  12.56738
32    Italy 2020-01-30    15006           25199      35392              3618                 3                  0 41.87194  12.56738
33    Italy 2020-01-31    15309           25709      36109              3692                 3                  0 41.87194  12.56738
34    Italy 2020-02-01    15619           26230      36841              3766                 3                  0 41.87194  12.56738
35    Italy 2020-02-02    15936           26762      37588              3843                 3                  0 41.87194  12.56738
36    Italy 2020-02-03    16259           27304      38349              3921                 3                  0 41.87194  12.56738
37    Italy 2020-02-04    16588           27857      39126              4000                 3                  0 41.87194  12.56738
38    Italy 2020-02-05    16925           28422      39919              4081                 3                  0 41.87194  12.56738
39    Italy 2020-02-06    17267           28997      40727              4164                 3                  0 41.87194  12.56738
40    Italy 2020-02-07    17617           29585      41553              4248                 3                  0 41.87194  12.56738
41    Italy 2020-02-08    17974           30184      42394              4334                 3                  0 41.87194  12.56738
42    Italy 2020-02-09    18338           30796      43254              4422                 3                  0 41.87194  12.56738
43    Italy 2020-02-10    18710           31420      44130              4512                 3                  0 41.87194  12.56738
44    Italy 2020-02-11    19089           32057      45025              4603                 3                  0 41.87194  12.56738
45    Italy 2020-02-12    19476           32706      45936              4696                 3                  0 41.87194  12.56738
46    Italy 2020-02-13    19871           33369      46867              4791                 3                  0 41.87194  12.56738
47    Italy 2020-02-14    20273           34045      47817              4888                 3                  0 41.87194  12.56738
48    Italy 2020-02-15    20684           34735      48786              4988                 3                  0 41.87194  12.56738
49    Italy 2020-02-16    21103           35439      49775              5089                 3                  0 41.87194  12.56738
50    Italy 2020-02-17    21531           36157      50783              5192                 3                  0 41.87194  12.56738
51    Italy 2020-02-18    21967           36889      51811              5297                 3                  0 41.87194  12.56738
52    Italy 2020-02-19    22412           37637      52862              5404                 3                  0 41.87194  12.56738
53    Italy 2020-02-20    22866           38399      53932              5514                 3                  0 41.87194  12.56738
54    Italy 2020-02-21    23330           39178      55026              5625                17                  2 41.87194  12.56738
55    Italy 2020-02-22    23802           39971      56140              5739                79                  2 41.87194  12.56738
56    Italy 2020-02-23    24284           40781      57278              5856               132                  6 41.87194  12.56738
57    Italy 2020-02-24    24777           41608      58439              5974               229                 11 41.87194  12.56738
58    Italy 2020-02-25    25279           42451      59623              6095               322                 12 41.87194  12.56738
59    Italy 2020-02-26    25791           43311      60831              6219               400                 17 41.87194  12.56738
60    Italy 2020-02-27    26313           44188      62063              6345               650                 21 41.87194  12.56738
61    Italy 2020-02-28    26847           45084      63321              6474               888                 29 41.87194  12.56738
62    Italy 2020-02-29    27390           45997      64604              6605              1128                 35 41.87194  12.56738
63    Italy 2020-03-01    27945           46929      65913              6738              1689                 52 41.87194  12.56738
64    Italy 2020-03-02    28512           47880      67248              6875              2036                 80 41.87194  12.56738
65    Italy 2020-03-03    29089           48850      68611              7014              2502                107 41.87194  12.56738
66    Italy 2020-03-04    29679           49840      70001              7156              3089                148 41.87194  12.56738
67    Italy 2020-03-05    30280           50850      71420              7301              3858                197 41.87194  12.56738
68    Italy 2020-03-06    30894           51880      72866              7449              4636                233 41.87194  12.56738
69    Italy 2020-03-07    31520           52932      74344              7600              5883                366 41.87194  12.56738
70    Italy 2020-03-08    32158           54004      75850              7754              7375                464 41.87194  12.56738
71    Italy 2020-03-09    32810           55098      77386              7911              9172                631 41.87194  12.56738
72    Italy 2020-03-10    33475           56215      78955              8072             10149                827 41.87194  12.56738
73    Italy 2020-03-11    34153           57354      80555              8235             12462               1016 41.87194  12.56738
74    Italy 2020-03-12    34845           58516      82187              8402             15113               1268 41.87194  12.56738
75    Italy 2020-03-13    35551           59702      83853              8573             17660               1441 41.87194  12.56738
76    Italy 2020-03-14    36271           60911      85551              8746             21157               1811 41.87194  12.56738
77    Italy 2020-03-15    37007           62146      87285              8923             23980               2158 41.87194  12.56738
78    Italy 2020-03-16    37757           63405      89053              9104             27980               2505 41.87194  12.56738
79    Italy 2020-03-17    38521           64689      90857              9289             31506               2978 41.87194  12.56738
80    Italy 2020-03-18    39302           66000      92698              9477             35713               3407 41.87194  12.56738
81    Italy 2020-03-19    40099           67338      94577              9669             41035               4032 41.87194  12.56738
82    Italy 2020-03-20    40911           68702      96493              9865             47021               4827 41.87194  12.56738
83    Italy 2020-03-21    41740           70094      98448             10065             53578               5476 41.87194  12.56738
84    Italy 2020-03-22    42585           71514     100443             10269             59138               6077 41.87194  12.56738
85    Italy 2020-03-23    43448           72963     102478             10477             63927               6820 41.87194  12.56738
86    Italy 2020-03-24    44329           74442     104555             10689             69176               7505 41.87194  12.56738
87    Italy 2020-03-25    45227           75950     106673             10906             74386               8165 41.87194  12.56738
88    Italy 2020-03-26    46143           77489     108835             11127             80539               9136 41.87194  12.56738
89    Italy 2020-03-27    47078           79059     111040             11352             86498              10023 41.87194  12.56738
90    Italy 2020-03-28    48032           80661     113290             11582             92472              10781 41.87194  12.56738
91    Italy 2020-03-29    49006           82296     115586             11817             97689              11591 41.87194  12.56738
92    Italy 2020-03-30    49998           83963     117928             12056            101739              12430 41.87194  12.56738
93    Italy 2020-03-31    51011           85664     120317             12300            105792              13157 41.87194  12.56738
94    Italy 2020-04-01    52045           87400     122755             12550            110574              13917 41.87194  12.56738
95    Italy 2020-04-02    53100           89171     125242             12804            115242              14681 41.87194  12.56738
96    Italy 2020-04-03    54176           90978     127780             13063            119827              15362 41.87194  12.56738
97    Italy 2020-04-04    55273           92821     130369             13328            124632              15889 41.87194  12.56738
98    Italy 2020-04-05    56393           94702     133011             13598            128948              16525 41.87194  12.56738
99    Italy 2020-04-06    57536           96621     135706             13874            132547              17129 41.87194  12.56738
100   Italy 2020-04-07    58702           98579     138456             14155            135586              17669 41.87194  12.56738
101   Italy 2020-04-08    59891          100576     141261             14442            139422              18281 41.87194  12.56738
102   Italy 2020-04-09    61105          102614     144123             14734            143626              18851 41.87194  12.56738
103   Italy 2020-04-10    62343          104693     147043             15033            147577              19470 41.87194  12.56738
104   Italy 2020-04-11    63606          106815     150024             15337            152271              19901 41.87194  12.56738
105   Italy 2020-04-12    64895          108979     153063             15648            156363              20465 41.87194  12.56738
106   Italy 2020-04-13    66210          111187     156164             15965            159516              21069 41.87194  12.56738
107   Italy 2020-04-14    67552          113440     159328             16289            162488              21647 41.87194  12.56738
108   Italy 2020-04-15    68921          115739     162557             16619            165155              22172 41.87194  12.56738
109   Italy 2020-04-16    70317          118084     165851             16955            168941              22747 41.87194  12.56738
110   Italy 2020-04-17    71741          120476     169211             17299            172434              23227 41.87194  12.56738
111   Italy 2020-04-18    73195          122917     172639             17649            175925              23660 41.87194  12.56738
112   Italy 2020-04-19    74678          125408     176138             18007            178972              24114 41.87194  12.56738
113   Italy 2020-04-20    76191          127949     179707             18372            181228              24648 41.87194  12.56738
114   Italy 2020-04-21    77735          130542     183349             18744            183957              25085 41.87194  12.56738
115   Italy 2020-04-22    79310          133187     187064             19124            187327              25549 41.87194  12.56738
116   Italy 2020-04-23    80917          135885     190853             19511            189973              25969 41.87194  12.56738
117   Italy 2020-04-24    82557          138639     194721             19907            192994              26384 41.87194  12.56738
118   Italy 2020-04-25    84230          141448     198666             20310            195351              26644 41.87194  12.56738
119   Italy 2020-04-26    85936          144314     202692             20722            197675              26977 41.87194  12.56738
120   Italy 2020-04-27    87678          147238     206798             21142            199414              27359 41.87194  12.56738
121   Italy 2020-04-28    89455          150222     210989             21570            201505              27682 41.87194  12.56738
122   Italy 2020-04-29    91267          153265     215263             22007            203591              27967 41.87194  12.56738
123   Italy 2020-04-30    93116          156371     219626             22453            205463              28236 41.87194  12.56738
124   Italy 2020-05-01    95003          159539     224075             22908            207428              28710 41.87194  12.56738
125   Italy 2020-05-02    96928          162772     228616             23372            209328              28884 41.87194  12.56738
126   Italy 2020-05-03    98892          166070     233248             23846            210717              29079 41.87194  12.56738
127   Italy 2020-05-04   100896          169435     237974             24329            211938              29315 41.87194  12.56738
128   Italy 2020-05-05   102940          172868     242796             24822            213013              29684 41.87194  12.56738
129   Italy 2020-05-06   105026          176371     247716             25325            214457              29958 41.87194  12.56738
130   Italy 2020-05-07   107154          179945     252736             25838            215858              30201 41.87194  12.56738
131   Italy 2020-05-08   109325          183591     257857             26362            217185              30395 41.87194  12.56738
132   Italy 2020-05-09   111540          187311     263082             26896            218268              30560 41.87194  12.56738
133   Italy 2020-05-10   113800          191106     268412             27441            219070              30739 41.87194  12.56738
134   Italy 2020-05-11   116106          194978     273850             27997            219814              30911 41.87194  12.56738
135   Italy 2020-05-12   118459          198929     279399             28564            221216              31106 41.87194  12.56738
136   Italy 2020-05-13   120859          202960     285061             29143            222104              31368 41.87194  12.56738
137   Italy 2020-05-14   123308          207072     290836             29733            223096              31610 41.87194  12.56738
138   Italy 2020-05-15   125806          211268     296730             30336            223885              31763 41.87194  12.56738
139   Italy 2020-05-16   128356          215549     302742             30950            224760              31908 41.87194  12.56738
140   Italy 2020-05-17   130956          219916     308876             31577            225435              32007 41.87194  12.56738
141   Italy 2020-05-18   133610          224372     315134             32217            225886              32169 41.87194  12.56738
142   Italy 2020-05-19   136317          228919     321521             32870            226699              32330 41.87194  12.56738
143   Italy 2020-05-20   139079          233557     328035             33536            227364              32486 41.87194  12.56738
144   Italy 2020-05-21   141897          238290     334683             34216            228006              32616 41.87194  12.56738
145   Italy 2020-05-22   144772          243118     341464             34909            228658              32735 41.87194  12.56738
146   Italy 2020-05-23   147706          248044     348382             35616            229327              32785 41.87194  12.56738
147   Italy 2020-05-24   150699          253070     355441             36338            229858              32877 41.87194  12.56738
148   Italy 2020-05-25   153752          258198     362644             37074            230158              32955 41.87194  12.56738
149   Italy 2020-05-26   156868          263430     369992             37825            230555              33072 41.87194  12.56738
150   Italy 2020-05-27   160046          268767     377488             38592            231139              33142 41.87194  12.56738
151   Italy 2020-05-28   163289          274213     385137             39374            231732              33229 41.87194  12.56738
152   Italy 2020-05-29   166597          279769     392941             40172            232248              33340 41.87194  12.56738
153   Italy 2020-05-30   169973          285438     400903             40986            232664              33415 41.87194  12.56738
154   Italy 2020-05-31   173418          291222     409026             41816            233019              33475 41.87194  12.56738
155   Italy 2020-06-01   176931          297123     417315             42663            233197              33530 41.87194  12.56738
156   Italy 2020-06-02   180516          303143     425770             43528            233515              33530 41.87194  12.56738
157   Italy 2020-06-03   184174          309285     434396             44410            233515              33530 41.87194  12.56738
158   Italy 2020-06-04   187906          315552     443198             45310                NA                 NA 41.87194  12.56738
159   Italy 2020-06-05   191713          321946     452179             46228                NA                 NA 41.87194  12.56738
160   Italy 2020-06-06   195597          328469     461341             47164                NA                 NA 41.87194  12.56738
161   Italy 2020-06-07   199561          335125     470689             48120                NA                 NA 41.87194  12.56738
162   Italy 2020-06-08   203604          341915     480226             49095                NA                 NA 41.87194  12.56738
163   Italy 2020-06-09   207730          348844     489958             50090                NA                 NA 41.87194  12.56738
164   Italy 2020-06-10   211939          355912     499885             51105                NA                 NA 41.87194  12.56738

Fontes:
	OMS - https://ourworldindata.org/coronavirus-source-data
	Worldometers - https://www.worldometers.info/coronavirus