
 Italy 
Projecao:  7  dias
Gerado em:  2020-04-30 20:51:46
RMSE(%):  36.5 , BIAS(%): 9.56

Taxa de Mortalidade 13.61 %

    country       dias otimista casos_estimados pessimista estimativa_mortes casos_confirmados mortes_confirmadas latitude longitude
111   Italy 2020-04-18   101884          160550     219216             21854            175925              23660 41.87194  12.56738
112   Italy 2020-04-19   105832          166771     227710             22700            178972              24114 41.87194  12.56738
113   Italy 2020-04-20   109933          173234     236535             23580            181228              24648 41.87194  12.56738
114   Italy 2020-04-21   114193          179947     245701             24494            183957              25085 41.87194  12.56738
115   Italy 2020-04-22   118618          186920     255222             25443            187327              25549 41.87194  12.56738
116   Italy 2020-04-23   123215          194163     265111             26429            189973              25969 41.87194  12.56738
117   Italy 2020-04-24   127989          201687     275385             27453            192994              26384 41.87194  12.56738
118   Italy 2020-04-25   132949          209503     286057             28517            195351              26644 41.87194  12.56738
119   Italy 2020-04-26   138102          217622     297142             29622            197675              26977 41.87194  12.56738
120   Italy 2020-04-27   143453          226055     308657             30770            199414              27359 41.87194  12.56738
121   Italy 2020-04-28   149012          234815     320618             31962            201505              27682 41.87194  12.56738
122   Italy 2020-04-29   154786          243914     333042             33201            203591              27967 41.87194  12.56738
123   Italy 2020-04-30   160784          253366     345948             34487            205463              27967 41.87194  12.56738
124   Italy 2020-05-01   167015          263184     359353             35824                NA                 NA 41.87194  12.56738
125   Italy 2020-05-02   173487          273383     373279             37212                NA                 NA 41.87194  12.56738
126   Italy 2020-05-03   180210          283977     387744             38654                NA                 NA 41.87194  12.56738
127   Italy 2020-05-04   187193          294981     402769             40152                NA                 NA 41.87194  12.56738
128   Italy 2020-05-05   194447          306412     418377             41708                NA                 NA 41.87194  12.56738
129   Italy 2020-05-06   201982          318286     434590             43324                NA                 NA 41.87194  12.56738
130   Italy 2020-05-07   209809          330620     451431             45003                NA                 NA 41.87194  12.56738

Total de casos no mundo:  3303850 1184778 1373444 520049 176814 8331 39713 721 3303850

Estimados a partir dos dados da OMS:
    day       date      x   xest
1     1 2019-12-30      0   2451
2     2 2019-12-31      0   2546
3     3 2020-01-01      0   2645
4     4 2020-01-02      0   2747
5     5 2020-01-03      0   2854
6     6 2020-01-04      0   2964
7     7 2020-01-05      0   3079
8     8 2020-01-06      0   3198
9     9 2020-01-07      0   3322
10   10 2020-01-08      0   3451
11   11 2020-01-09      0   3585
12   12 2020-01-10      0   3724
13   13 2020-01-11      0   3868
14   14 2020-01-12      0   4018
15   15 2020-01-13      0   4173
16   16 2020-01-14      0   4335
17   17 2020-01-15      0   4503
18   18 2020-01-16      0   4678
19   19 2020-01-17      0   4859
20   20 2020-01-18      0   5047
21   21 2020-01-19      0   5243
22   22 2020-01-20      0   5446
23   23 2020-01-21      0   5657
24   24 2020-01-22      0   5876
25   25 2020-01-23      0   6104
26   26 2020-01-24      0   6341
27   27 2020-01-25      0   6586
28   28 2020-01-26      0   6841
29   29 2020-01-27      0   7107
30   30 2020-01-28      0   7382
31   31 2020-01-29      0   7668
32   32 2020-01-30      3   7965
33   33 2020-01-31      3   8274
34   34 2020-02-01      3   8594
35   35 2020-02-02      3   8928
36   36 2020-02-03      3   9273
37   37 2020-02-04      3   9633
38   38 2020-02-05      3  10006
39   39 2020-02-06      3  10394
40   40 2020-02-07      3  10797
41   41 2020-02-08      3  11215
42   42 2020-02-09      3  11650
43   43 2020-02-10      3  12101
44   44 2020-02-11      3  12570
45   45 2020-02-12      3  13057
46   46 2020-02-13      3  13563
47   47 2020-02-14      3  14089
48   48 2020-02-15      3  14635
49   49 2020-02-16      3  15202
50   50 2020-02-17      3  15791
51   51 2020-02-18      3  16403
52   52 2020-02-19      3  17038
53   53 2020-02-20      3  17699
54   54 2020-02-21     17  18384
55   55 2020-02-22     79  19097
56   56 2020-02-23    132  19837
57   57 2020-02-24    229  20606
58   58 2020-02-25    322  21404
59   59 2020-02-26    400  22234
60   60 2020-02-27    650  23095
61   61 2020-02-28    888  23990
62   62 2020-02-29   1128  24920
63   63 2020-03-01   1689  25885
64   64 2020-03-02   2036  26888
65   65 2020-03-03   2502  27930
66   66 2020-03-04   3089  29013
67   67 2020-03-05   3858  30137
68   68 2020-03-06   4636  31305
69   69 2020-03-07   5883  32518
70   70 2020-03-08   7375  33778
71   71 2020-03-09   9172  35087
72   72 2020-03-10  10149  36447
73   73 2020-03-11  12462  37859
74   74 2020-03-12  15113  39326
75   75 2020-03-13  17660  40850
76   76 2020-03-14  21157  42433
77   77 2020-03-15  23980  44077
78   78 2020-03-16  27980  45785
79   79 2020-03-17  31506  47560
80   80 2020-03-18  35713  49403
81   81 2020-03-19  41035  51317
82   82 2020-03-20  47021  53306
83   83 2020-03-21  53578  55371
84   84 2020-03-22  59138  57517
85   85 2020-03-23  63927  59746
86   86 2020-03-24  69176  62061
87   87 2020-03-25  74386  64466
88   88 2020-03-26  80539  66964
89   89 2020-03-27  86498  69559
90   90 2020-03-28  92472  72255
91   91 2020-03-29  97689  75055
92   92 2020-03-30 101739  77963
93   93 2020-03-31 105792  80984
94   94 2020-04-01 110574  84123
95   95 2020-04-02 115242  87382
96   96 2020-04-03 119827  90769
97   97 2020-04-04 124632  94286
98   98 2020-04-05 128948  97940
99   99 2020-04-06 132547 101735
100 100 2020-04-07 135586 105677
101 101 2020-04-08 139422 109773
102 102 2020-04-09 143626 114026
103 103 2020-04-10 147577 118445
104 104 2020-04-11 152271 123035
105 105 2020-04-12 156363 127803
106 106 2020-04-13 159516 132755
107 107 2020-04-14 162488 137900
108 108 2020-04-15 165155 143243
109 109 2020-04-16 168941 148794
110 110 2020-04-17 172434 154560
111 111 2020-04-18 175925 160550
112 112 2020-04-19 178972 166771
113 113 2020-04-20 181228 173234
114 114 2020-04-21 183957 179947
115 115 2020-04-22 187327 186920
116 116 2020-04-23 189973 194163
117 117 2020-04-24 192994 201687
118 118 2020-04-25 195351 209503
119 119 2020-04-26 197675 217622
120 120 2020-04-27 199414 226055
121 121 2020-04-28 201505 234815
122 122 2020-04-29 203591 243914
123 123 2020-04-30 205463 253366

Intervalo de Confianca
         2.5%      97.5%
b  1755.01561 3108.33773
y0   24.59274   28.14466


Formula: x ~ SSexp(day, b, y0)

Parameters:
    Estimate Std. Error t value      Pr(>|t|)    
b  47542.131   2648.993   17.95 0.00000009525 ***
y0    83.775      3.294   25.44 0.00000000612 ***
---
Signif. codes:  0 ‘***’ 0.001 ‘**’ 0.01 ‘*’ 0.05 ‘.’ 0.1 ‘ ’ 1

Residual standard error: 833.6 on 8 degrees of freedom

Number of iterations to convergence: 30 
Achieved convergence tolerance: 0.0000000149

Considerando os casos dos últimos 10 dias, temos:
Número de dias para dobrar:  47542.1
Razao de crescimento:  47542.13

Todos os dados gerados
    country       dias otimista casos_estimados pessimista estimativa_mortes casos_confirmados mortes_confirmadas latitude longitude
1     Italy 2019-12-30     1555            2451       3347               334                 0                  0 41.87194  12.56738
2     Italy 2019-12-31     1616            2546       3476               347                 0                  0 41.87194  12.56738
3     Italy 2020-01-01     1679            2645       3611               360                 0                  0 41.87194  12.56738
4     Italy 2020-01-02     1743            2747       3751               374                 0                  0 41.87194  12.56738
5     Italy 2020-01-03     1811            2854       3897               388                 0                  0 41.87194  12.56738
6     Italy 2020-01-04     1881            2964       4047               403                 0                  0 41.87194  12.56738
7     Italy 2020-01-05     1954            3079       4204               419                 0                  0 41.87194  12.56738
8     Italy 2020-01-06     2029            3198       4367               435                 0                  0 41.87194  12.56738
9     Italy 2020-01-07     2108            3322       4536               452                 0                  0 41.87194  12.56738
10    Italy 2020-01-08     2190            3451       4712               470                 0                  0 41.87194  12.56738
11    Italy 2020-01-09     2275            3585       4895               488                 0                  0 41.87194  12.56738
12    Italy 2020-01-10     2363            3724       5085               507                 0                  0 41.87194  12.56738
13    Italy 2020-01-11     2455            3868       5281               527                 0                  0 41.87194  12.56738
14    Italy 2020-01-12     2550            4018       5486               547                 0                  0 41.87194  12.56738
15    Italy 2020-01-13     2648            4173       5698               568                 0                  0 41.87194  12.56738
16    Italy 2020-01-14     2751            4335       5919               590                 0                  0 41.87194  12.56738
17    Italy 2020-01-15     2858            4503       6148               613                 0                  0 41.87194  12.56738
18    Italy 2020-01-16     2969            4678       6387               637                 0                  0 41.87194  12.56738
19    Italy 2020-01-17     3083            4859       6635               661                 0                  0 41.87194  12.56738
20    Italy 2020-01-18     3203            5047       6891               687                 0                  0 41.87194  12.56738
21    Italy 2020-01-19     3327            5243       7159               714                 0                  0 41.87194  12.56738
22    Italy 2020-01-20     3456            5446       7436               741                 0                  0 41.87194  12.56738
23    Italy 2020-01-21     3590            5657       7724               770                 0                  0 41.87194  12.56738
24    Italy 2020-01-22     3729            5876       8023               800                 0                  0 41.87194  12.56738
25    Italy 2020-01-23     3874            6104       8334               831                 0                  0 41.87194  12.56738
26    Italy 2020-01-24     4024            6341       8658               863                 0                  0 41.87194  12.56738
27    Italy 2020-01-25     4179            6586       8993               896                 0                  0 41.87194  12.56738
28    Italy 2020-01-26     4341            6841       9341               931                 0                  0 41.87194  12.56738
29    Italy 2020-01-27     4510            7107       9704               967                 0                  0 41.87194  12.56738
30    Italy 2020-01-28     4685            7382      10079              1005                 0                  0 41.87194  12.56738
31    Italy 2020-01-29     4866            7668      10470              1044                 0                  0 41.87194  12.56738
32    Italy 2020-01-30     5055            7965      10875              1084                 3                  0 41.87194  12.56738
33    Italy 2020-01-31     5251            8274      11297              1126                 3                  0 41.87194  12.56738
34    Italy 2020-02-01     5454            8594      11734              1170                 3                  0 41.87194  12.56738
35    Italy 2020-02-02     5666            8928      12190              1215                 3                  0 41.87194  12.56738
36    Italy 2020-02-03     5885            9273      12661              1262                 3                  0 41.87194  12.56738
37    Italy 2020-02-04     6113            9633      13153              1311                 3                  0 41.87194  12.56738
38    Italy 2020-02-05     6350           10006      13662              1362                 3                  0 41.87194  12.56738
39    Italy 2020-02-06     6596           10394      14192              1415                 3                  0 41.87194  12.56738
40    Italy 2020-02-07     6852           10797      14742              1470                 3                  0 41.87194  12.56738
41    Italy 2020-02-08     7117           11215      15313              1527                 3                  0 41.87194  12.56738
42    Italy 2020-02-09     7393           11650      15907              1586                 3                  0 41.87194  12.56738
43    Italy 2020-02-10     7679           12101      16523              1647                 3                  0 41.87194  12.56738
44    Italy 2020-02-11     7977           12570      17163              1711                 3                  0 41.87194  12.56738
45    Italy 2020-02-12     8286           13057      17828              1777                 3                  0 41.87194  12.56738
46    Italy 2020-02-13     8607           13563      18519              1846                 3                  0 41.87194  12.56738
47    Italy 2020-02-14     8941           14089      19237              1918                 3                  0 41.87194  12.56738
48    Italy 2020-02-15     9287           14635      19983              1992                 3                  0 41.87194  12.56738
49    Italy 2020-02-16     9647           15202      20757              2069                 3                  0 41.87194  12.56738
50    Italy 2020-02-17    10021           15791      21561              2149                 3                  0 41.87194  12.56738
51    Italy 2020-02-18    10409           16403      22397              2233                 3                  0 41.87194  12.56738
52    Italy 2020-02-19    10812           17038      23264              2319                 3                  0 41.87194  12.56738
53    Italy 2020-02-20    11232           17699      24166              2409                 3                  0 41.87194  12.56738
54    Italy 2020-02-21    11666           18384      25102              2502                17                  2 41.87194  12.56738
55    Italy 2020-02-22    12119           19097      26075              2599                79                  2 41.87194  12.56738
56    Italy 2020-02-23    12588           19837      27086              2700               132                  6 41.87194  12.56738
57    Italy 2020-02-24    13076           20606      28136              2805               229                 11 41.87194  12.56738
58    Italy 2020-02-25    13583           21404      29225              2913               322                 12 41.87194  12.56738
59    Italy 2020-02-26    14110           22234      30358              3026               400                 17 41.87194  12.56738
60    Italy 2020-02-27    14656           23095      31534              3144               650                 21 41.87194  12.56738
61    Italy 2020-02-28    15224           23990      32756              3265               888                 29 41.87194  12.56738
62    Italy 2020-02-29    15814           24920      34026              3392              1128                 35 41.87194  12.56738
63    Italy 2020-03-01    16426           25885      35344              3523              1689                 52 41.87194  12.56738
64    Italy 2020-03-02    17063           26888      36713              3660              2036                 80 41.87194  12.56738
65    Italy 2020-03-03    17724           27930      38136              3802              2502                107 41.87194  12.56738
66    Italy 2020-03-04    18411           29013      39615              3949              3089                148 41.87194  12.56738
67    Italy 2020-03-05    19125           30137      41149              4102              3858                197 41.87194  12.56738
68    Italy 2020-03-06    19866           31305      42744              4261              4636                233 41.87194  12.56738
69    Italy 2020-03-07    20636           32518      44400              4426              5883                366 41.87194  12.56738
70    Italy 2020-03-08    21435           33778      46121              4598              7375                464 41.87194  12.56738
71    Italy 2020-03-09    22266           35087      47908              4776              9172                631 41.87194  12.56738
72    Italy 2020-03-10    23129           36447      49765              4961             10149                827 41.87194  12.56738
73    Italy 2020-03-11    24025           37859      51693              5153             12462               1016 41.87194  12.56738
74    Italy 2020-03-12    24956           39326      53696              5353             15113               1268 41.87194  12.56738
75    Italy 2020-03-13    25923           40850      55777              5560             17660               1441 41.87194  12.56738
76    Italy 2020-03-14    26928           42433      57938              5776             21157               1811 41.87194  12.56738
77    Italy 2020-03-15    27971           44077      60183              6000             23980               2158 41.87194  12.56738
78    Italy 2020-03-16    29055           45785      62515              6232             27980               2505 41.87194  12.56738
79    Italy 2020-03-17    30181           47560      64939              6474             31506               2978 41.87194  12.56738
80    Italy 2020-03-18    31351           49403      67455              6725             35713               3407 41.87194  12.56738
81    Italy 2020-03-19    32565           51317      70069              6985             41035               4032 41.87194  12.56738
82    Italy 2020-03-20    33828           53306      72784              7256             47021               4827 41.87194  12.56738
83    Italy 2020-03-21    35138           55371      75604              7537             53578               5476 41.87194  12.56738
84    Italy 2020-03-22    36500           57517      78534              7829             59138               6077 41.87194  12.56738
85    Italy 2020-03-23    37914           59746      81578              8132             63927               6820 41.87194  12.56738
86    Italy 2020-03-24    39384           62061      84738              8448             69176               7505 41.87194  12.56738
87    Italy 2020-03-25    40910           64466      88022              8775             74386               8165 41.87194  12.56738
88    Italy 2020-03-26    42495           66964      91433              9115             80539               9136 41.87194  12.56738
89    Italy 2020-03-27    44142           69559      94976              9468             86498              10023 41.87194  12.56738
90    Italy 2020-03-28    45853           72255      98657              9835             92472              10781 41.87194  12.56738
91    Italy 2020-03-29    47629           75055     102481             10216             97689              11591 41.87194  12.56738
92    Italy 2020-03-30    49475           77963     106451             10612            101739              12430 41.87194  12.56738
93    Italy 2020-03-31    51392           80984     110576             11023            105792              13157 41.87194  12.56738
94    Italy 2020-04-01    53384           84123     114862             11451            110574              13917 41.87194  12.56738
95    Italy 2020-04-02    55452           87382     119312             11894            115242              14681 41.87194  12.56738
96    Italy 2020-04-03    57601           90769     123937             12355            119827              15362 41.87194  12.56738
97    Italy 2020-04-04    59833           94286     128739             12834            124632              15889 41.87194  12.56738
98    Italy 2020-04-05    62152           97940     133728             13331            128948              16525 41.87194  12.56738
99    Italy 2020-04-06    64560          101735     138910             13848            132547              17129 41.87194  12.56738
100   Italy 2020-04-07    67062          105677     144292             14384            135586              17669 41.87194  12.56738
101   Italy 2020-04-08    69661          109773     149885             14942            139422              18281 41.87194  12.56738
102   Italy 2020-04-09    72360          114026     155692             15521            143626              18851 41.87194  12.56738
103   Italy 2020-04-10    75164          118445     161726             16122            147577              19470 41.87194  12.56738
104   Italy 2020-04-11    78077          123035     167993             16747            152271              19901 41.87194  12.56738
105   Italy 2020-04-12    81103          127803     174503             17396            156363              20465 41.87194  12.56738
106   Italy 2020-04-13    84245          132755     181265             18070            159516              21069 41.87194  12.56738
107   Italy 2020-04-14    87510          137900     188290             18771            162488              21647 41.87194  12.56738
108   Italy 2020-04-15    90901          143243     195585             19498            165155              22172 41.87194  12.56738
109   Italy 2020-04-16    94424          148794     203164             20253            168941              22747 41.87194  12.56738
110   Italy 2020-04-17    98083          154560     211037             21038            172434              23227 41.87194  12.56738
111   Italy 2020-04-18   101884          160550     219216             21854            175925              23660 41.87194  12.56738
112   Italy 2020-04-19   105832          166771     227710             22700            178972              24114 41.87194  12.56738
113   Italy 2020-04-20   109933          173234     236535             23580            181228              24648 41.87194  12.56738
114   Italy 2020-04-21   114193          179947     245701             24494            183957              25085 41.87194  12.56738
115   Italy 2020-04-22   118618          186920     255222             25443            187327              25549 41.87194  12.56738
116   Italy 2020-04-23   123215          194163     265111             26429            189973              25969 41.87194  12.56738
117   Italy 2020-04-24   127989          201687     275385             27453            192994              26384 41.87194  12.56738
118   Italy 2020-04-25   132949          209503     286057             28517            195351              26644 41.87194  12.56738
119   Italy 2020-04-26   138102          217622     297142             29622            197675              26977 41.87194  12.56738
120   Italy 2020-04-27   143453          226055     308657             30770            199414              27359 41.87194  12.56738
121   Italy 2020-04-28   149012          234815     320618             31962            201505              27682 41.87194  12.56738
122   Italy 2020-04-29   154786          243914     333042             33201            203591              27967 41.87194  12.56738
123   Italy 2020-04-30   160784          253366     345948             34487            205463              27967 41.87194  12.56738
124   Italy 2020-05-01   167015          263184     359353             35824                NA                 NA 41.87194  12.56738
125   Italy 2020-05-02   173487          273383     373279             37212                NA                 NA 41.87194  12.56738
126   Italy 2020-05-03   180210          283977     387744             38654                NA                 NA 41.87194  12.56738
127   Italy 2020-05-04   187193          294981     402769             40152                NA                 NA 41.87194  12.56738
128   Italy 2020-05-05   194447          306412     418377             41708                NA                 NA 41.87194  12.56738
129   Italy 2020-05-06   201982          318286     434590             43324                NA                 NA 41.87194  12.56738
130   Italy 2020-05-07   209809          330620     451431             45003                NA                 NA 41.87194  12.56738

Fontes:
	OMS - https://ourworldindata.org/coronavirus-source-data
	Worldometers - https://www.worldometers.info/coronavirus