
 Italy 
Projecao:  10  dias
Gerado em:  2020-06-08 12:46:07
RMSE(%):  40.8 , BIAS(%): 8.07

Taxa de Mortalidade 14.43 %

    country       dias otimista casos_estimados pessimista estimativa_mortes casos_confirmados mortes_confirmadas latitude longitude
153   Italy 2020-05-30   156692          264561     372430             38164            232664              33415 41.87194  12.56738
154   Italy 2020-05-31   159635          269530     379425             38880            233019              33475 41.87194  12.56738
155   Italy 2020-06-01   162633          274592     386551             39611            233197              33530 41.87194  12.56738
156   Italy 2020-06-02   165687          279748     393809             40354            233515              33601 41.87194  12.56738
157   Italy 2020-06-03   168799          285002     401205             41112            233836              33689 41.87194  12.56738
158   Italy 2020-06-04   171969          290354     408739             41884            234013              33774 41.87194  12.56738
159   Italy 2020-06-05   175198          295807     416416             42671            234531              33846 41.87194  12.56738
160   Italy 2020-06-06   178489          301362     424235             43472            234801              33899 41.87194  12.56738
161   Italy 2020-06-07   181841          307022     432203             44289            234998              33899 41.87194  12.56738
162   Italy 2020-06-08   185256          312788     440320             45120            234998              33899 41.87194  12.56738
163   Italy 2020-06-09   188735          318662     448589             45968                NA                 NA 41.87194  12.56738
164   Italy 2020-06-10   192279          324646     457013             46831                NA                 NA 41.87194  12.56738
165   Italy 2020-06-11   195890          330743     465596             47710                NA                 NA 41.87194  12.56738
166   Italy 2020-06-12   199569          336954     474339             48606                NA                 NA 41.87194  12.56738
167   Italy 2020-06-13   203317          343282     483247             49519                NA                 NA 41.87194  12.56738
168   Italy 2020-06-14   207135          349729     492323             50449                NA                 NA 41.87194  12.56738
169   Italy 2020-06-15   211025          356297     501569             51397                NA                 NA 41.87194  12.56738
170   Italy 2020-06-16   214988          362988     510988             52362                NA                 NA 41.87194  12.56738
171   Italy 2020-06-17   219025          369805     520585             53345                NA                 NA 41.87194  12.56738
172   Italy 2020-06-18   223139          376750     530361             54347                NA                 NA 41.87194  12.56738

Total de casos no mundo:  7136756 2285754 1152908 2107674 1387369 193455 8875 721 7136756

Estimados a partir dos dados da OMS:
    day       date      x   xest
1     1 2019-12-30      0  15643
2     2 2019-12-31      0  15937
3     3 2020-01-01      0  16236
4     4 2020-01-02      0  16541
5     5 2020-01-03      0  16851
6     6 2020-01-04      0  17168
7     7 2020-01-05      0  17490
8     8 2020-01-06      0  17819
9     9 2020-01-07      0  18153
10   10 2020-01-08      0  18494
11   11 2020-01-09      0  18842
12   12 2020-01-10      0  19195
13   13 2020-01-11      0  19556
14   14 2020-01-12      0  19923
15   15 2020-01-13      0  20297
16   16 2020-01-14      0  20679
17   17 2020-01-15      0  21067
18   18 2020-01-16      0  21463
19   19 2020-01-17      0  21866
20   20 2020-01-18      0  22276
21   21 2020-01-19      0  22695
22   22 2020-01-20      0  23121
23   23 2020-01-21      0  23555
24   24 2020-01-22      0  23997
25   25 2020-01-23      0  24448
26   26 2020-01-24      0  24907
27   27 2020-01-25      0  25375
28   28 2020-01-26      0  25851
29   29 2020-01-27      0  26337
30   30 2020-01-28      0  26832
31   31 2020-01-29      0  27335
32   32 2020-01-30      3  27849
33   33 2020-01-31      3  28372
34   34 2020-02-01      3  28905
35   35 2020-02-02      3  29447
36   36 2020-02-03      3  30000
37   37 2020-02-04      3  30564
38   38 2020-02-05      3  31138
39   39 2020-02-06      3  31723
40   40 2020-02-07      3  32318
41   41 2020-02-08      3  32925
42   42 2020-02-09      3  33544
43   43 2020-02-10      3  34174
44   44 2020-02-11      3  34815
45   45 2020-02-12      3  35469
46   46 2020-02-13      3  36135
47   47 2020-02-14      3  36814
48   48 2020-02-15      3  37505
49   49 2020-02-16      3  38210
50   50 2020-02-17      3  38927
51   51 2020-02-18      3  39658
52   52 2020-02-19      3  40403
53   53 2020-02-20      3  41162
54   54 2020-02-21     17  41935
55   55 2020-02-22     79  42722
56   56 2020-02-23    132  43525
57   57 2020-02-24    229  44342
58   58 2020-02-25    322  45175
59   59 2020-02-26    400  46023
60   60 2020-02-27    650  46887
61   61 2020-02-28    888  47768
62   62 2020-02-29   1128  48665
63   63 2020-03-01   1689  49579
64   64 2020-03-02   2036  50510
65   65 2020-03-03   2502  51458
66   66 2020-03-04   3089  52425
67   67 2020-03-05   3858  53409
68   68 2020-03-06   4636  54412
69   69 2020-03-07   5883  55434
70   70 2020-03-08   7375  56475
71   71 2020-03-09   9172  57536
72   72 2020-03-10  10149  58616
73   73 2020-03-11  12462  59717
74   74 2020-03-12  15113  60839
75   75 2020-03-13  17660  61981
76   76 2020-03-14  21157  63145
77   77 2020-03-15  23980  64331
78   78 2020-03-16  27980  65539
79   79 2020-03-17  31506  66770
80   80 2020-03-18  35713  68024
81   81 2020-03-19  41035  69301
82   82 2020-03-20  47021  70603
83   83 2020-03-21  53578  71929
84   84 2020-03-22  59138  73280
85   85 2020-03-23  63927  74656
86   86 2020-03-24  69176  76058
87   87 2020-03-25  74386  77486
88   88 2020-03-26  80539  78941
89   89 2020-03-27  86498  80424
90   90 2020-03-28  92472  81934
91   91 2020-03-29  97689  83473
92   92 2020-03-30 101739  85041
93   93 2020-03-31 105792  86638
94   94 2020-04-01 110574  88265
95   95 2020-04-02 115242  89922
96   96 2020-04-03 119827  91611
97   97 2020-04-04 124632  93331
98   98 2020-04-05 128948  95084
99   99 2020-04-06 132547  96870
100 100 2020-04-07 135586  98689
101 101 2020-04-08 139422 100542
102 102 2020-04-09 143626 102431
103 103 2020-04-10 147577 104354
104 104 2020-04-11 152271 106314
105 105 2020-04-12 156363 108310
106 106 2020-04-13 159516 110345
107 107 2020-04-14 162488 112417
108 108 2020-04-15 165155 114528
109 109 2020-04-16 168941 116679
110 110 2020-04-17 172434 118870
111 111 2020-04-18 175925 121102
112 112 2020-04-19 178972 123377
113 113 2020-04-20 181228 125694
114 114 2020-04-21 183957 128054
115 115 2020-04-22 187327 130459
116 116 2020-04-23 189973 132909
117 117 2020-04-24 192994 135405
118 118 2020-04-25 195351 137948
119 119 2020-04-26 197675 140538
120 120 2020-04-27 199414 143178
121 121 2020-04-28 201505 145867
122 122 2020-04-29 203591 148606
123 123 2020-04-30 205463 151397
124 124 2020-05-01 207428 154240
125 125 2020-05-02 209328 157137
126 126 2020-05-03 210717 160088
127 127 2020-05-04 211938 163094
128 128 2020-05-05 213013 166157
129 129 2020-05-06 214457 169277
130 130 2020-05-07 215858 172456
131 131 2020-05-08 217185 175695
132 132 2020-05-09 218268 178994
133 133 2020-05-10 219070 182356
134 134 2020-05-11 219814 185781
135 135 2020-05-12 221216 189269
136 136 2020-05-13 222104 192824
137 137 2020-05-14 223096 196445
138 138 2020-05-15 223885 200134
139 139 2020-05-16 224760 203893
140 140 2020-05-17 225435 207722
141 141 2020-05-18 225886 211623
142 142 2020-05-19 226699 215597
143 143 2020-05-20 227364 219646
144 144 2020-05-21 228006 223771
145 145 2020-05-22 228658 227973
146 146 2020-05-23 229327 232255
147 147 2020-05-24 229858 236616
148 148 2020-05-25 230158 241060
149 149 2020-05-26 230555 245587
150 150 2020-05-27 231139 250199
151 151 2020-05-28 231732 254898
152 152 2020-05-29 232248 259685
153 153 2020-05-30 232664 264561
154 154 2020-05-31 233019 269530
155 155 2020-06-01 233197 274592
156 156 2020-06-02 233515 279748
157 157 2020-06-03 233836 285002
158 158 2020-06-04 234013 290354
159 159 2020-06-05 234531 295807
160 160 2020-06-06 234801 301362
161 161 2020-06-07 234998 307022
162 162 2020-06-08 234998 312788

Intervalo de Confianca
          2.5%       97.5%
b  12340.95761 18791.51654
y0    49.60619    58.33717


Formula: x ~ SSexp(day, b, y0)

Parameters:
    Estimate Std. Error t value           Pr(>|t|)    
b  193844.87    1696.61  114.25 0.0000000000000385 ***
y0    837.44      38.96   21.49 0.0000000231077301 ***
---
Signif. codes:  0 ‘***’ 0.001 ‘**’ 0.01 ‘*’ 0.05 ‘.’ 0.1 ‘ ’ 1

Residual standard error: 118.1 on 8 degrees of freedom

Number of iterations to convergence: 70 
Achieved convergence tolerance: 0.0000000149

Considerando os casos dos últimos 10 dias, temos:
Número de dias para dobrar:  837.4
Razao de crescimento:  193844.9

Todos os dados gerados
    country       dias otimista casos_estimados pessimista estimativa_mortes casos_confirmados mortes_confirmadas latitude longitude
1     Italy 2019-12-30     9265           15643      22021              2257                 0                  0 41.87194  12.56738
2     Italy 2019-12-31     9439           15937      22435              2299                 0                  0 41.87194  12.56738
3     Italy 2020-01-01     9616           16236      22856              2342                 0                  0 41.87194  12.56738
4     Italy 2020-01-02     9797           16541      23285              2386                 0                  0 41.87194  12.56738
5     Italy 2020-01-03     9980           16851      23722              2431                 0                  0 41.87194  12.56738
6     Italy 2020-01-04    10168           17168      24168              2477                 0                  0 41.87194  12.56738
7     Italy 2020-01-05    10359           17490      24621              2523                 0                  0 41.87194  12.56738
8     Italy 2020-01-06    10554           17819      25084              2570                 0                  0 41.87194  12.56738
9     Italy 2020-01-07    10752           18153      25554              2619                 0                  0 41.87194  12.56738
10    Italy 2020-01-08    10953           18494      26035              2668                 0                  0 41.87194  12.56738
11    Italy 2020-01-09    11160           18842      26524              2718                 0                  0 41.87194  12.56738
12    Italy 2020-01-10    11369           19195      27021              2769                 0                  0 41.87194  12.56738
13    Italy 2020-01-11    11582           19556      27530              2821                 0                  0 41.87194  12.56738
14    Italy 2020-01-12    11800           19923      28046              2874                 0                  0 41.87194  12.56738
15    Italy 2020-01-13    12021           20297      28573              2928                 0                  0 41.87194  12.56738
16    Italy 2020-01-14    12248           20679      29110              2983                 0                  0 41.87194  12.56738
17    Italy 2020-01-15    12477           21067      29657              3039                 0                  0 41.87194  12.56738
18    Italy 2020-01-16    12712           21463      30214              3096                 0                  0 41.87194  12.56738
19    Italy 2020-01-17    12951           21866      30781              3154                 0                  0 41.87194  12.56738
20    Italy 2020-01-18    13193           22276      31359              3213                 0                  0 41.87194  12.56738
21    Italy 2020-01-19    13442           22695      31948              3274                 0                  0 41.87194  12.56738
22    Italy 2020-01-20    13694           23121      32548              3335                 0                  0 41.87194  12.56738
23    Italy 2020-01-21    13951           23555      33159              3398                 0                  0 41.87194  12.56738
24    Italy 2020-01-22    14213           23997      33781              3462                 0                  0 41.87194  12.56738
25    Italy 2020-01-23    14480           24448      34416              3527                 0                  0 41.87194  12.56738
26    Italy 2020-01-24    14752           24907      35062              3593                 0                  0 41.87194  12.56738
27    Italy 2020-01-25    15029           25375      35721              3660                 0                  0 41.87194  12.56738
28    Italy 2020-01-26    15311           25851      36391              3729                 0                  0 41.87194  12.56738
29    Italy 2020-01-27    15599           26337      37075              3799                 0                  0 41.87194  12.56738
30    Italy 2020-01-28    15892           26832      37772              3871                 0                  0 41.87194  12.56738
31    Italy 2020-01-29    16190           27335      38480              3943                 0                  0 41.87194  12.56738
32    Italy 2020-01-30    16494           27849      39204              4017                 3                  0 41.87194  12.56738
33    Italy 2020-01-31    16804           28372      39940              4093                 3                  0 41.87194  12.56738
34    Italy 2020-02-01    17120           28905      40690              4170                 3                  0 41.87194  12.56738
35    Italy 2020-02-02    17441           29447      41453              4248                 3                  0 41.87194  12.56738
36    Italy 2020-02-03    17768           30000      42232              4328                 3                  0 41.87194  12.56738
37    Italy 2020-02-04    18102           30564      43026              4409                 3                  0 41.87194  12.56738
38    Italy 2020-02-05    18442           31138      43834              4492                 3                  0 41.87194  12.56738
39    Italy 2020-02-06    18789           31723      44657              4576                 3                  0 41.87194  12.56738
40    Italy 2020-02-07    19141           32318      45495              4662                 3                  0 41.87194  12.56738
41    Italy 2020-02-08    19501           32925      46349              4750                 3                  0 41.87194  12.56738
42    Italy 2020-02-09    19867           33544      47221              4839                 3                  0 41.87194  12.56738
43    Italy 2020-02-10    20240           34174      48108              4930                 3                  0 41.87194  12.56738
44    Italy 2020-02-11    20620           34815      49010              5022                 3                  0 41.87194  12.56738
45    Italy 2020-02-12    21007           35469      49931              5116                 3                  0 41.87194  12.56738
46    Italy 2020-02-13    21402           36135      50868              5213                 3                  0 41.87194  12.56738
47    Italy 2020-02-14    21804           36814      51824              5311                 3                  0 41.87194  12.56738
48    Italy 2020-02-15    22213           37505      52797              5410                 3                  0 41.87194  12.56738
49    Italy 2020-02-16    22631           38210      53789              5512                 3                  0 41.87194  12.56738
50    Italy 2020-02-17    23055           38927      54799              5615                 3                  0 41.87194  12.56738
51    Italy 2020-02-18    23488           39658      55828              5721                 3                  0 41.87194  12.56738
52    Italy 2020-02-19    23930           40403      56876              5828                 3                  0 41.87194  12.56738
53    Italy 2020-02-20    24379           41162      57945              5938                 3                  0 41.87194  12.56738
54    Italy 2020-02-21    24837           41935      59033              6049                17                  2 41.87194  12.56738
55    Italy 2020-02-22    25303           42722      60141              6163                79                  2 41.87194  12.56738
56    Italy 2020-02-23    25779           43525      61271              6279               132                  6 41.87194  12.56738
57    Italy 2020-02-24    26263           44342      62421              6396               229                 11 41.87194  12.56738
58    Italy 2020-02-25    26756           45175      63594              6517               322                 12 41.87194  12.56738
59    Italy 2020-02-26    27258           46023      64788              6639               400                 17 41.87194  12.56738
60    Italy 2020-02-27    27770           46887      66004              6764               650                 21 41.87194  12.56738
61    Italy 2020-02-28    28292           47768      67244              6891               888                 29 41.87194  12.56738
62    Italy 2020-02-29    28823           48665      68507              7020              1128                 35 41.87194  12.56738
63    Italy 2020-03-01    29364           49579      69794              7152              1689                 52 41.87194  12.56738
64    Italy 2020-03-02    29916           50510      71104              7286              2036                 80 41.87194  12.56738
65    Italy 2020-03-03    30477           51458      72439              7423              2502                107 41.87194  12.56738
66    Italy 2020-03-04    31050           52425      73800              7562              3089                148 41.87194  12.56738
67    Italy 2020-03-05    31633           53409      75185              7704              3858                197 41.87194  12.56738
68    Italy 2020-03-06    32227           54412      76597              7849              4636                233 41.87194  12.56738
69    Italy 2020-03-07    32832           55434      78036              7996              5883                366 41.87194  12.56738
70    Italy 2020-03-08    33449           56475      79501              8147              7375                464 41.87194  12.56738
71    Italy 2020-03-09    34077           57536      80995              8300              9172                631 41.87194  12.56738
72    Italy 2020-03-10    34717           58616      82515              8455             10149                827 41.87194  12.56738
73    Italy 2020-03-11    35369           59717      84065              8614             12462               1016 41.87194  12.56738
74    Italy 2020-03-12    36033           60839      85645              8776             15113               1268 41.87194  12.56738
75    Italy 2020-03-13    36710           61981      87252              8941             17660               1441 41.87194  12.56738
76    Italy 2020-03-14    37399           63145      88891              9109             21157               1811 41.87194  12.56738
77    Italy 2020-03-15    38102           64331      90560              9280             23980               2158 41.87194  12.56738
78    Italy 2020-03-16    38817           65539      92261              9454             27980               2505 41.87194  12.56738
79    Italy 2020-03-17    39546           66770      93994              9632             31506               2978 41.87194  12.56738
80    Italy 2020-03-18    40289           68024      95759              9813             35713               3407 41.87194  12.56738
81    Italy 2020-03-19    41045           69301      97557              9997             41035               4032 41.87194  12.56738
82    Italy 2020-03-20    41816           70603      99390             10185             47021               4827 41.87194  12.56738
83    Italy 2020-03-21    42602           71929     101256             10376             53578               5476 41.87194  12.56738
84    Italy 2020-03-22    43402           73280     103158             10571             59138               6077 41.87194  12.56738
85    Italy 2020-03-23    44217           74656     105095             10769             63927               6820 41.87194  12.56738
86    Italy 2020-03-24    45047           76058     107069             10972             69176               7505 41.87194  12.56738
87    Italy 2020-03-25    45893           77486     109079             11178             74386               8165 41.87194  12.56738
88    Italy 2020-03-26    46755           78941     111127             11387             80539               9136 41.87194  12.56738
89    Italy 2020-03-27    47633           80424     113215             11601             86498              10023 41.87194  12.56738
90    Italy 2020-03-28    48527           81934     115341             11819             92472              10781 41.87194  12.56738
91    Italy 2020-03-29    49439           83473     117507             12041             97689              11591 41.87194  12.56738
92    Italy 2020-03-30    50367           85041     119715             12267            101739              12430 41.87194  12.56738
93    Italy 2020-03-31    51313           86638     121963             12498            105792              13157 41.87194  12.56738
94    Italy 2020-04-01    52277           88265     124253             12732            110574              13917 41.87194  12.56738
95    Italy 2020-04-02    53258           89922     126586             12971            115242              14681 41.87194  12.56738
96    Italy 2020-04-03    54259           91611     128963             13215            119827              15362 41.87194  12.56738
97    Italy 2020-04-04    55277           93331     131385             13463            124632              15889 41.87194  12.56738
98    Italy 2020-04-05    56316           95084     133852             13716            128948              16525 41.87194  12.56738
99    Italy 2020-04-06    57373           96870     136367             13974            132547              17129 41.87194  12.56738
100   Italy 2020-04-07    58451           98689     138927             14236            135586              17669 41.87194  12.56738
101   Italy 2020-04-08    59548          100542     141536             14503            139422              18281 41.87194  12.56738
102   Italy 2020-04-09    60667          102431     144195             14776            143626              18851 41.87194  12.56738
103   Italy 2020-04-10    61806          104354     146902             15053            147577              19470 41.87194  12.56738
104   Italy 2020-04-11    62967          106314     149661             15336            152271              19901 41.87194  12.56738
105   Italy 2020-04-12    64149          108310     152471             15624            156363              20465 41.87194  12.56738
106   Italy 2020-04-13    65354          110345     155336             15918            159516              21069 41.87194  12.56738
107   Italy 2020-04-14    66582          112417     158252             16216            162488              21647 41.87194  12.56738
108   Italy 2020-04-15    67832          114528     161224             16521            165155              22172 41.87194  12.56738
109   Italy 2020-04-16    69106          116679     164252             16831            168941              22747 41.87194  12.56738
110   Italy 2020-04-17    70403          118870     167337             17147            172434              23227 41.87194  12.56738
111   Italy 2020-04-18    71725          121102     170479             17469            175925              23660 41.87194  12.56738
112   Italy 2020-04-19    73073          123377     173681             17797            178972              24114 41.87194  12.56738
113   Italy 2020-04-20    74445          125694     176943             18132            181228              24648 41.87194  12.56738
114   Italy 2020-04-21    75843          128054     180265             18472            183957              25085 41.87194  12.56738
115   Italy 2020-04-22    77267          130459     183651             18819            187327              25549 41.87194  12.56738
116   Italy 2020-04-23    78718          132909     187100             19172            189973              25969 41.87194  12.56738
117   Italy 2020-04-24    80197          135405     190613             19532            192994              26384 41.87194  12.56738
118   Italy 2020-04-25    81703          137948     194193             19899            195351              26644 41.87194  12.56738
119   Italy 2020-04-26    83237          140538     197839             20273            197675              26977 41.87194  12.56738
120   Italy 2020-04-27    84800          143178     201556             20654            199414              27359 41.87194  12.56738
121   Italy 2020-04-28    86393          145867     205341             21042            201505              27682 41.87194  12.56738
122   Italy 2020-04-29    88015          148606     209197             21437            203591              27967 41.87194  12.56738
123   Italy 2020-04-30    89668          151397     213126             21839            205463              28236 41.87194  12.56738
124   Italy 2020-05-01    91352          154240     217128             22249            207428              28710 41.87194  12.56738
125   Italy 2020-05-02    93068          157137     221206             22667            209328              28884 41.87194  12.56738
126   Italy 2020-05-03    94816          160088     225360             23093            210717              29079 41.87194  12.56738
127   Italy 2020-05-04    96596          163094     229592             23527            211938              29315 41.87194  12.56738
128   Italy 2020-05-05    98410          166157     233904             23969            213013              29684 41.87194  12.56738
129   Italy 2020-05-06   100258          169277     238296             24419            214457              29958 41.87194  12.56738
130   Italy 2020-05-07   102141          172456     242771             24877            215858              30201 41.87194  12.56738
131   Italy 2020-05-08   104059          175695     247331             25344            217185              30395 41.87194  12.56738
132   Italy 2020-05-09   106013          178994     251975             25820            218268              30560 41.87194  12.56738
133   Italy 2020-05-10   108005          182356     256707             26305            219070              30739 41.87194  12.56738
134   Italy 2020-05-11   110033          185781     261529             26799            219814              30911 41.87194  12.56738
135   Italy 2020-05-12   112099          189269     266439             27302            221216              31106 41.87194  12.56738
136   Italy 2020-05-13   114204          192824     271444             27815            222104              31368 41.87194  12.56738
137   Italy 2020-05-14   116349          196445     276541             28338            223096              31610 41.87194  12.56738
138   Italy 2020-05-15   118534          200134     281734             28870            223885              31763 41.87194  12.56738
139   Italy 2020-05-16   120760          203893     287026             29412            224760              31908 41.87194  12.56738
140   Italy 2020-05-17   123028          207722     292416             29964            225435              32007 41.87194  12.56738
141   Italy 2020-05-18   125339          211623     297907             30527            225886              32169 41.87194  12.56738
142   Italy 2020-05-19   127692          215597     303502             31100            226699              32330 41.87194  12.56738
143   Italy 2020-05-20   130090          219646     309202             31684            227364              32486 41.87194  12.56738
144   Italy 2020-05-21   132533          223771     315009             32279            228006              32616 41.87194  12.56738
145   Italy 2020-05-22   135022          227973     320924             32886            228658              32735 41.87194  12.56738
146   Italy 2020-05-23   137558          232255     326952             33503            229327              32785 41.87194  12.56738
147   Italy 2020-05-24   140141          236616     333091             34132            229858              32877 41.87194  12.56738
148   Italy 2020-05-25   142773          241060     339347             34773            230158              32955 41.87194  12.56738
149   Italy 2020-05-26   145455          245587     345719             35426            230555              33072 41.87194  12.56738
150   Italy 2020-05-27   148186          250199     352212             36092            231139              33142 41.87194  12.56738
151   Italy 2020-05-28   150969          254898     358827             36770            231732              33229 41.87194  12.56738
152   Italy 2020-05-29   153804          259685     365566             37460            232248              33340 41.87194  12.56738
153   Italy 2020-05-30   156692          264561     372430             38164            232664              33415 41.87194  12.56738
154   Italy 2020-05-31   159635          269530     379425             38880            233019              33475 41.87194  12.56738
155   Italy 2020-06-01   162633          274592     386551             39611            233197              33530 41.87194  12.56738
156   Italy 2020-06-02   165687          279748     393809             40354            233515              33601 41.87194  12.56738
157   Italy 2020-06-03   168799          285002     401205             41112            233836              33689 41.87194  12.56738
158   Italy 2020-06-04   171969          290354     408739             41884            234013              33774 41.87194  12.56738
159   Italy 2020-06-05   175198          295807     416416             42671            234531              33846 41.87194  12.56738
160   Italy 2020-06-06   178489          301362     424235             43472            234801              33899 41.87194  12.56738
161   Italy 2020-06-07   181841          307022     432203             44289            234998              33899 41.87194  12.56738
162   Italy 2020-06-08   185256          312788     440320             45120            234998              33899 41.87194  12.56738
163   Italy 2020-06-09   188735          318662     448589             45968                NA                 NA 41.87194  12.56738
164   Italy 2020-06-10   192279          324646     457013             46831                NA                 NA 41.87194  12.56738
165   Italy 2020-06-11   195890          330743     465596             47710                NA                 NA 41.87194  12.56738
166   Italy 2020-06-12   199569          336954     474339             48606                NA                 NA 41.87194  12.56738
167   Italy 2020-06-13   203317          343282     483247             49519                NA                 NA 41.87194  12.56738
168   Italy 2020-06-14   207135          349729     492323             50449                NA                 NA 41.87194  12.56738
169   Italy 2020-06-15   211025          356297     501569             51397                NA                 NA 41.87194  12.56738
170   Italy 2020-06-16   214988          362988     510988             52362                NA                 NA 41.87194  12.56738
171   Italy 2020-06-17   219025          369805     520585             53345                NA                 NA 41.87194  12.56738
172   Italy 2020-06-18   223139          376750     530361             54347                NA                 NA 41.87194  12.56738

Fontes:
	OMS - https://ourworldindata.org/coronavirus-source-data
	Worldometers - https://www.worldometers.info/coronavirus