
 Brazil 
Projecao:  10  dias
Gerado em:  2020-06-24 20:23:04
RMSE(%):  17.8 , BIAS(%): 5.63

Taxa de Mortalidade 4.52 %

    country       dias otimista casos_estimados pessimista estimativa_mortes casos_confirmados mortes_confirmadas latitude longitude
169  Brazil 2020-06-15   722579          879425    1036271             39731            888271              45241        0         0
170  Brazil 2020-06-16   754090          917776    1081462             41464            923189              46510        0         0
171  Brazil 2020-06-17   786975          957799    1128623             43272            955377              47748        0         0
172  Brazil 2020-06-18   821295          999568    1177841             45159            978142              48954        0         0
173  Brazil 2020-06-19   857111         1043158    1229205             47128           1032913              49976        0         0
174  Brazil 2020-06-20   894487         1088648    1282809             49183           1067579              50617        0         0
175  Brazil 2020-06-21   933495         1136123    1338751             51328           1085038              51271        0         0
176  Brazil 2020-06-22   974204         1185668    1397132             53567           1106470              52645        0         0
177  Brazil 2020-06-23  1016688         1237374    1458060             55903           1145906              53874        0         0
178  Brazil 2020-06-24  1061024         1291334    1521644             58340           1192474              53874        0         0
179  Brazil 2020-06-25  1107295         1347648    1588001             60885                NA                 NA        0         0
180  Brazil 2020-06-26  1155582         1406417    1657252             63540                NA                 NA        0         0
181  Brazil 2020-06-27  1205976         1467749    1729522             66310                NA                 NA        0         0
182  Brazil 2020-06-28  1258567         1531756    1804945             69202                NA                 NA        0         0
183  Brazil 2020-06-29  1313452         1598554    1883656             72220                NA                 NA        0         0
184  Brazil 2020-06-30  1370730         1668265    1965800             75369                NA                 NA        0         0
185  Brazil 2020-07-01  1430505         1741016    2051527             78656                NA                 NA        0         0
186  Brazil 2020-07-02  1492888         1816940    2140992             82086                NA                 NA        0         0
187  Brazil 2020-07-03  1557991         1896174    2234357             85666                NA                 NA        0         0
188  Brazil 2020-07-04  1625933         1978864    2331795             89402                NA                 NA        0         0

Total de casos no mundo:  9514645 2859225 1923925 2356873 2026090 338665 9146 721 9514645

Estimados a partir dos dados da OMS:
    day       date       x    xest
1     1 2019-12-30       0     676
2     2 2019-12-31       0     705
3     3 2020-01-01       0     736
4     4 2020-01-02       0     768
5     5 2020-01-03       0     802
6     6 2020-01-04       0     837
7     7 2020-01-05       0     873
8     8 2020-01-06       0     911
9     9 2020-01-07       0     951
10   10 2020-01-08       0     992
11   11 2020-01-09       0    1036
12   12 2020-01-10       0    1081
13   13 2020-01-11       0    1128
14   14 2020-01-12       0    1177
15   15 2020-01-13       0    1229
16   16 2020-01-14       0    1282
17   17 2020-01-15       0    1338
18   18 2020-01-16       0    1396
19   19 2020-01-17       0    1457
20   20 2020-01-18       0    1521
21   21 2020-01-19       0    1587
22   22 2020-01-20       0    1656
23   23 2020-01-21       0    1729
24   24 2020-01-22       0    1804
25   25 2020-01-23       0    1883
26   26 2020-01-24       0    1965
27   27 2020-01-25       0    2050
28   28 2020-01-26       0    2140
29   29 2020-01-27       0    2233
30   30 2020-01-28       0    2331
31   31 2020-01-29       0    2432
32   32 2020-01-30       0    2538
33   33 2020-01-31       0    2649
34   34 2020-02-01       0    2764
35   35 2020-02-02       0    2885
36   36 2020-02-03       0    3011
37   37 2020-02-04       0    3142
38   38 2020-02-05       0    3279
39   39 2020-02-06       0    3422
40   40 2020-02-07       0    3571
41   41 2020-02-08       0    3727
42   42 2020-02-09       0    3890
43   43 2020-02-10       0    4059
44   44 2020-02-11       0    4236
45   45 2020-02-12       0    4421
46   46 2020-02-13       0    4614
47   47 2020-02-14       0    4815
48   48 2020-02-15       0    5025
49   49 2020-02-16       0    5244
50   50 2020-02-17       0    5473
51   51 2020-02-18       0    5711
52   52 2020-02-19       0    5961
53   53 2020-02-20       0    6220
54   54 2020-02-21       0    6492
55   55 2020-02-22       0    6775
56   56 2020-02-23       0    7070
57   57 2020-02-24       0    7379
58   58 2020-02-25       1    7700
59   59 2020-02-26       1    8036
60   60 2020-02-27       1    8387
61   61 2020-02-28       1    8752
62   62 2020-02-29       2    9134
63   63 2020-03-01       2    9532
64   64 2020-03-02       2    9948
65   65 2020-03-03       2   10382
66   66 2020-03-04       3   10835
67   67 2020-03-05       8   11307
68   68 2020-03-06      13   11800
69   69 2020-03-07      13   12315
70   70 2020-03-08      25   12852
71   71 2020-03-09      25   13412
72   72 2020-03-10      34   13997
73   73 2020-03-11      52   14608
74   74 2020-03-12      77   15245
75   75 2020-03-13      98   15909
76   76 2020-03-14     121   16603
77   77 2020-03-15     200   17327
78   78 2020-03-16     234   18083
79   79 2020-03-17     291   18871
80   80 2020-03-18     428   19694
81   81 2020-03-19     621   20553
82   82 2020-03-20     904   21449
83   83 2020-03-21    1128   22385
84   84 2020-03-22    1546   23361
85   85 2020-03-23    1891   24380
86   86 2020-03-24    2201   25443
87   87 2020-03-25    2433   26552
88   88 2020-03-26    2915   27710
89   89 2020-03-27    3417   28919
90   90 2020-03-28    3904   30180
91   91 2020-03-29    4256   31496
92   92 2020-03-30    4579   32870
93   93 2020-03-31    5717   34303
94   94 2020-04-01    6836   35799
95   95 2020-04-02    7910   37360
96   96 2020-04-03    9056   38989
97   97 2020-04-04   10278   40689
98   98 2020-04-05   11130   42464
99   99 2020-04-06   12056   44316
100 100 2020-04-07   13717   46248
101 101 2020-04-08   15927   48265
102 102 2020-04-09   17857   50370
103 103 2020-04-10   19638   52566
104 104 2020-04-11   20727   54859
105 105 2020-04-12   22169   57251
106 106 2020-04-13   23430   59748
107 107 2020-04-14   25262   62353
108 108 2020-04-15   28320   65072
109 109 2020-04-16   30425   67910
110 110 2020-04-17   33682   70872
111 111 2020-04-18   36599   73962
112 112 2020-04-19   38654   77188
113 113 2020-04-20   40581   80554
114 114 2020-04-21   43079   84067
115 115 2020-04-22   45757   87733
116 116 2020-04-23   49492   91559
117 117 2020-04-24   52995   95551
118 118 2020-04-25   58509   99718
119 119 2020-04-26   61888  104067
120 120 2020-04-27   66501  108605
121 121 2020-04-28   71886  113341
122 122 2020-04-29   78162  118284
123 123 2020-04-30   85380  123442
124 124 2020-05-01   91589  128825
125 125 2020-05-02   96559  134443
126 126 2020-05-03  101147  140306
127 127 2020-05-04  107780  146425
128 128 2020-05-05  114715  152810
129 129 2020-05-06  125218  159474
130 130 2020-05-07  135106  166428
131 131 2020-05-08  145328  173686
132 132 2020-05-09  155939  181260
133 133 2020-05-10  162699  189165
134 134 2020-05-11  168331  197414
135 135 2020-05-12  177589  206023
136 136 2020-05-13  188974  215008
137 137 2020-05-14  202918  224384
138 138 2020-05-15  218223  234169
139 139 2020-05-16  233142  244381
140 140 2020-05-17  241080  255038
141 141 2020-05-18  254220  266160
142 142 2020-05-19  271628  277767
143 143 2020-05-20  291579  289880
144 144 2020-05-21  310087  302521
145 145 2020-05-22  330890  315714
146 146 2020-05-23  347398  329482
147 147 2020-05-24  363211  343850
148 148 2020-05-25  374898  358845
149 149 2020-05-26  391222  374494
150 150 2020-05-27  411821  390825
151 151 2020-05-28  438238  407868
152 152 2020-05-29  465166  425655
153 153 2020-05-30  498440  444217
154 154 2020-05-31  514849  463589
155 155 2020-06-01  526447  483805
156 156 2020-06-02  555383  504904
157 157 2020-06-03  584016  526922
158 158 2020-06-04  614932  549900
159 159 2020-06-05  645762  573881
160 160 2020-06-06  672837  598907
161 161 2020-06-07  691758  625025
162 162 2020-06-08  707412  652281
163 163 2020-06-09  739503  680726
164 164 2020-06-10  772416  710412
165 165 2020-06-11  802828  741392
166 166 2020-06-12  828810  773724
167 167 2020-06-13  850514  807465
168 168 2020-06-14  867624  842677
169 169 2020-06-15  888271  879425
170 170 2020-06-16  923189  917776
171 171 2020-06-17  955377  957799
172 172 2020-06-18  978142  999568
173 173 2020-06-19 1032913 1043158
174 174 2020-06-20 1067579 1088648
175 175 2020-06-21 1085038 1136123
176 176 2020-06-22 1106470 1185668
177 177 2020-06-23 1145906 1237374
178 178 2020-06-24 1192474 1291334

Intervalo de Confianca
        2.5%     97.5%
b  544.69936 766.63319
y0  22.87366  23.99527


Formula: x ~ SSexp(day, b, y0)

Parameters:
   Estimate Std. Error t value      Pr(>|t|)    
b   4357.24     858.66   5.074       0.00096 ***
y0    31.73       1.14  27.837 0.00000000299 ***
---
Signif. codes:  0 ‘***’ 0.001 ‘**’ 0.01 ‘*’ 0.05 ‘.’ 0.1 ‘ ’ 1

Residual standard error: 10610 on 8 degrees of freedom

Number of iterations to convergence: 29 
Achieved convergence tolerance: 0.0000000149

Considerando os casos dos últimos 10 dias, temos:
Número de dias para dobrar:  31.7
Razao de crescimento:  4357.24

Todos os dados gerados
    country       dias otimista casos_estimados pessimista estimativa_mortes casos_confirmados mortes_confirmadas latitude longitude
1    Brazil 2019-12-30      555             676        797                31                 0                  0        0         0
2    Brazil 2019-12-31      579             705        831                32                 0                  0        0         0
3    Brazil 2020-01-01      605             736        867                33                 0                  0        0         0
4    Brazil 2020-01-02      631             768        905                35                 0                  0        0         0
5    Brazil 2020-01-03      659             802        945                36                 0                  0        0         0
6    Brazil 2020-01-04      688             837        986                38                 0                  0        0         0
7    Brazil 2020-01-05      717             873       1029                39                 0                  0        0         0
8    Brazil 2020-01-06      749             911       1073                41                 0                  0        0         0
9    Brazil 2020-01-07      781             951       1121                43                 0                  0        0         0
10   Brazil 2020-01-08      815             992       1169                45                 0                  0        0         0
11   Brazil 2020-01-09      851            1036       1221                47                 0                  0        0         0
12   Brazil 2020-01-10      888            1081       1274                49                 0                  0        0         0
13   Brazil 2020-01-11      927            1128       1329                51                 0                  0        0         0
14   Brazil 2020-01-12      967            1177       1387                53                 0                  0        0         0
15   Brazil 2020-01-13     1010            1229       1448                56                 0                  0        0         0
16   Brazil 2020-01-14     1053            1282       1511                58                 0                  0        0         0
17   Brazil 2020-01-15     1099            1338       1577                60                 0                  0        0         0
18   Brazil 2020-01-16     1147            1396       1645                63                 0                  0        0         0
19   Brazil 2020-01-17     1197            1457       1717                66                 0                  0        0         0
20   Brazil 2020-01-18     1250            1521       1792                69                 0                  0        0         0
21   Brazil 2020-01-19     1304            1587       1870                72                 0                  0        0         0
22   Brazil 2020-01-20     1361            1656       1951                75                 0                  0        0         0
23   Brazil 2020-01-21     1421            1729       2037                78                 0                  0        0         0
24   Brazil 2020-01-22     1482            1804       2126                82                 0                  0        0         0
25   Brazil 2020-01-23     1547            1883       2219                85                 0                  0        0         0
26   Brazil 2020-01-24     1615            1965       2315                89                 0                  0        0         0
27   Brazil 2020-01-25     1684            2050       2416                93                 0                  0        0         0
28   Brazil 2020-01-26     1758            2140       2522                97                 0                  0        0         0
29   Brazil 2020-01-27     1835            2233       2631               101                 0                  0        0         0
30   Brazil 2020-01-28     1915            2331       2747               105                 0                  0        0         0
31   Brazil 2020-01-29     1998            2432       2866               110                 0                  0        0         0
32   Brazil 2020-01-30     2085            2538       2991               115                 0                  0        0         0
33   Brazil 2020-01-31     2177            2649       3121               120                 0                  0        0         0
34   Brazil 2020-02-01     2271            2764       3257               125                 0                  0        0         0
35   Brazil 2020-02-02     2370            2885       3400               130                 0                  0        0         0
36   Brazil 2020-02-03     2474            3011       3548               136                 0                  0        0         0
37   Brazil 2020-02-04     2582            3142       3702               142                 0                  0        0         0
38   Brazil 2020-02-05     2694            3279       3864               148                 0                  0        0         0
39   Brazil 2020-02-06     2812            3422       4032               155                 0                  0        0         0
40   Brazil 2020-02-07     2934            3571       4208               161                 0                  0        0         0
41   Brazil 2020-02-08     3062            3727       4392               168                 0                  0        0         0
42   Brazil 2020-02-09     3196            3890       4584               176                 0                  0        0         0
43   Brazil 2020-02-10     3335            4059       4783               183                 0                  0        0         0
44   Brazil 2020-02-11     3481            4236       4991               191                 0                  0        0         0
45   Brazil 2020-02-12     3633            4421       5209               200                 0                  0        0         0
46   Brazil 2020-02-13     3791            4614       5437               208                 0                  0        0         0
47   Brazil 2020-02-14     3956            4815       5674               218                 0                  0        0         0
48   Brazil 2020-02-15     4129            5025       5921               227                 0                  0        0         0
49   Brazil 2020-02-16     4309            5244       6179               237                 0                  0        0         0
50   Brazil 2020-02-17     4497            5473       6449               247                 0                  0        0         0
51   Brazil 2020-02-18     4692            5711       6730               258                 0                  0        0         0
52   Brazil 2020-02-19     4898            5961       7024               269                 0                  0        0         0
53   Brazil 2020-02-20     5111            6220       7329               281                 0                  0        0         0
54   Brazil 2020-02-21     5334            6492       7650               293                 0                  0        0         0
55   Brazil 2020-02-22     5567            6775       7983               306                 0                  0        0         0
56   Brazil 2020-02-23     5809            7070       8331               319                 0                  0        0         0
57   Brazil 2020-02-24     6063            7379       8695               333                 0                  0        0         0
58   Brazil 2020-02-25     6327            7700       9073               348                 1                  0        0         0
59   Brazil 2020-02-26     6603            8036       9469               363                 1                  0        0         0
60   Brazil 2020-02-27     6891            8387       9883               379                 1                  0        0         0
61   Brazil 2020-02-28     7191            8752      10313               395                 1                  0        0         0
62   Brazil 2020-02-29     7505            9134      10763               413                 2                  0        0         0
63   Brazil 2020-03-01     7832            9532      11232               431                 2                  0        0         0
64   Brazil 2020-03-02     8174            9948      11722               449                 2                  0        0         0
65   Brazil 2020-03-03     8530           10382      12234               469                 2                  0        0         0
66   Brazil 2020-03-04     8903           10835      12767               490                 3                  0        0         0
67   Brazil 2020-03-05     9290           11307      13324               511                 8                  0        0         0
68   Brazil 2020-03-06     9695           11800      13905               533                13                  0        0         0
69   Brazil 2020-03-07    10119           12315      14511               556                13                  0        0         0
70   Brazil 2020-03-08    10560           12852      15144               581                25                  0        0         0
71   Brazil 2020-03-09    11020           13412      15804               606                25                  0        0         0
72   Brazil 2020-03-10    11501           13997      16493               632                34                  0        0         0
73   Brazil 2020-03-11    12003           14608      17213               660                52                  0        0         0
74   Brazil 2020-03-12    12526           15245      17964               689                77                  0        0         0
75   Brazil 2020-03-13    13072           15909      18746               719                98                  0        0         0
76   Brazil 2020-03-14    13642           16603      19564               750               121                  0        0         0
77   Brazil 2020-03-15    14237           17327      20417               783               200                  0        0         0
78   Brazil 2020-03-16    14858           18083      21308               817               234                  1        0         0
79   Brazil 2020-03-17    15505           18871      22237               853               291                  4        0         0
80   Brazil 2020-03-18    16182           19694      23206               890               428                  6        0         0
81   Brazil 2020-03-19    16887           20553      24219               929               621                 11        0         0
82   Brazil 2020-03-20    17624           21449      25274               969               904                 18        0         0
83   Brazil 2020-03-21    18393           22385      26377              1011              1128                 25        0         0
84   Brazil 2020-03-22    19195           23361      27527              1055              1546                 34        0         0
85   Brazil 2020-03-23    20032           24380      28728              1101              1891                 46        0         0
86   Brazil 2020-03-24    20905           25443      29981              1149              2201                 57        0         0
87   Brazil 2020-03-25    21816           26552      31288              1200              2433                 77        0         0
88   Brazil 2020-03-26    22768           27710      32652              1252              2915                 92        0         0
89   Brazil 2020-03-27    23761           28919      34077              1307              3417                114        0         0
90   Brazil 2020-03-28    24797           30180      35563              1363              3904                136        0         0
91   Brazil 2020-03-29    25879           31496      37113              1423              4256                159        0         0
92   Brazil 2020-03-30    27008           32870      38732              1485              4579                201        0         0
93   Brazil 2020-03-31    28185           34303      40421              1550              5717                241        0         0
94   Brazil 2020-04-01    29414           35799      42184              1617              6836                299        0         0
95   Brazil 2020-04-02    30697           37360      44023              1688              7910                359        0         0
96   Brazil 2020-04-03    32035           38989      45943              1761              9056                432        0         0
97   Brazil 2020-04-04    33432           40689      47946              1838             10278                486        0         0
98   Brazil 2020-04-05    34891           42464      50037              1918             11130                553        0         0
99   Brazil 2020-04-06    36412           44316      52220              2002             12056                667        0         0
100  Brazil 2020-04-07    38000           46248      54496              2089             13717                800        0         0
101  Brazil 2020-04-08    39657           48265      56873              2181             15927                941        0         0
102  Brazil 2020-04-09    41387           50370      59353              2276             17857               1056        0         0
103  Brazil 2020-04-10    43191           52566      61941              2375             19638               1124        0         0
104  Brazil 2020-04-11    45075           54859      64643              2478             20727               1223        0         0
105  Brazil 2020-04-12    47040           57251      67462              2587             22169               1328        0         0
106  Brazil 2020-04-13    49092           59748      70404              2699             23430               1532        0         0
107  Brazil 2020-04-14    51232           62353      73474              2817             25262               1736        0         0
108  Brazil 2020-04-15    53466           65072      76678              2940             28320               1924        0         0
109  Brazil 2020-04-16    55798           67910      80022              3068             30425               2141        0         0
110  Brazil 2020-04-17    58232           70872      83512              3202             33682               2347        0         0
111  Brazil 2020-04-18    60771           73962      87153              3341             36599               2462        0         0
112  Brazil 2020-04-19    63422           77188      90954              3487             38654               2575        0         0
113  Brazil 2020-04-20    66187           80554      94921              3639             40581               2741        0         0
114  Brazil 2020-04-21    69074           84067      99060              3798             43079               2906        0         0
115  Brazil 2020-04-22    72086           87733     103380              3964             45757               3313        0         0
116  Brazil 2020-04-23    75229           91559     107889              4136             49492               3670        0         0
117  Brazil 2020-04-24    78509           95551     112593              4317             52995               4016        0         0
118  Brazil 2020-04-25    81933           99718     117503              4505             58509               4205        0         0
119  Brazil 2020-04-26    85507          104067     122627              4702             61888               4543        0         0
120  Brazil 2020-04-27    89235          108605     127975              4907             66501               5017        0         0
121  Brazil 2020-04-28    93127          113341     133555              5121             71886               5466        0         0
122  Brazil 2020-04-29    97188          118284     139380              5344             78162               5901        0         0
123  Brazil 2020-04-30   101426          123442     145458              5577             85380               6329        0         0
124  Brazil 2020-05-01   105849          128825     151801              5820             91589               6750        0         0
125  Brazil 2020-05-02   110465          134443     158421              6074             96559               7025        0         0
126  Brazil 2020-05-03   115282          140306     165330              6339            101147               7321        0         0
127  Brazil 2020-05-04   120310          146425     172540              6615            107780               7921        0         0
128  Brazil 2020-05-05   125556          152810     180064              6904            114715               8536        0         0
129  Brazil 2020-05-06   131032          159474     187916              7205            125218               9146        0         0
130  Brazil 2020-05-07   136746          166428     196110              7519            135106               9897        0         0
131  Brazil 2020-05-08   142709          173686     204663              7847            145328              10627        0         0
132  Brazil 2020-05-09   148932          181260     213588              8189            155939              11123        0         0
133  Brazil 2020-05-10   155427          189165     222903              8546            162699              11519        0         0
134  Brazil 2020-05-11   162205          197414     232623              8919            168331              12400        0         0
135  Brazil 2020-05-12   169279          206023     242767              9308            177589              13149        0         0
136  Brazil 2020-05-13   176661          215008     253355              9714            188974              13993        0         0
137  Brazil 2020-05-14   184365          224384     264403             10137            202918              14817        0         0
138  Brazil 2020-05-15   192405          234169     275933             10579            218223              15633        0         0
139  Brazil 2020-05-16   200796          244381     287966             11041            233142              16118        0         0
140  Brazil 2020-05-17   209552          255038     300524             11522            241080              16792        0         0
141  Brazil 2020-05-18   218690          266160     313630             12025            254220              17971        0         0
142  Brazil 2020-05-19   228227          277767     327307             12549            271628              18859        0         0
143  Brazil 2020-05-20   238180          289880     341580             13096            291579              20047        0         0
144  Brazil 2020-05-21   248566          302521     356476             13667            310087              21048        0         0
145  Brazil 2020-05-22   259406          315714     372022             14263            330890              22013        0         0
146  Brazil 2020-05-23   270719          329482     388245             14885            347398              22666        0         0
147  Brazil 2020-05-24   282524          343850     405176             15535            363211              23473        0         0
148  Brazil 2020-05-25   294845          358845     422845             16212            374898              24512        0         0
149  Brazil 2020-05-26   307703          374494     441285             16919            391222              25598        0         0
150  Brazil 2020-05-27   321121          390825     460529             17657            411821              26754        0         0
151  Brazil 2020-05-28   335125          407868     480611             18427            438238              27878        0         0
152  Brazil 2020-05-29   349739          425655     501571             19230            465166              28834        0         0
153  Brazil 2020-05-30   364991          444217     523443             20069            498440              29314        0         0
154  Brazil 2020-05-31   380908          463589     546270             20944            514849              29937        0         0
155  Brazil 2020-06-01   397518          483805     570092             21858            526447              31199        0         0
156  Brazil 2020-06-02   414854          504904     594954             22811            555383              32548        0         0
157  Brazil 2020-06-03   432945          526922     620899             23805            584016              34021        0         0
158  Brazil 2020-06-04   451825          549900     647975             24844            614932              35026        0         0
159  Brazil 2020-06-05   471529          573881     676233             25927            645762              35930        0         0
160  Brazil 2020-06-06   492092          598907     705722             27058            672837              36455        0         0
161  Brazil 2020-06-07   513552          625025     736498             28238            691758              37134        0         0
162  Brazil 2020-06-08   535947          652281     768615             29469            707412              38406        0         0
163  Brazil 2020-06-09   559318          680726     802134             30754            739503              39680        0         0
164  Brazil 2020-06-10   583710          710412     837114             32095            772416              40919        0         0
165  Brazil 2020-06-11   609165          741392     873619             33495            802828              41828        0         0
166  Brazil 2020-06-12   635730          773724     911718             34956            828810              42720        0         0
167  Brazil 2020-06-13   663453          807465     951477             36480            850514              43332        0         0
168  Brazil 2020-06-14   692385          842677     992969             38071            867624              43959        0         0
169  Brazil 2020-06-15   722579          879425    1036271             39731            888271              45241        0         0
170  Brazil 2020-06-16   754090          917776    1081462             41464            923189              46510        0         0
171  Brazil 2020-06-17   786975          957799    1128623             43272            955377              47748        0         0
172  Brazil 2020-06-18   821295          999568    1177841             45159            978142              48954        0         0
173  Brazil 2020-06-19   857111         1043158    1229205             47128           1032913              49976        0         0
174  Brazil 2020-06-20   894487         1088648    1282809             49183           1067579              50617        0         0
175  Brazil 2020-06-21   933495         1136123    1338751             51328           1085038              51271        0         0
176  Brazil 2020-06-22   974204         1185668    1397132             53567           1106470              52645        0         0
177  Brazil 2020-06-23  1016688         1237374    1458060             55903           1145906              53874        0         0
178  Brazil 2020-06-24  1061024         1291334    1521644             58340           1192474              53874        0         0
179  Brazil 2020-06-25  1107295         1347648    1588001             60885                NA                 NA        0         0
180  Brazil 2020-06-26  1155582         1406417    1657252             63540                NA                 NA        0         0
181  Brazil 2020-06-27  1205976         1467749    1729522             66310                NA                 NA        0         0
182  Brazil 2020-06-28  1258567         1531756    1804945             69202                NA                 NA        0         0
183  Brazil 2020-06-29  1313452         1598554    1883656             72220                NA                 NA        0         0
184  Brazil 2020-06-30  1370730         1668265    1965800             75369                NA                 NA        0         0
185  Brazil 2020-07-01  1430505         1741016    2051527             78656                NA                 NA        0         0
186  Brazil 2020-07-02  1492888         1816940    2140992             82086                NA                 NA        0         0
187  Brazil 2020-07-03  1557991         1896174    2234357             85666                NA                 NA        0         0
188  Brazil 2020-07-04  1625933         1978864    2331795             89402                NA                 NA        0         0

Fontes:
	OMS - https://ourworldindata.org/coronavirus-source-data
	Worldometers - https://www.worldometers.info/coronavirus