
 Brazil 
Projecao:  10  dias
Gerado em:  2020-09-13 18:41:53
RMSE(%):  24.5 , BIAS(%): 7.61

Taxa de Mortalidade 3.04 %

    country       dias otimista casos_estimados pessimista estimativa_mortes casos_confirmados mortes_confirmadas latitude longitude
250  Brazil 2020-09-04  3260477         4316459    5372441            131200           4092832             126203        0         0
251  Brazil 2020-09-05  3321237         4396897    5472557            133645           4123000             126650        0         0
252  Brazil 2020-09-06  3383129         4478834    5574539            136135           4137521             126960        0         0
253  Brazil 2020-09-07  3446174         4562298    5678422            138672           4147794             127464        0         0
254  Brazil 2020-09-08  3510395         4647318    5784241            141256           4162073             128539        0         0
255  Brazil 2020-09-09  3575812         4733922    5892032            143888           4197889             129522        0         0
256  Brazil 2020-09-10  3642448         4822139    6001830            146570           4238446             130396        0         0
257  Brazil 2020-09-11  3710326         4912001    6113676            149301           4282164             131210        0         0
258  Brazil 2020-09-12  3779468         5003537    6227606            152083           4315687             131625        0         0
259  Brazil 2020-09-13  3849899         5096779    6343659            154918           4330455             131625        0         0
260  Brazil 2020-09-14  3921643         5191759    6461875            157804                NA                 NA        0         0
261  Brazil 2020-09-15  3994725         5288509    6582293            160745                NA                 NA        0         0
262  Brazil 2020-09-16  4069167         5387061    6704955            163741                NA                 NA        0         0
263  Brazil 2020-09-17  4144996         5487450    6829904            166792                NA                 NA        0         0
264  Brazil 2020-09-18  4222239         5589710    6957181            169900                NA                 NA        0         0
265  Brazil 2020-09-19  4300922         5693876    7086830            173066                NA                 NA        0         0
266  Brazil 2020-09-20  4381070         5799982    7218894            176292                NA                 NA        0         0
267  Brazil 2020-09-21  4462713         5908066    7353419            179577                NA                 NA        0         0
268  Brazil 2020-09-22  4545877         6018165    7490453            182923                NA                 NA        0         0
269  Brazil 2020-09-23  4630590         6130314    7630038            186332                NA                 NA        0         0

Total de casos no mundo:  29143859 7980646 8601718 7092715 4079186 1358904 29969 721 29143859

Estimados a partir dos dados da OMS:
    day       date       x    xest
1     1 2019-12-30       0   43498
2     2 2019-12-31       0   44309
3     3 2020-01-01       0   45135
4     4 2020-01-02       0   45976
5     5 2020-01-03       0   46833
6     6 2020-01-04       0   47705
7     7 2020-01-05       0   48594
8     8 2020-01-06       0   49500
9     9 2020-01-07       0   50422
10   10 2020-01-08       0   51362
11   11 2020-01-09       0   52319
12   12 2020-01-10       0   53294
13   13 2020-01-11       0   54287
14   14 2020-01-12       0   55299
15   15 2020-01-13       0   56329
16   16 2020-01-14       0   57379
17   17 2020-01-15       0   58448
18   18 2020-01-16       0   59538
19   19 2020-01-17       0   60647
20   20 2020-01-18       0   61777
21   21 2020-01-19       0   62928
22   22 2020-01-20       0   64101
23   23 2020-01-21       0   65296
24   24 2020-01-22       0   66513
25   25 2020-01-23       0   67752
26   26 2020-01-24       0   69015
27   27 2020-01-25       0   70301
28   28 2020-01-26       0   71611
29   29 2020-01-27       0   72945
30   30 2020-01-28       0   74305
31   31 2020-01-29       0   75689
32   32 2020-01-30       0   77100
33   33 2020-01-31       0   78537
34   34 2020-02-01       0   80000
35   35 2020-02-02       0   81491
36   36 2020-02-03       0   83009
37   37 2020-02-04       0   84556
38   38 2020-02-05       0   86132
39   39 2020-02-06       0   87737
40   40 2020-02-07       0   89372
41   41 2020-02-08       0   91038
42   42 2020-02-09       0   92734
43   43 2020-02-10       0   94462
44   44 2020-02-11       0   96223
45   45 2020-02-12       0   98016
46   46 2020-02-13       0   99842
47   47 2020-02-14       0  101703
48   48 2020-02-15       0  103598
49   49 2020-02-16       0  105529
50   50 2020-02-17       0  107495
51   51 2020-02-18       0  109498
52   52 2020-02-19       0  111539
53   53 2020-02-20       0  113618
54   54 2020-02-21       0  115735
55   55 2020-02-22       0  117892
56   56 2020-02-23       0  120089
57   57 2020-02-24       0  122326
58   58 2020-02-25       1  124606
59   59 2020-02-26       1  126928
60   60 2020-02-27       1  129293
61   61 2020-02-28       1  131703
62   62 2020-02-29       2  134157
63   63 2020-03-01       2  136657
64   64 2020-03-02       2  139204
65   65 2020-03-03       2  141798
66   66 2020-03-04       3  144440
67   67 2020-03-05       8  147132
68   68 2020-03-06      13  149874
69   69 2020-03-07      13  152667
70   70 2020-03-08      25  155512
71   71 2020-03-09      25  158410
72   72 2020-03-10      34  161362
73   73 2020-03-11      52  164369
74   74 2020-03-12      77  167432
75   75 2020-03-13      98  170552
76   76 2020-03-14     121  173730
77   77 2020-03-15     200  176968
78   78 2020-03-16     234  180266
79   79 2020-03-17     291  183625
80   80 2020-03-18     428  187047
81   81 2020-03-19     621  190532
82   82 2020-03-20     904  194083
83   83 2020-03-21    1128  197700
84   84 2020-03-22    1546  201384
85   85 2020-03-23    1891  205137
86   86 2020-03-24    2201  208960
87   87 2020-03-25    2433  212854
88   88 2020-03-26    2915  216820
89   89 2020-03-27    3417  220861
90   90 2020-03-28    3904  224976
91   91 2020-03-29    4256  229169
92   92 2020-03-30    4579  233440
93   93 2020-03-31    5717  237790
94   94 2020-04-01    6836  242221
95   95 2020-04-02    7910  246735
96   96 2020-04-03    9056  251333
97   97 2020-04-04   10278  256016
98   98 2020-04-05   11130  260787
99   99 2020-04-06   12056  265647
100 100 2020-04-07   13717  270598
101 101 2020-04-08   15927  275640
102 102 2020-04-09   17857  280777
103 103 2020-04-10   19638  286009
104 104 2020-04-11   20727  291339
105 105 2020-04-12   22169  296768
106 106 2020-04-13   23430  302299
107 107 2020-04-14   25262  307932
108 108 2020-04-15   28320  313670
109 109 2020-04-16   30425  319516
110 110 2020-04-17   33682  325470
111 111 2020-04-18   36599  331535
112 112 2020-04-19   38654  337713
113 113 2020-04-20   40581  344007
114 114 2020-04-21   43079  350417
115 115 2020-04-22   45757  356947
116 116 2020-04-23   49492  363599
117 117 2020-04-24   52995  370375
118 118 2020-04-25   58509  377277
119 119 2020-04-26   61888  384308
120 120 2020-04-27   66501  391469
121 121 2020-04-28   71886  398764
122 122 2020-04-29   78162  406196
123 123 2020-04-30   85380  413765
124 124 2020-05-01   91589  421476
125 125 2020-05-02   96559  429330
126 126 2020-05-03  101147  437331
127 127 2020-05-04  107780  445480
128 128 2020-05-05  114715  453782
129 129 2020-05-06  125218  462238
130 130 2020-05-07  135106  470852
131 131 2020-05-08  145328  479627
132 132 2020-05-09  155939  488565
133 133 2020-05-10  162699  497669
134 134 2020-05-11  168331  506943
135 135 2020-05-12  177589  516390
136 136 2020-05-13  188974  526013
137 137 2020-05-14  202918  535816
138 138 2020-05-15  218223  545801
139 139 2020-05-16  233142  555972
140 140 2020-05-17  241080  566333
141 141 2020-05-18  254220  576886
142 142 2020-05-19  271628  587637
143 143 2020-05-20  291579  598588
144 144 2020-05-21  310087  609742
145 145 2020-05-22  330890  621105
146 146 2020-05-23  347398  632679
147 147 2020-05-24  363211  644470
148 148 2020-05-25  374898  656479
149 149 2020-05-26  391222  668713
150 150 2020-05-27  411821  681175
151 151 2020-05-28  438238  693869
152 152 2020-05-29  465166  706799
153 153 2020-05-30  498440  719970
154 154 2020-05-31  514849  733387
155 155 2020-06-01  526447  747054
156 156 2020-06-02  555383  760975
157 157 2020-06-03  584016  775156
158 158 2020-06-04  614932  789602
159 159 2020-06-05  645762  804316
160 160 2020-06-06  672837  819305
161 161 2020-06-07  691758  834573
162 162 2020-06-08  707412  850125
163 163 2020-06-09  739503  865967
164 164 2020-06-10  772416  882105
165 165 2020-06-11  802828  898543
166 166 2020-06-12  828810  915288
167 167 2020-06-13  850514  932344
168 168 2020-06-14  867624  949719
169 169 2020-06-15  888271  967417
170 170 2020-06-16  923189  985445
171 171 2020-06-17  955377 1003809
172 172 2020-06-18  978142 1022515
173 173 2020-06-19 1032913 1041570
174 174 2020-06-20 1067579 1060980
175 175 2020-06-21 1085038 1080751
176 176 2020-06-22 1106470 1100891
177 177 2020-06-23 1145906 1121407
178 178 2020-06-24 1188631 1142304
179 179 2020-06-25 1228114 1163591
180 180 2020-06-26 1274974 1185275
181 181 2020-06-27 1313667 1207363
182 182 2020-06-28 1344143 1229863
183 183 2020-06-29 1368195 1252781
184 184 2020-06-30 1402041 1276127
185 185 2020-07-01 1448753 1299908
186 186 2020-07-02 1496858 1324132
187 187 2020-07-03 1539081 1348808
188 188 2020-07-04 1577004 1373943
189 189 2020-07-05 1603055 1399547
190 190 2020-07-06 1623284 1425628
191 191 2020-07-07 1668589 1452195
192 192 2020-07-08 1713160 1479257
193 193 2020-07-09 1755779 1506823
194 194 2020-07-10 1800827 1534903
195 195 2020-07-11 1839850 1563506
196 196 2020-07-12 1864681 1592642
197 197 2020-07-13 1884967 1622322
198 198 2020-07-14 1926824 1652554
199 199 2020-07-15 1966748 1683350
200 200 2020-07-16 2012151 1714719
201 201 2020-07-17 2046328 1746674
202 202 2020-07-18 2074860 1779223
203 203 2020-07-19 2098389 1812379
204 204 2020-07-20 2118646 1846154
205 205 2020-07-21 2159654 1880557
206 206 2020-07-22 2227514 1915602
207 207 2020-07-23 2287475 1951299
208 208 2020-07-24 2343366 1987662
209 209 2020-07-25 2394513 2024703
210 210 2020-07-26 2419091 2062434
211 211 2020-07-27 2442375 2100867
212 212 2020-07-28 2483191 2140018
213 213 2020-07-29 2552265 2179897
214 214 2020-07-30 2610102 2220520
215 215 2020-07-31 2662485 2261900
216 216 2020-08-01 2707877 2304051
217 217 2020-08-02 2733677 2346988
218 218 2020-08-03 2750318 2390724
219 219 2020-08-04 2801921 2435276
220 220 2020-08-05 2859073 2480658
221 221 2020-08-06 2912212 2526886
222 222 2020-08-07 2962442 2573975
223 223 2020-08-08 3012412 2621941
224 224 2020-08-09 3035422 2670802
225 225 2020-08-10 3057470 2720573
226 226 2020-08-11 3109630 2771271
227 227 2020-08-12 3164785 2822914
228 228 2020-08-13 3224876 2875520
229 229 2020-08-14 3275520 2929106
230 230 2020-08-15 3317096 2983691
231 231 2020-08-16 3340197 3039292
232 232 2020-08-17 3359570 3095930
233 233 2020-08-18 3407354 3153624
234 234 2020-08-19 3456652 3212392
235 235 2020-08-20 3501975 3272256
236 236 2020-08-21 3532330 3333235
237 237 2020-08-22 3582362 3395351
238 238 2020-08-23 3605783 3458624
239 239 2020-08-24 3622861 3523076
240 240 2020-08-25 3669995 3588729
241 241 2020-08-26 3717156 3655606
242 242 2020-08-27 3761391 3723729
243 243 2020-08-28 3804803 3793122
244 244 2020-08-29 3846153 3863807
245 245 2020-08-30 3862311 3935810
246 246 2020-08-31 3908272 4009155
247 247 2020-09-01 3950931 4083867
248 248 2020-09-02 3997865 4159970
249 249 2020-09-03 4041638 4237492
250 250 2020-09-04 4092832 4316459
251 251 2020-09-05 4123000 4396897
252 252 2020-09-06 4137521 4478834
253 253 2020-09-07 4147794 4562298
254 254 2020-09-08 4162073 4647318
255 255 2020-09-09 4197889 4733922
256 256 2020-09-10 4238446 4822139
257 257 2020-09-11 4282164 4912001
258 258 2020-09-12 4315687 5003537
259 259 2020-09-13 4330455 5096779

Intervalo de Confianca
          2.5%       97.5%
b  37075.11123 48947.87098
y0    52.45183    55.92882


Formula: x ~ SSexp(day, b, y0)

Parameters:
     Estimate Std. Error t value   Pr(>|t|)    
b  797405.943  84844.231   9.398 0.00001346 ***
y0    153.132      9.799  15.628 0.00000028 ***
---
Signif. codes:  0 ‘***’ 0.001 ‘**’ 0.01 ‘*’ 0.05 ‘.’ 0.1 ‘ ’ 1

Residual standard error: 15950 on 8 degrees of freedom

Number of iterations to convergence: 38 
Achieved convergence tolerance: 0.0000000149

Considerando os casos dos últimos 10 dias, temos:
Número de dias para dobrar:  153.1
Razao de crescimento:  797405.9

Todos os dados gerados
    country       dias otimista casos_estimados pessimista estimativa_mortes casos_confirmados mortes_confirmadas latitude longitude
1    Brazil 2019-12-30    32857           43498      54139              1322                 0                  0        0         0
2    Brazil 2019-12-31    33469           44309      55149              1347                 0                  0        0         0
3    Brazil 2020-01-01    34093           45135      56177              1372                 0                  0        0         0
4    Brazil 2020-01-02    34728           45976      57224              1397                 0                  0        0         0
5    Brazil 2020-01-03    35376           46833      58290              1423                 0                  0        0         0
6    Brazil 2020-01-04    36034           47705      59376              1450                 0                  0        0         0
7    Brazil 2020-01-05    36706           48594      60482              1477                 0                  0        0         0
8    Brazil 2020-01-06    37390           49500      61610              1505                 0                  0        0         0
9    Brazil 2020-01-07    38087           50422      62757              1533                 0                  0        0         0
10   Brazil 2020-01-08    38797           51362      63927              1561                 0                  0        0         0
11   Brazil 2020-01-09    39520           52319      65118              1590                 0                  0        0         0
12   Brazil 2020-01-10    40256           53294      66332              1620                 0                  0        0         0
13   Brazil 2020-01-11    41006           54287      67568              1650                 0                  0        0         0
14   Brazil 2020-01-12    41771           55299      68827              1681                 0                  0        0         0
15   Brazil 2020-01-13    42549           56329      70109              1712                 0                  0        0         0
16   Brazil 2020-01-14    43342           57379      71416              1744                 0                  0        0         0
17   Brazil 2020-01-15    44149           58448      72747              1777                 0                  0        0         0
18   Brazil 2020-01-16    44973           59538      74103              1810                 0                  0        0         0
19   Brazil 2020-01-17    45810           60647      75484              1843                 0                  0        0         0
20   Brazil 2020-01-18    46664           61777      76890              1878                 0                  0        0         0
21   Brazil 2020-01-19    47533           62928      78323              1913                 0                  0        0         0
22   Brazil 2020-01-20    48419           64101      79783              1948                 0                  0        0         0
23   Brazil 2020-01-21    49322           65296      81270              1985                 0                  0        0         0
24   Brazil 2020-01-22    50241           66513      82785              2022                 0                  0        0         0
25   Brazil 2020-01-23    51177           67752      84327              2059                 0                  0        0         0
26   Brazil 2020-01-24    52131           69015      85899              2098                 0                  0        0         0
27   Brazil 2020-01-25    53103           70301      87499              2137                 0                  0        0         0
28   Brazil 2020-01-26    54092           71611      89130              2177                 0                  0        0         0
29   Brazil 2020-01-27    55100           72945      90790              2217                 0                  0        0         0
30   Brazil 2020-01-28    56127           74305      92483              2259                 0                  0        0         0
31   Brazil 2020-01-29    57172           75689      94206              2301                 0                  0        0         0
32   Brazil 2020-01-30    58238           77100      95962              2343                 0                  0        0         0
33   Brazil 2020-01-31    59324           78537      97750              2387                 0                  0        0         0
34   Brazil 2020-02-01    60429           80000      99571              2432                 0                  0        0         0
35   Brazil 2020-02-02    61555           81491     101427              2477                 0                  0        0         0
36   Brazil 2020-02-03    62702           83009     103316              2523                 0                  0        0         0
37   Brazil 2020-02-04    63870           84556     105242              2570                 0                  0        0         0
38   Brazil 2020-02-05    65061           86132     107203              2618                 0                  0        0         0
39   Brazil 2020-02-06    66273           87737     109201              2667                 0                  0        0         0
40   Brazil 2020-02-07    67508           89372     111236              2716                 0                  0        0         0
41   Brazil 2020-02-08    68766           91038     113310              2767                 0                  0        0         0
42   Brazil 2020-02-09    70047           92734     115421              2819                 0                  0        0         0
43   Brazil 2020-02-10    71353           94462     117571              2871                 0                  0        0         0
44   Brazil 2020-02-11    72683           96223     119763              2925                 0                  0        0         0
45   Brazil 2020-02-12    74037           98016     121995              2979                 0                  0        0         0
46   Brazil 2020-02-13    75417           99842     124267              3035                 0                  0        0         0
47   Brazil 2020-02-14    76822          101703     126584              3091                 0                  0        0         0
48   Brazil 2020-02-15    78254          103598     128942              3149                 0                  0        0         0
49   Brazil 2020-02-16    79712          105529     131346              3208                 0                  0        0         0
50   Brazil 2020-02-17    81197          107495     133793              3267                 0                  0        0         0
51   Brazil 2020-02-18    82710          109498     136286              3328                 0                  0        0         0
52   Brazil 2020-02-19    84252          111539     138826              3390                 0                  0        0         0
53   Brazil 2020-02-20    85822          113618     141414              3453                 0                  0        0         0
54   Brazil 2020-02-21    87422          115735     144048              3518                 0                  0        0         0
55   Brazil 2020-02-22    89051          117892     146733              3583                 0                  0        0         0
56   Brazil 2020-02-23    90710          120089     149468              3650                 0                  0        0         0
57   Brazil 2020-02-24    92400          122326     152252              3718                 0                  0        0         0
58   Brazil 2020-02-25    94122          124606     155090              3787                 1                  0        0         0
59   Brazil 2020-02-26    95876          126928     157980              3858                 1                  0        0         0
60   Brazil 2020-02-27    97663          129293     160923              3930                 1                  0        0         0
61   Brazil 2020-02-28    99483          131703     163923              4003                 1                  0        0         0
62   Brazil 2020-02-29   101337          134157     166977              4078                 2                  0        0         0
63   Brazil 2020-03-01   103225          136657     170089              4154                 2                  0        0         0
64   Brazil 2020-03-02   105149          139204     173259              4231                 2                  0        0         0
65   Brazil 2020-03-03   107108          141798     176488              4310                 2                  0        0         0
66   Brazil 2020-03-04   109104          144440     179776              4390                 3                  0        0         0
67   Brazil 2020-03-05   111138          147132     183126              4472                 8                  0        0         0
68   Brazil 2020-03-06   113209          149874     186539              4555                13                  0        0         0
69   Brazil 2020-03-07   115318          152667     190016              4640                13                  0        0         0
70   Brazil 2020-03-08   117467          155512     193557              4727                25                  0        0         0
71   Brazil 2020-03-09   119656          158410     197164              4815                25                  0        0         0
72   Brazil 2020-03-10   121886          161362     200838              4905                34                  0        0         0
73   Brazil 2020-03-11   124158          164369     204580              4996                52                  0        0         0
74   Brazil 2020-03-12   126471          167432     208393              5089                77                  0        0         0
75   Brazil 2020-03-13   128828          170552     212276              5184                98                  0        0         0
76   Brazil 2020-03-14   131229          173730     216231              5281               121                  0        0         0
77   Brazil 2020-03-15   133674          176968     220262              5379               200                  0        0         0
78   Brazil 2020-03-16   136166          180266     224366              5479               234                  1        0         0
79   Brazil 2020-03-17   138703          183625     228547              5581               291                  4        0         0
80   Brazil 2020-03-18   141288          187047     232806              5685               428                  6        0         0
81   Brazil 2020-03-19   143920          190532     237144              5791               621                 11        0         0
82   Brazil 2020-03-20   146602          194083     241564              5899               904                 18        0         0
83   Brazil 2020-03-21   149335          197700     246065              6009              1128                 25        0         0
84   Brazil 2020-03-22   152117          201384     250651              6121              1546                 34        0         0
85   Brazil 2020-03-23   154952          205137     255322              6235              1891                 46        0         0
86   Brazil 2020-03-24   157840          208960     260080              6351              2201                 57        0         0
87   Brazil 2020-03-25   160781          212854     264927              6470              2433                 77        0         0
88   Brazil 2020-03-26   163777          216820     269863              6590              2915                 92        0         0
89   Brazil 2020-03-27   166829          220861     274893              6713              3417                114        0         0
90   Brazil 2020-03-28   169938          224976     280014              6838              3904                136        0         0
91   Brazil 2020-03-29   173105          229169     285233              6966              4256                159        0         0
92   Brazil 2020-03-30   176331          233440     290549              7095              4579                201        0         0
93   Brazil 2020-03-31   179617          237790     295963              7228              5717                241        0         0
94   Brazil 2020-04-01   182964          242221     301478              7362              6836                299        0         0
95   Brazil 2020-04-02   186374          246735     307096              7500              7910                359        0         0
96   Brazil 2020-04-03   189847          251333     312819              7639              9056                432        0         0
97   Brazil 2020-04-04   193384          256016     318648              7782             10278                486        0         0
98   Brazil 2020-04-05   196988          260787     324586              7927             11130                553        0         0
99   Brazil 2020-04-06   200659          265647     330635              8074             12056                667        0         0
100  Brazil 2020-04-07   204399          270598     336797              8225             13717                800        0         0
101  Brazil 2020-04-08   208207          275640     343073              8378             15927                941        0         0
102  Brazil 2020-04-09   212088          280777     349466              8534             17857               1056        0         0
103  Brazil 2020-04-10   216040          286009     355978              8693             19638               1124        0         0
104  Brazil 2020-04-11   220066          291339     362612              8855             20727               1223        0         0
105  Brazil 2020-04-12   224166          296768     369370              9020             22169               1328        0         0
106  Brazil 2020-04-13   228344          302299     376254              9188             23430               1532        0         0
107  Brazil 2020-04-14   232599          307932     383265              9360             25262               1736        0         0
108  Brazil 2020-04-15   236934          313670     390406              9534             28320               1924        0         0
109  Brazil 2020-04-16   241349          319516     397683              9712             30425               2141        0         0
110  Brazil 2020-04-17   245847          325470     405093              9893             33682               2347        0         0
111  Brazil 2020-04-18   250428          331535     412642             10077             36599               2462        0         0
112  Brazil 2020-04-19   255095          337713     420331             10265             38654               2575        0         0
113  Brazil 2020-04-20   259849          344007     428165             10456             40581               2741        0         0
114  Brazil 2020-04-21   264691          350417     436143             10651             43079               2906        0         0
115  Brazil 2020-04-22   269623          356947     444271             10849             45757               3313        0         0
116  Brazil 2020-04-23   274648          363599     452550             11052             49492               3670        0         0
117  Brazil 2020-04-24   279766          370375     460984             11258             52995               4016        0         0
118  Brazil 2020-04-25   284980          377277     469574             11467             58509               4205        0         0
119  Brazil 2020-04-26   290291          384308     478325             11681             61888               4543        0         0
120  Brazil 2020-04-27   295700          391469     487238             11899             66501               5017        0         0
121  Brazil 2020-04-28   301210          398764     496318             12121             71886               5466        0         0
122  Brazil 2020-04-29   306824          406196     505568             12346             78162               5901        0         0
123  Brazil 2020-04-30   312541          413765     514989             12576             85380               6329        0         0
124  Brazil 2020-05-01   318366          421476     524586             12811             91589               6750        0         0
125  Brazil 2020-05-02   324298          429330     534362             13050             96559               7025        0         0
126  Brazil 2020-05-03   330342          437331     544320             13293            101147               7321        0         0
127  Brazil 2020-05-04   336497          445480     554463             13540            107780               7921        0         0
128  Brazil 2020-05-05   342768          453782     564796             13793            114715               8536        0         0
129  Brazil 2020-05-06   349156          462238     575320             14050            125218               9146        0         0
130  Brazil 2020-05-07   355662          470852     586042             14312            135106               9897        0         0
131  Brazil 2020-05-08   362291          479627     596963             14578            145328              10627        0         0
132  Brazil 2020-05-09   369042          488565     608088             14850            155939              11123        0         0
133  Brazil 2020-05-10   375919          497669     619419             15127            162699              11519        0         0
134  Brazil 2020-05-11   382924          506943     630962             15409            168331              12400        0         0
135  Brazil 2020-05-12   390060          516390     642720             15696            177589              13149        0         0
136  Brazil 2020-05-13   397329          526013     654697             15988            188974              13993        0         0
137  Brazil 2020-05-14   404734          535816     666898             16286            202918              14817        0         0
138  Brazil 2020-05-15   412276          545801     679326             16590            218223              15633        0         0
139  Brazil 2020-05-16   419959          555972     691985             16899            233142              16118        0         0
140  Brazil 2020-05-17   427785          566333     704881             17214            241080              16792        0         0
141  Brazil 2020-05-18   435756          576886     718016             17535            254220              17971        0         0
142  Brazil 2020-05-19   443877          587637     731397             17861            271628              18859        0         0
143  Brazil 2020-05-20   452149          598588     745027             18194            291579              20047        0         0
144  Brazil 2020-05-21   460574          609742     758910             18533            310087              21048        0         0
145  Brazil 2020-05-22   469157          621105     773053             18879            330890              22013        0         0
146  Brazil 2020-05-23   477900          632679     787458             19230            347398              22666        0         0
147  Brazil 2020-05-24   486806          644470     802134             19589            363211              23473        0         0
148  Brazil 2020-05-25   495878          656479     817080             19954            374898              24512        0         0
149  Brazil 2020-05-26   505119          668713     832307             20326            391222              25598        0         0
150  Brazil 2020-05-27   514532          681175     847818             20704            411821              26754        0         0
151  Brazil 2020-05-28   524120          693869     863618             21090            438238              27878        0         0
152  Brazil 2020-05-29   533887          706799     879711             21483            465166              28834        0         0
153  Brazil 2020-05-30   543836          719970     896104             21884            498440              29314        0         0
154  Brazil 2020-05-31   553971          733387     912803             22291            514849              29937        0         0
155  Brazil 2020-06-01   564294          747054     929814             22707            526447              31199        0         0
156  Brazil 2020-06-02   574810          760975     947140             23130            555383              32548        0         0
157  Brazil 2020-06-03   585521          775156     964791             23561            584016              34021        0         0
158  Brazil 2020-06-04   596433          789602     982771             24000            614932              35026        0         0
159  Brazil 2020-06-05   607548          804316    1001084             24447            645762              35930        0         0
160  Brazil 2020-06-06   618870          819305    1019740             24903            672837              36455        0         0
161  Brazil 2020-06-07   630402          834573    1038744             25367            691758              37134        0         0
162  Brazil 2020-06-08   642150          850125    1058100             25840            707412              38406        0         0
163  Brazil 2020-06-09   654116          865967    1077818             26321            739503              39680        0         0
164  Brazil 2020-06-10   666306          882105    1097904             26812            772416              40919        0         0
165  Brazil 2020-06-11   678723          898543    1118363             27311            802828              41828        0         0
166  Brazil 2020-06-12   691371          915288    1139205             27820            828810              42720        0         0
167  Brazil 2020-06-13   704255          932344    1160433             28339            850514              43332        0         0
168  Brazil 2020-06-14   717379          949719    1182059             28867            867624              43959        0         0
169  Brazil 2020-06-15   730747          967417    1204087             29405            888271              45241        0         0
170  Brazil 2020-06-16   744365          985445    1226525             29953            923189              46510        0         0
171  Brazil 2020-06-17   758236         1003809    1249382             30511            955377              47748        0         0
172  Brazil 2020-06-18   772366         1022515    1272664             31080            978142              48954        0         0
173  Brazil 2020-06-19   786760         1041570    1296380             31659           1032913              49976        0         0
174  Brazil 2020-06-20   801421         1060980    1320539             32249           1067579              50617        0         0
175  Brazil 2020-06-21   816355         1080751    1345147             32850           1085038              51271        0         0
176  Brazil 2020-06-22   831568         1100891    1370214             33462           1106470              52645        0         0
177  Brazil 2020-06-23   847065         1121407    1395749             34085           1145906              53830        0         0
178  Brazil 2020-06-24   862850         1142304    1421758             34721           1188631              54971        0         0
179  Brazil 2020-06-25   878929         1163591    1448253             35368           1228114              55961        0         0
180  Brazil 2020-06-26   895309         1185275    1475241             36027           1274974              57070        0         0
181  Brazil 2020-06-27   911993         1207363    1502733             36698           1313667              57622        0         0
182  Brazil 2020-06-28   928988         1229863    1530738             37382           1344143              58314        0         0
183  Brazil 2020-06-29   946300         1252781    1559262             38079           1368195              59594        0         0
184  Brazil 2020-06-30   963934         1276127    1588320             38788           1402041              60632        0         0
185  Brazil 2020-07-01   981898         1299908    1617918             39511           1448753              61884        0         0
186  Brazil 2020-07-02  1000195         1324132    1648069             40247           1496858              63174        0         0
187  Brazil 2020-07-03  1018835         1348808    1678781             40997           1539081              64265        0         0
188  Brazil 2020-07-04  1037821         1373943    1710065             41761           1577004              64867        0         0
189  Brazil 2020-07-05  1057161         1399547    1741933             42539           1603055              65487        0         0
190  Brazil 2020-07-06  1076861         1425628    1774395             43332           1623284              66741        0         0
191  Brazil 2020-07-07  1096929         1452195    1807461             44140           1668589              67964        0         0
192  Brazil 2020-07-08  1117371         1479257    1841143             44962           1713160              69184        0         0
193  Brazil 2020-07-09  1138193         1506823    1875453             45800           1755779              70398        0         0
194  Brazil 2020-07-10  1159403         1534903    1910403             46654           1800827              71469        0         0
195  Brazil 2020-07-11  1181009         1563506    1946003             47523           1839850              72100        0         0
196  Brazil 2020-07-12  1203017         1592642    1982267             48409           1864681              72833        0         0
197  Brazil 2020-07-13  1225436         1622322    2019208             49311           1884967              74133        0         0
198  Brazil 2020-07-14  1248272         1652554    2056836             50230           1926824              75366        0         0
199  Brazil 2020-07-15  1271534         1683350    2095166             51166           1966748              76688        0         0
200  Brazil 2020-07-16  1295229         1714719    2134209             52119           2012151              77851        0         0
201  Brazil 2020-07-17  1319366         1746674    2173982             53090           2046328              78772        0         0
202  Brazil 2020-07-18  1343953         1779223    2214493             54080           2074860              79488        0         0
203  Brazil 2020-07-19  1368997         1812379    2255761             55088           2098389              80120        0         0
204  Brazil 2020-07-20  1394510         1846154    2297798             56114           2118646              81487        0         0
205  Brazil 2020-07-21  1420496         1880557    2340618             57160           2159654              82771        0         0
206  Brazil 2020-07-22  1446968         1915602    2384236             58225           2227514              84082        0         0
207  Brazil 2020-07-23  1473932         1951299    2428666             59310           2287475              85238        0         0
208  Brazil 2020-07-24  1501399         1987662    2473925             60415           2343366              86449        0         0
209  Brazil 2020-07-25  1529378         2024703    2520028             61541           2394513              87004        0         0
210  Brazil 2020-07-26  1557879         2062434    2566989             62688           2419091              87618        0         0
211  Brazil 2020-07-27  1586909         2100867    2614825             63856           2442375              88539        0         0
212  Brazil 2020-07-28  1616483         2140018    2663553             65046           2483191              90134        0         0
213  Brazil 2020-07-29  1646605         2179897    2713189             66258           2552265              91263        0         0
214  Brazil 2020-07-30  1677290         2220520    2763750             67493           2610102              92475        0         0
215  Brazil 2020-07-31  1708547         2261900    2815253             68751           2662485              93563        0         0
216  Brazil 2020-08-01  1740386         2304051    2867716             70032           2707877              94104        0         0
217  Brazil 2020-08-02  1772819         2346988    2921157             71337           2733677              94665        0         0
218  Brazil 2020-08-03  1805856         2390724    2975592             72667           2750318              95819        0         0
219  Brazil 2020-08-04  1839508         2435276    3031044             74021           2801921              97256        0         0
220  Brazil 2020-08-05  1873788         2480658    3087528             75400           2859073              98493        0         0
221  Brazil 2020-08-06  1908707         2526886    3145065             76805           2912212              99572        0         0
222  Brazil 2020-08-07  1944276         2573975    3203674             78236           2962442             100477        0         0
223  Brazil 2020-08-08  1980508         2621941    3263374             79694           3012412             101049        0         0
224  Brazil 2020-08-09  2017415         2670802    3324189             81180           3035422             101752        0         0
225  Brazil 2020-08-10  2055010         2720573    3386136             82692           3057470             103026        0         0
226  Brazil 2020-08-11  2093305         2771271    3449237             84233           3109630             104201        0         0
227  Brazil 2020-08-12  2132314         2822914    3513514             85803           3164785             105463        0         0
228  Brazil 2020-08-13  2172051         2875520    3578989             87402           3224876             106523        0         0
229  Brazil 2020-08-14  2212527         2929106    3645685             89031           3275520             107232        0         0
230  Brazil 2020-08-15  2253759         2983691    3713623             90690           3317096             107852        0         0
231  Brazil 2020-08-16  2295758         3039292    3782826             92380           3340197             108536        0         0
232  Brazil 2020-08-17  2338540         3095930    3853320             94101           3359570             109888        0         0
233  Brazil 2020-08-18  2382119         3153624    3925129             95855           3407354             111100        0         0
234  Brazil 2020-08-19  2426510         3212392    3998274             97641           3456652             112304        0         0
235  Brazil 2020-08-20  2471729         3272256    4072783             99461           3501975             113358        0         0
236  Brazil 2020-08-21  2517790         3333235    4148680            101314           3532330             114250        0         0
237  Brazil 2020-08-22  2564710         3395351    4225992            103202           3582362             114744        0         0
238  Brazil 2020-08-23  2612504         3458624    4304744            105126           3605783             115309        0         0
239  Brazil 2020-08-24  2661188         3523076    4384964            107085           3622861             116580        0         0
240  Brazil 2020-08-25  2710780         3588729    4466678            109080           3669995             117665        0         0
241  Brazil 2020-08-26  2761296         3655606    4549916            111113           3717156             118649        0         0
242  Brazil 2020-08-27  2812753         3723729    4634705            113183           3761391             119504        0         0
243  Brazil 2020-08-28  2865170         3793122    4721074            115293           3804803             120462        0         0
244  Brazil 2020-08-29  2918563         3863807    4809051            117441           3846153             120828        0         0
245  Brazil 2020-08-30  2972951         3935810    4898669            119630           3862311             121381        0         0
246  Brazil 2020-08-31  3028353         4009155    4989957            121859           3908272             122596        0         0
247  Brazil 2020-09-01  3084787         4083867    5082947            124130           3950931             123780        0         0
248  Brazil 2020-09-02  3142272         4159970    5177668            126443           3997865             124614        0         0
249  Brazil 2020-09-03  3200829         4237492    5274155            128799           4041638             125521        0         0
250  Brazil 2020-09-04  3260477         4316459    5372441            131200           4092832             126203        0         0
251  Brazil 2020-09-05  3321237         4396897    5472557            133645           4123000             126650        0         0
252  Brazil 2020-09-06  3383129         4478834    5574539            136135           4137521             126960        0         0
253  Brazil 2020-09-07  3446174         4562298    5678422            138672           4147794             127464        0         0
254  Brazil 2020-09-08  3510395         4647318    5784241            141256           4162073             128539        0         0
255  Brazil 2020-09-09  3575812         4733922    5892032            143888           4197889             129522        0         0
256  Brazil 2020-09-10  3642448         4822139    6001830            146570           4238446             130396        0         0
257  Brazil 2020-09-11  3710326         4912001    6113676            149301           4282164             131210        0         0
258  Brazil 2020-09-12  3779468         5003537    6227606            152083           4315687             131625        0         0
259  Brazil 2020-09-13  3849899         5096779    6343659            154918           4330455             131625        0         0
260  Brazil 2020-09-14  3921643         5191759    6461875            157804                NA                 NA        0         0
261  Brazil 2020-09-15  3994725         5288509    6582293            160745                NA                 NA        0         0
262  Brazil 2020-09-16  4069167         5387061    6704955            163741                NA                 NA        0         0
263  Brazil 2020-09-17  4144996         5487450    6829904            166792                NA                 NA        0         0
264  Brazil 2020-09-18  4222239         5589710    6957181            169900                NA                 NA        0         0
265  Brazil 2020-09-19  4300922         5693876    7086830            173066                NA                 NA        0         0
266  Brazil 2020-09-20  4381070         5799982    7218894            176292                NA                 NA        0         0
267  Brazil 2020-09-21  4462713         5908066    7353419            179577                NA                 NA        0         0
268  Brazil 2020-09-22  4545877         6018165    7490453            182923                NA                 NA        0         0
269  Brazil 2020-09-23  4630590         6130314    7630038            186332                NA                 NA        0         0

Fontes:
	OMS - https://ourworldindata.org/coronavirus-source-data
	Worldometers - https://www.worldometers.info/coronavirus