
 Italy 
Projecao:  10  dias
Gerado em:  2020-06-20 19:31:22
RMSE(%):  41.2 , BIAS(%): 7.38

Taxa de Mortalidade 14.53 %

    country       dias otimista casos_estimados pessimista estimativa_mortes casos_confirmados mortes_confirmadas latitude longitude
165   Italy 2020-06-11   162634          276821     391008             40209            236142              34223 41.87194  12.56738
166   Italy 2020-06-12   165218          281219     397220             40848            236305              34301 41.87194  12.56738
167   Italy 2020-06-13   167842          285686     403530             41497            236651              34345 41.87194  12.56738
168   Italy 2020-06-14   170508          290224     409940             42156            236989              34371 41.87194  12.56738
169   Italy 2020-06-15   173217          294834     416451             42825            237290              34405 41.87194  12.56738
170   Italy 2020-06-16   175968          299517     423066             43506            237500              34448 41.87194  12.56738
171   Italy 2020-06-17   178763          304275     429787             44197            237828              34514 41.87194  12.56738
172   Italy 2020-06-18   181603          309108     436613             44899            238159              34561 41.87194  12.56738
173   Italy 2020-06-19   184488          314018     443548             45612            238011              34610 41.87194  12.56738
174   Italy 2020-06-20   187419          319007     450595             46337            238275              34610 41.87194  12.56738
175   Italy 2020-06-21   190396          324074     457752             47073                NA                 NA 41.87194  12.56738
176   Italy 2020-06-22   193420          329222     465024             47820                NA                 NA 41.87194  12.56738
177   Italy 2020-06-23   196492          334451     472410             48580                NA                 NA 41.87194  12.56738
178   Italy 2020-06-24   199613          339764     479915             49352                NA                 NA 41.87194  12.56738
179   Italy 2020-06-25   202784          345161     487538             50135                NA                 NA 41.87194  12.56738
180   Italy 2020-06-26   206006          350644     495282             50932                NA                 NA 41.87194  12.56738
181   Italy 2020-06-27   209278          356214     503150             51741                NA                 NA 41.87194  12.56738
182   Italy 2020-06-28   212602          361872     511142             52563                NA                 NA 41.87194  12.56738
183   Italy 2020-06-29   215979          367620     519261             53398                NA                 NA 41.87194  12.56738
184   Italy 2020-06-30   219410          373460     527510             54246                NA                 NA 41.87194  12.56738

Total de casos no mundo:  8899504 2691847 1741533 2297739 1860429 298183 9052 721 8899504

Estimados a partir dos dados da OMS:
    day       date      x   xest
1     1 2019-12-30      0  20879
2     2 2019-12-31      0  21211
3     3 2020-01-01      0  21548
4     4 2020-01-02      0  21890
5     5 2020-01-03      0  22238
6     6 2020-01-04      0  22591
7     7 2020-01-05      0  22950
8     8 2020-01-06      0  23314
9     9 2020-01-07      0  23685
10   10 2020-01-08      0  24061
11   11 2020-01-09      0  24443
12   12 2020-01-10      0  24831
13   13 2020-01-11      0  25226
14   14 2020-01-12      0  25627
15   15 2020-01-13      0  26034
16   16 2020-01-14      0  26447
17   17 2020-01-15      0  26867
18   18 2020-01-16      0  27294
19   19 2020-01-17      0  27728
20   20 2020-01-18      0  28168
21   21 2020-01-19      0  28616
22   22 2020-01-20      0  29070
23   23 2020-01-21      0  29532
24   24 2020-01-22      0  30001
25   25 2020-01-23      0  30478
26   26 2020-01-24      0  30962
27   27 2020-01-25      0  31454
28   28 2020-01-26      0  31953
29   29 2020-01-27      0  32461
30   30 2020-01-28      0  32976
31   31 2020-01-29      0  33500
32   32 2020-01-30      3  34032
33   33 2020-01-31      3  34573
34   34 2020-02-01      3  35122
35   35 2020-02-02      3  35680
36   36 2020-02-03      3  36247
37   37 2020-02-04      3  36823
38   38 2020-02-05      3  37407
39   39 2020-02-06      3  38002
40   40 2020-02-07      3  38605
41   41 2020-02-08      3  39219
42   42 2020-02-09      3  39841
43   43 2020-02-10      3  40474
44   44 2020-02-11      3  41117
45   45 2020-02-12      3  41770
46   46 2020-02-13      3  42434
47   47 2020-02-14      3  43108
48   48 2020-02-15      3  43793
49   49 2020-02-16      3  44488
50   50 2020-02-17      3  45195
51   51 2020-02-18      3  45913
52   52 2020-02-19      3  46642
53   53 2020-02-20      3  47383
54   54 2020-02-21     17  48136
55   55 2020-02-22     79  48900
56   56 2020-02-23    132  49677
57   57 2020-02-24    229  50466
58   58 2020-02-25    322  51268
59   59 2020-02-26    400  52082
60   60 2020-02-27    650  52910
61   61 2020-02-28    888  53750
62   62 2020-02-29   1128  54604
63   63 2020-03-01   1689  55471
64   64 2020-03-02   2036  56352
65   65 2020-03-03   2502  57248
66   66 2020-03-04   3089  58157
67   67 2020-03-05   3858  59081
68   68 2020-03-06   4636  60019
69   69 2020-03-07   5883  60973
70   70 2020-03-08   7375  61941
71   71 2020-03-09   9172  62925
72   72 2020-03-10  10149  63925
73   73 2020-03-11  12462  64940
74   74 2020-03-12  15113  65972
75   75 2020-03-13  17660  67020
76   76 2020-03-14  21157  68084
77   77 2020-03-15  23980  69166
78   78 2020-03-16  27980  70264
79   79 2020-03-17  31506  71380
80   80 2020-03-18  35713  72514
81   81 2020-03-19  41035  73666
82   82 2020-03-20  47021  74836
83   83 2020-03-21  53578  76025
84   84 2020-03-22  59138  77233
85   85 2020-03-23  63927  78460
86   86 2020-03-24  69176  79706
87   87 2020-03-25  74386  80972
88   88 2020-03-26  80539  82258
89   89 2020-03-27  86498  83565
90   90 2020-03-28  92472  84892
91   91 2020-03-29  97689  86241
92   92 2020-03-30 101739  87611
93   93 2020-03-31 105792  89002
94   94 2020-04-01 110574  90416
95   95 2020-04-02 115242  91852
96   96 2020-04-03 119827  93311
97   97 2020-04-04 124632  94794
98   98 2020-04-05 128948  96299
99   99 2020-04-06 132547  97829
100 100 2020-04-07 135586  99383
101 101 2020-04-08 139422 100962
102 102 2020-04-09 143626 102565
103 103 2020-04-10 147577 104195
104 104 2020-04-11 152271 105850
105 105 2020-04-12 156363 107531
106 106 2020-04-13 159516 109239
107 107 2020-04-14 162488 110974
108 108 2020-04-15 165155 112737
109 109 2020-04-16 168941 114528
110 110 2020-04-17 172434 116347
111 111 2020-04-18 175925 118195
112 112 2020-04-19 178972 120073
113 113 2020-04-20 181228 121980
114 114 2020-04-21 183957 123918
115 115 2020-04-22 187327 125886
116 116 2020-04-23 189973 127886
117 117 2020-04-24 192994 129917
118 118 2020-04-25 195351 131981
119 119 2020-04-26 197675 134078
120 120 2020-04-27 199414 136207
121 121 2020-04-28 201505 138371
122 122 2020-04-29 203591 140569
123 123 2020-04-30 205463 142802
124 124 2020-05-01 207428 145070
125 125 2020-05-02 209328 147375
126 126 2020-05-03 210717 149716
127 127 2020-05-04 211938 152094
128 128 2020-05-05 213013 154510
129 129 2020-05-06 214457 156964
130 130 2020-05-07 215858 159457
131 131 2020-05-08 217185 161990
132 132 2020-05-09 218268 164564
133 133 2020-05-10 219070 167178
134 134 2020-05-11 219814 169833
135 135 2020-05-12 221216 172531
136 136 2020-05-13 222104 175272
137 137 2020-05-14 223096 178056
138 138 2020-05-15 223885 180884
139 139 2020-05-16 224760 183757
140 140 2020-05-17 225435 186676
141 141 2020-05-18 225886 189642
142 142 2020-05-19 226699 192654
143 143 2020-05-20 227364 195714
144 144 2020-05-21 228006 198823
145 145 2020-05-22 228658 201981
146 146 2020-05-23 229327 205190
147 147 2020-05-24 229858 208449
148 148 2020-05-25 230158 211760
149 149 2020-05-26 230555 215124
150 150 2020-05-27 231139 218541
151 151 2020-05-28 231732 222013
152 152 2020-05-29 232248 225539
153 153 2020-05-30 232664 229122
154 154 2020-05-31 233019 232761
155 155 2020-06-01 233197 236459
156 156 2020-06-02 233515 240215
157 157 2020-06-03 233836 244031
158 158 2020-06-04 234013 247907
159 159 2020-06-05 234531 251845
160 160 2020-06-06 234801 255845
161 161 2020-06-07 234998 259909
162 162 2020-06-08 235278 264038
163 163 2020-06-09 235561 268232
164 164 2020-06-10 235763 272493
165 165 2020-06-11 236142 276821
166 166 2020-06-12 236305 281219
167 167 2020-06-13 236651 285686
168 168 2020-06-14 236989 290224
169 169 2020-06-15 237290 294834
170 170 2020-06-16 237500 299517
171 171 2020-06-17 237828 304275
172 172 2020-06-18 238159 309108
173 173 2020-06-19 238011 314018
174 174 2020-06-20 238275 319007

Intervalo de Confianca
          2.5%       97.5%
b  16780.03651 24796.49046
y0    58.41577    69.08271


Formula: x ~ SSexp(day, b, y0)

Parameters:
    Estimate Std. Error t value          Pr(>|t|)    
b  198384.85    2247.75   88.26 0.000000000000303 ***
y0    946.00      59.81   15.82 0.000000255173251 ***
---
Signif. codes:  0 ‘***’ 0.001 ‘**’ 0.01 ‘*’ 0.05 ‘.’ 0.1 ‘ ’ 1

Residual standard error: 144 on 8 degrees of freedom

Number of iterations to convergence: 66 
Achieved convergence tolerance: 0.0000000149

Considerando os casos dos últimos 10 dias, temos:
Número de dias para dobrar:  946
Razao de crescimento:  198384.9

Todos os dados gerados
    country       dias otimista casos_estimados pessimista estimativa_mortes casos_confirmados mortes_confirmadas latitude longitude
1     Italy 2019-12-30    12267           20879      29491              3033                 0                  0 41.87194  12.56738
2     Italy 2019-12-31    12462           21211      29960              3081                 0                  0 41.87194  12.56738
3     Italy 2020-01-01    12660           21548      30436              3130                 0                  0 41.87194  12.56738
4     Italy 2020-01-02    12861           21890      30919              3180                 0                  0 41.87194  12.56738
5     Italy 2020-01-03    13065           22238      31411              3230                 0                  0 41.87194  12.56738
6     Italy 2020-01-04    13272           22591      31910              3281                 0                  0 41.87194  12.56738
7     Italy 2020-01-05    13483           22950      32417              3334                 0                  0 41.87194  12.56738
8     Italy 2020-01-06    13697           23314      32931              3386                 0                  0 41.87194  12.56738
9     Italy 2020-01-07    13915           23685      33455              3440                 0                  0 41.87194  12.56738
10    Italy 2020-01-08    14136           24061      33986              3495                 0                  0 41.87194  12.56738
11    Italy 2020-01-09    14360           24443      34526              3550                 0                  0 41.87194  12.56738
12    Italy 2020-01-10    14588           24831      35074              3607                 0                  0 41.87194  12.56738
13    Italy 2020-01-11    14820           25226      35632              3664                 0                  0 41.87194  12.56738
14    Italy 2020-01-12    15056           25627      36198              3722                 0                  0 41.87194  12.56738
15    Italy 2020-01-13    15295           26034      36773              3781                 0                  0 41.87194  12.56738
16    Italy 2020-01-14    15538           26447      37356              3841                 0                  0 41.87194  12.56738
17    Italy 2020-01-15    15785           26867      37949              3902                 0                  0 41.87194  12.56738
18    Italy 2020-01-16    16035           27294      38553              3965                 0                  0 41.87194  12.56738
19    Italy 2020-01-17    16290           27728      39166              4028                 0                  0 41.87194  12.56738
20    Italy 2020-01-18    16549           28168      39787              4091                 0                  0 41.87194  12.56738
21    Italy 2020-01-19    16812           28616      40420              4157                 0                  0 41.87194  12.56738
22    Italy 2020-01-20    17079           29070      41061              4222                 0                  0 41.87194  12.56738
23    Italy 2020-01-21    17350           29532      41714              4290                 0                  0 41.87194  12.56738
24    Italy 2020-01-22    17626           30001      42376              4358                 0                  0 41.87194  12.56738
25    Italy 2020-01-23    17906           30478      43050              4427                 0                  0 41.87194  12.56738
26    Italy 2020-01-24    18190           30962      43734              4497                 0                  0 41.87194  12.56738
27    Italy 2020-01-25    18479           31454      44429              4569                 0                  0 41.87194  12.56738
28    Italy 2020-01-26    18773           31953      45133              4641                 0                  0 41.87194  12.56738
29    Italy 2020-01-27    19071           32461      45851              4715                 0                  0 41.87194  12.56738
30    Italy 2020-01-28    19374           32976      46578              4790                 0                  0 41.87194  12.56738
31    Italy 2020-01-29    19681           33500      47319              4866                 0                  0 41.87194  12.56738
32    Italy 2020-01-30    19994           34032      48070              4943                 3                  0 41.87194  12.56738
33    Italy 2020-01-31    20312           34573      48834              5022                 3                  0 41.87194  12.56738
34    Italy 2020-02-01    20634           35122      49610              5102                 3                  0 41.87194  12.56738
35    Italy 2020-02-02    20962           35680      50398              5183                 3                  0 41.87194  12.56738
36    Italy 2020-02-03    21295           36247      51199              5265                 3                  0 41.87194  12.56738
37    Italy 2020-02-04    21634           36823      52012              5349                 3                  0 41.87194  12.56738
38    Italy 2020-02-05    21977           37407      52837              5433                 3                  0 41.87194  12.56738
39    Italy 2020-02-06    22326           38002      53678              5520                 3                  0 41.87194  12.56738
40    Italy 2020-02-07    22681           38605      54529              5607                 3                  0 41.87194  12.56738
41    Italy 2020-02-08    23041           39219      55397              5697                 3                  0 41.87194  12.56738
42    Italy 2020-02-09    23407           39841      56275              5787                 3                  0 41.87194  12.56738
43    Italy 2020-02-10    23779           40474      57169              5879                 3                  0 41.87194  12.56738
44    Italy 2020-02-11    24156           41117      58078              5972                 3                  0 41.87194  12.56738
45    Italy 2020-02-12    24540           41770      59000              6067                 3                  0 41.87194  12.56738
46    Italy 2020-02-13    24930           42434      59938              6164                 3                  0 41.87194  12.56738
47    Italy 2020-02-14    25326           43108      60890              6262                 3                  0 41.87194  12.56738
48    Italy 2020-02-15    25729           43793      61857              6361                 3                  0 41.87194  12.56738
49    Italy 2020-02-16    26137           44488      62839              6462                 3                  0 41.87194  12.56738
50    Italy 2020-02-17    26552           45195      63838              6565                 3                  0 41.87194  12.56738
51    Italy 2020-02-18    26974           45913      64852              6669                 3                  0 41.87194  12.56738
52    Italy 2020-02-19    27402           46642      65882              6775                 3                  0 41.87194  12.56738
53    Italy 2020-02-20    27838           47383      66928              6882                 3                  0 41.87194  12.56738
54    Italy 2020-02-21    28280           48136      67992              6992                17                  2 41.87194  12.56738
55    Italy 2020-02-22    28729           48900      69071              7103                79                  2 41.87194  12.56738
56    Italy 2020-02-23    29186           49677      70168              7216               132                  6 41.87194  12.56738
57    Italy 2020-02-24    29649           50466      71283              7330               229                 11 41.87194  12.56738
58    Italy 2020-02-25    30120           51268      72416              7447               322                 12 41.87194  12.56738
59    Italy 2020-02-26    30599           52082      73565              7565               400                 17 41.87194  12.56738
60    Italy 2020-02-27    31085           52910      74735              7685               650                 21 41.87194  12.56738
61    Italy 2020-02-28    31578           53750      75922              7807               888                 29 41.87194  12.56738
62    Italy 2020-02-29    32080           54604      77128              7931              1128                 35 41.87194  12.56738
63    Italy 2020-03-01    32590           55471      78352              8057              1689                 52 41.87194  12.56738
64    Italy 2020-03-02    33107           56352      79597              8185              2036                 80 41.87194  12.56738
65    Italy 2020-03-03    33634           57248      80862              8315              2502                107 41.87194  12.56738
66    Italy 2020-03-04    34168           58157      82146              8447              3089                148 41.87194  12.56738
67    Italy 2020-03-05    34710           59081      83452              8582              3858                197 41.87194  12.56738
68    Italy 2020-03-06    35262           60019      84776              8718              4636                233 41.87194  12.56738
69    Italy 2020-03-07    35822           60973      86124              8856              5883                366 41.87194  12.56738
70    Italy 2020-03-08    36391           61941      87491              8997              7375                464 41.87194  12.56738
71    Italy 2020-03-09    36969           62925      88881              9140              9172                631 41.87194  12.56738
72    Italy 2020-03-10    37556           63925      90294              9285             10149                827 41.87194  12.56738
73    Italy 2020-03-11    38153           64940      91727              9433             12462               1016 41.87194  12.56738
74    Italy 2020-03-12    38759           65972      93185              9583             15113               1268 41.87194  12.56738
75    Italy 2020-03-13    39375           67020      94665              9735             17660               1441 41.87194  12.56738
76    Italy 2020-03-14    40000           68084      96168              9889             21157               1811 41.87194  12.56738
77    Italy 2020-03-15    40635           69166      97697             10047             23980               2158 41.87194  12.56738
78    Italy 2020-03-16    41281           70264      99247             10206             27980               2505 41.87194  12.56738
79    Italy 2020-03-17    41936           71380     100824             10368             31506               2978 41.87194  12.56738
80    Italy 2020-03-18    42602           72514     102426             10533             35713               3407 41.87194  12.56738
81    Italy 2020-03-19    43279           73666     104053             10700             41035               4032 41.87194  12.56738
82    Italy 2020-03-20    43967           74836     105705             10870             47021               4827 41.87194  12.56738
83    Italy 2020-03-21    44665           76025     107385             11043             53578               5476 41.87194  12.56738
84    Italy 2020-03-22    45375           77233     109091             11218             59138               6077 41.87194  12.56738
85    Italy 2020-03-23    46096           78460     110824             11396             63927               6820 41.87194  12.56738
86    Italy 2020-03-24    46828           79706     112584             11577             69176               7505 41.87194  12.56738
87    Italy 2020-03-25    47572           80972     114372             11761             74386               8165 41.87194  12.56738
88    Italy 2020-03-26    48327           82258     116189             11948             80539               9136 41.87194  12.56738
89    Italy 2020-03-27    49095           83565     118035             12138             86498              10023 41.87194  12.56738
90    Italy 2020-03-28    49875           84892     119909             12331             92472              10781 41.87194  12.56738
91    Italy 2020-03-29    50667           86241     121815             12527             97689              11591 41.87194  12.56738
92    Italy 2020-03-30    51472           87611     123750             12726            101739              12430 41.87194  12.56738
93    Italy 2020-03-31    52289           89002     125715             12928            105792              13157 41.87194  12.56738
94    Italy 2020-04-01    53120           90416     127712             13133            110574              13917 41.87194  12.56738
95    Italy 2020-04-02    53964           91852     129740             13342            115242              14681 41.87194  12.56738
96    Italy 2020-04-03    54821           93311     131801             13554            119827              15362 41.87194  12.56738
97    Italy 2020-04-04    55692           94794     133896             13769            124632              15889 41.87194  12.56738
98    Italy 2020-04-05    56576           96299     136022             13988            128948              16525 41.87194  12.56738
99    Italy 2020-04-06    57475           97829     138183             14210            132547              17129 41.87194  12.56738
100   Italy 2020-04-07    58388           99383     140378             14436            135586              17669 41.87194  12.56738
101   Italy 2020-04-08    59316          100962     142608             14665            139422              18281 41.87194  12.56738
102   Italy 2020-04-09    60258          102565     144872             14898            143626              18851 41.87194  12.56738
103   Italy 2020-04-10    61215          104195     147175             15135            147577              19470 41.87194  12.56738
104   Italy 2020-04-11    62188          105850     149512             15375            152271              19901 41.87194  12.56738
105   Italy 2020-04-12    63175          107531     151887             15619            156363              20465 41.87194  12.56738
106   Italy 2020-04-13    64179          109239     154299             15867            159516              21069 41.87194  12.56738
107   Italy 2020-04-14    65198          110974     156750             16119            162488              21647 41.87194  12.56738
108   Italy 2020-04-15    66234          112737     159240             16375            165155              22172 41.87194  12.56738
109   Italy 2020-04-16    67286          114528     161770             16635            168941              22747 41.87194  12.56738
110   Italy 2020-04-17    68355          116347     164339             16900            172434              23227 41.87194  12.56738
111   Italy 2020-04-18    69440          118195     166950             17168            175925              23660 41.87194  12.56738
112   Italy 2020-04-19    70544          120073     169602             17441            178972              24114 41.87194  12.56738
113   Italy 2020-04-20    71664          121980     172296             17718            181228              24648 41.87194  12.56738
114   Italy 2020-04-21    72803          123918     175033             17999            183957              25085 41.87194  12.56738
115   Italy 2020-04-22    73959          125886     177813             18285            187327              25549 41.87194  12.56738
116   Italy 2020-04-23    75134          127886     180638             18576            189973              25969 41.87194  12.56738
117   Italy 2020-04-24    76327          129917     183507             18871            192994              26384 41.87194  12.56738
118   Italy 2020-04-25    77540          131981     186422             19171            195351              26644 41.87194  12.56738
119   Italy 2020-04-26    78772          134078     189384             19475            197675              26977 41.87194  12.56738
120   Italy 2020-04-27    80022          136207     192392             19784            199414              27359 41.87194  12.56738
121   Italy 2020-04-28    81294          138371     195448             20099            201505              27682 41.87194  12.56738
122   Italy 2020-04-29    82585          140569     198553             20418            203591              27967 41.87194  12.56738
123   Italy 2020-04-30    83897          142802     201707             20742            205463              28236 41.87194  12.56738
124   Italy 2020-05-01    85230          145070     204910             21072            207428              28710 41.87194  12.56738
125   Italy 2020-05-02    86584          147375     208166             21407            209328              28884 41.87194  12.56738
126   Italy 2020-05-03    87959          149716     211473             21747            210717              29079 41.87194  12.56738
127   Italy 2020-05-04    89356          152094     214832             22092            211938              29315 41.87194  12.56738
128   Italy 2020-05-05    90776          154510     218244             22443            213013              29684 41.87194  12.56738
129   Italy 2020-05-06    92217          156964     221711             22799            214457              29958 41.87194  12.56738
130   Italy 2020-05-07    93682          159457     225232             23162            215858              30201 41.87194  12.56738
131   Italy 2020-05-08    95170          161990     228810             23529            217185              30395 41.87194  12.56738
132   Italy 2020-05-09    96682          164564     232446             23903            218268              30560 41.87194  12.56738
133   Italy 2020-05-10    98218          167178     236138             24283            219070              30739 41.87194  12.56738
134   Italy 2020-05-11    99778          169833     239888             24669            219814              30911 41.87194  12.56738
135   Italy 2020-05-12   101363          172531     243699             25061            221216              31106 41.87194  12.56738
136   Italy 2020-05-13   102973          175272     247571             25459            222104              31368 41.87194  12.56738
137   Italy 2020-05-14   104609          178056     251503             25863            223096              31610 41.87194  12.56738
138   Italy 2020-05-15   106270          180884     255498             26274            223885              31763 41.87194  12.56738
139   Italy 2020-05-16   107958          183757     259556             26691            224760              31908 41.87194  12.56738
140   Italy 2020-05-17   109673          186676     263679             27115            225435              32007 41.87194  12.56738
141   Italy 2020-05-18   111416          189642     267868             27546            225886              32169 41.87194  12.56738
142   Italy 2020-05-19   113185          192654     272123             27983            226699              32330 41.87194  12.56738
143   Italy 2020-05-20   114983          195714     276445             28428            227364              32486 41.87194  12.56738
144   Italy 2020-05-21   116810          198823     280836             28880            228006              32616 41.87194  12.56738
145   Italy 2020-05-22   118665          201981     285297             29338            228658              32735 41.87194  12.56738
146   Italy 2020-05-23   120550          205190     289830             29804            229327              32785 41.87194  12.56738
147   Italy 2020-05-24   122465          208449     294433             30278            229858              32877 41.87194  12.56738
148   Italy 2020-05-25   124410          211760     299110             30759            230158              32955 41.87194  12.56738
149   Italy 2020-05-26   126387          215124     303861             31247            230555              33072 41.87194  12.56738
150   Italy 2020-05-27   128394          218541     308688             31744            231139              33142 41.87194  12.56738
151   Italy 2020-05-28   130434          222013     313592             32248            231732              33229 41.87194  12.56738
152   Italy 2020-05-29   132506          225539     318572             32760            232248              33340 41.87194  12.56738
153   Italy 2020-05-30   134611          229122     323633             33281            232664              33415 41.87194  12.56738
154   Italy 2020-05-31   136749          232761     328773             33809            233019              33475 41.87194  12.56738
155   Italy 2020-06-01   138921          236459     333997             34346            233197              33530 41.87194  12.56738
156   Italy 2020-06-02   141128          240215     339302             34892            233515              33601 41.87194  12.56738
157   Italy 2020-06-03   143370          244031     344692             35446            233836              33689 41.87194  12.56738
158   Italy 2020-06-04   145647          247907     350167             36009            234013              33774 41.87194  12.56738
159   Italy 2020-06-05   147961          251845     355729             36581            234531              33846 41.87194  12.56738
160   Italy 2020-06-06   150311          255845     361379             37162            234801              33899 41.87194  12.56738
161   Italy 2020-06-07   152698          259909     367120             37752            234998              33964 41.87194  12.56738
162   Italy 2020-06-08   155124          264038     372952             38352            235278              34043 41.87194  12.56738
163   Italy 2020-06-09   157588          268232     378876             38961            235561              34114 41.87194  12.56738
164   Italy 2020-06-10   160091          272493     384895             39580            235763              34167 41.87194  12.56738
165   Italy 2020-06-11   162634          276821     391008             40209            236142              34223 41.87194  12.56738
166   Italy 2020-06-12   165218          281219     397220             40848            236305              34301 41.87194  12.56738
167   Italy 2020-06-13   167842          285686     403530             41497            236651              34345 41.87194  12.56738
168   Italy 2020-06-14   170508          290224     409940             42156            236989              34371 41.87194  12.56738
169   Italy 2020-06-15   173217          294834     416451             42825            237290              34405 41.87194  12.56738
170   Italy 2020-06-16   175968          299517     423066             43506            237500              34448 41.87194  12.56738
171   Italy 2020-06-17   178763          304275     429787             44197            237828              34514 41.87194  12.56738
172   Italy 2020-06-18   181603          309108     436613             44899            238159              34561 41.87194  12.56738
173   Italy 2020-06-19   184488          314018     443548             45612            238011              34610 41.87194  12.56738
174   Italy 2020-06-20   187419          319007     450595             46337            238275              34610 41.87194  12.56738
175   Italy 2020-06-21   190396          324074     457752             47073                NA                 NA 41.87194  12.56738
176   Italy 2020-06-22   193420          329222     465024             47820                NA                 NA 41.87194  12.56738
177   Italy 2020-06-23   196492          334451     472410             48580                NA                 NA 41.87194  12.56738
178   Italy 2020-06-24   199613          339764     479915             49352                NA                 NA 41.87194  12.56738
179   Italy 2020-06-25   202784          345161     487538             50135                NA                 NA 41.87194  12.56738
180   Italy 2020-06-26   206006          350644     495282             50932                NA                 NA 41.87194  12.56738
181   Italy 2020-06-27   209278          356214     503150             51741                NA                 NA 41.87194  12.56738
182   Italy 2020-06-28   212602          361872     511142             52563                NA                 NA 41.87194  12.56738
183   Italy 2020-06-29   215979          367620     519261             53398                NA                 NA 41.87194  12.56738
184   Italy 2020-06-30   219410          373460     527510             54246                NA                 NA 41.87194  12.56738

Fontes:
	OMS - https://ourworldindata.org/coronavirus-source-data
	Worldometers - https://www.worldometers.info/coronavirus