
 Italy 
Projecao:  7  dias
Gerado em:  2020-05-30 13:53:54
RMSE(%):  40.1 , BIAS(%): 8.57

Taxa de Mortalidade 14.33 %

    country       dias otimista casos_estimados pessimista estimativa_mortes casos_confirmados mortes_confirmadas latitude longitude
141   Italy 2020-05-18   141710          236747     331784             33925            225886              32169 41.87194  12.56738
142   Italy 2020-05-19   144771          241860     338949             34658            226699              32330 41.87194  12.56738
143   Italy 2020-05-20   147897          247083     346269             35406            227364              32486 41.87194  12.56738
144   Italy 2020-05-21   151091          252419     353747             36171            228006              32616 41.87194  12.56738
145   Italy 2020-05-22   154354          257870     361386             36952            228658              32735 41.87194  12.56738
146   Italy 2020-05-23   157687          263439     369191             37750            229327              32785 41.87194  12.56738
147   Italy 2020-05-24   161093          269128     377163             38565            229858              32877 41.87194  12.56738
148   Italy 2020-05-25   164571          274939     385307             39398            230158              32955 41.87194  12.56738
149   Italy 2020-05-26   168125          280877     393629             40249            230555              33072 41.87194  12.56738
150   Italy 2020-05-27   171756          286942     402128             41118            231139              33142 41.87194  12.56738
151   Italy 2020-05-28   175465          293139     410813             42006            231732              33229 41.87194  12.56738
152   Italy 2020-05-29   179254          299469     419684             42913            232248              33340 41.87194  12.56738
153   Italy 2020-05-30   183125          305936     428747             43840            232664              33340 41.87194  12.56738
154   Italy 2020-05-31   187080          312543     438006             44786                NA                 NA 41.87194  12.56738
155   Italy 2020-06-01   191120          319293     447466             45754                NA                 NA 41.87194  12.56738
156   Italy 2020-06-02   195247          326188     457129             46742                NA                 NA 41.87194  12.56738
157   Italy 2020-06-03   199463          333232     467001             47751                NA                 NA 41.87194  12.56738
158   Italy 2020-06-04   203771          340428     477085             48782                NA                 NA 41.87194  12.56738
159   Italy 2020-06-05   208171          347780     487389             49836                NA                 NA 41.87194  12.56738
160   Italy 2020-06-06   212667          355290     497913             50912                NA                 NA 41.87194  12.56738

Total de casos no mundo:  6086463 2025331 805790 2001620 1105108 139099 8794 721 6086463

Estimados a partir dos dados da OMS:
    day       date      x   xest
1     1 2019-12-30      0  11892
2     2 2019-12-31      0  12149
3     3 2020-01-01      0  12411
4     4 2020-01-02      0  12679
5     5 2020-01-03      0  12953
6     6 2020-01-04      0  13233
7     7 2020-01-05      0  13518
8     8 2020-01-06      0  13810
9     9 2020-01-07      0  14108
10   10 2020-01-08      0  14413
11   11 2020-01-09      0  14724
12   12 2020-01-10      0  15042
13   13 2020-01-11      0  15367
14   14 2020-01-12      0  15699
15   15 2020-01-13      0  16038
16   16 2020-01-14      0  16384
17   17 2020-01-15      0  16738
18   18 2020-01-16      0  17100
19   19 2020-01-17      0  17469
20   20 2020-01-18      0  17846
21   21 2020-01-19      0  18232
22   22 2020-01-20      0  18625
23   23 2020-01-21      0  19028
24   24 2020-01-22      0  19439
25   25 2020-01-23      0  19858
26   26 2020-01-24      0  20287
27   27 2020-01-25      0  20725
28   28 2020-01-26      0  21173
29   29 2020-01-27      0  21630
30   30 2020-01-28      0  22097
31   31 2020-01-29      0  22574
32   32 2020-01-30      3  23062
33   33 2020-01-31      3  23560
34   34 2020-02-01      3  24069
35   35 2020-02-02      3  24588
36   36 2020-02-03      3  25119
37   37 2020-02-04      3  25662
38   38 2020-02-05      3  26216
39   39 2020-02-06      3  26782
40   40 2020-02-07      3  27361
41   41 2020-02-08      3  27951
42   42 2020-02-09      3  28555
43   43 2020-02-10      3  29172
44   44 2020-02-11      3  29802
45   45 2020-02-12      3  30445
46   46 2020-02-13      3  31103
47   47 2020-02-14      3  31774
48   48 2020-02-15      3  32460
49   49 2020-02-16      3  33161
50   50 2020-02-17      3  33878
51   51 2020-02-18      3  34609
52   52 2020-02-19      3  35357
53   53 2020-02-20      3  36120
54   54 2020-02-21     17  36900
55   55 2020-02-22     79  37697
56   56 2020-02-23    132  38511
57   57 2020-02-24    229  39343
58   58 2020-02-25    322  40192
59   59 2020-02-26    400  41060
60   60 2020-02-27    650  41947
61   61 2020-02-28    888  42853
62   62 2020-02-29   1128  43778
63   63 2020-03-01   1689  44724
64   64 2020-03-02   2036  45689
65   65 2020-03-03   2502  46676
66   66 2020-03-04   3089  47684
67   67 2020-03-05   3858  48714
68   68 2020-03-06   4636  49766
69   69 2020-03-07   5883  50841
70   70 2020-03-08   7375  51938
71   71 2020-03-09   9172  53060
72   72 2020-03-10  10149  54206
73   73 2020-03-11  12462  55376
74   74 2020-03-12  15113  56572
75   75 2020-03-13  17660  57794
76   76 2020-03-14  21157  59042
77   77 2020-03-15  23980  60317
78   78 2020-03-16  27980  61620
79   79 2020-03-17  31506  62950
80   80 2020-03-18  35713  64310
81   81 2020-03-19  41035  65699
82   82 2020-03-20  47021  67117
83   83 2020-03-21  53578  68567
84   84 2020-03-22  59138  70047
85   85 2020-03-23  63927  71560
86   86 2020-03-24  69176  73105
87   87 2020-03-25  74386  74684
88   88 2020-03-26  80539  76297
89   89 2020-03-27  86498  77945
90   90 2020-03-28  92472  79628
91   91 2020-03-29  97689  81347
92   92 2020-03-30 101739  83104
93   93 2020-03-31 105792  84899
94   94 2020-04-01 110574  86732
95   95 2020-04-02 115242  88605
96   96 2020-04-03 119827  90519
97   97 2020-04-04 124632  92473
98   98 2020-04-05 128948  94470
99   99 2020-04-06 132547  96511
100 100 2020-04-07 135586  98595
101 101 2020-04-08 139422 100724
102 102 2020-04-09 143626 102899
103 103 2020-04-10 147577 105121
104 104 2020-04-11 152271 107391
105 105 2020-04-12 156363 109710
106 106 2020-04-13 159516 112080
107 107 2020-04-14 162488 114500
108 108 2020-04-15 165155 116973
109 109 2020-04-16 168941 119499
110 110 2020-04-17 172434 122079
111 111 2020-04-18 175925 124716
112 112 2020-04-19 178972 127409
113 113 2020-04-20 181228 130160
114 114 2020-04-21 183957 132971
115 115 2020-04-22 187327 135843
116 116 2020-04-23 189973 138776
117 117 2020-04-24 192994 141773
118 118 2020-04-25 195351 144835
119 119 2020-04-26 197675 147962
120 120 2020-04-27 199414 151158
121 121 2020-04-28 201505 154422
122 122 2020-04-29 203591 157757
123 123 2020-04-30 205463 161163
124 124 2020-05-01 207428 164644
125 125 2020-05-02 209328 168199
126 126 2020-05-03 210717 171832
127 127 2020-05-04 211938 175542
128 128 2020-05-05 213013 179333
129 129 2020-05-06 214457 183206
130 130 2020-05-07 215858 187162
131 131 2020-05-08 217185 191204
132 132 2020-05-09 218268 195333
133 133 2020-05-10 219070 199551
134 134 2020-05-11 219814 203861
135 135 2020-05-12 221216 208263
136 136 2020-05-13 222104 212761
137 137 2020-05-14 223096 217355
138 138 2020-05-15 223885 222049
139 139 2020-05-16 224760 226844
140 140 2020-05-17 225435 231743
141 141 2020-05-18 225886 236747
142 142 2020-05-19 226699 241860
143 143 2020-05-20 227364 247083
144 144 2020-05-21 228006 252419
145 145 2020-05-22 228658 257870
146 146 2020-05-23 229327 263439
147 147 2020-05-24 229858 269128
148 148 2020-05-25 230158 274939
149 149 2020-05-26 230555 280877
150 150 2020-05-27 231139 286942
151 151 2020-05-28 231732 293139
152 152 2020-05-29 232248 299469
153 153 2020-05-30 232664 305936

Intervalo de Confianca
         2.5%      97.5%
b  9231.71231 14423.7246
y0   43.30295    50.6611


Formula: x ~ SSexp(day, b, y0)

Parameters:
    Estimate Std. Error t value           Pr(>|t|)    
b  166430.43    1383.53  120.29 0.0000000000000255 ***
y0    456.40      11.66   39.16 0.0000000001988894 ***
---
Signif. codes:  0 ‘***’ 0.001 ‘**’ 0.01 ‘*’ 0.05 ‘.’ 0.1 ‘ ’ 1

Residual standard error: 117.1 on 8 degrees of freedom

Number of iterations to convergence: 55 
Achieved convergence tolerance: 0.0000000149

Considerando os casos dos últimos 10 dias, temos:
Número de dias para dobrar:  456.4
Razao de crescimento:  166430.4

Todos os dados gerados
    country       dias otimista casos_estimados pessimista estimativa_mortes casos_confirmados mortes_confirmadas latitude longitude
1     Italy 2019-12-30     7118           11892      16666              1704                 0                  0 41.87194  12.56738
2     Italy 2019-12-31     7272           12149      17026              1741                 0                  0 41.87194  12.56738
3     Italy 2020-01-01     7429           12411      17393              1778                 0                  0 41.87194  12.56738
4     Italy 2020-01-02     7589           12679      17769              1817                 0                  0 41.87194  12.56738
5     Italy 2020-01-03     7753           12953      18153              1856                 0                  0 41.87194  12.56738
6     Italy 2020-01-04     7921           13233      18545              1896                 0                  0 41.87194  12.56738
7     Italy 2020-01-05     8091           13518      18945              1937                 0                  0 41.87194  12.56738
8     Italy 2020-01-06     8266           13810      19354              1979                 0                  0 41.87194  12.56738
9     Italy 2020-01-07     8445           14108      19771              2022                 0                  0 41.87194  12.56738
10    Italy 2020-01-08     8627           14413      20199              2065                 0                  0 41.87194  12.56738
11    Italy 2020-01-09     8813           14724      20635              2110                 0                  0 41.87194  12.56738
12    Italy 2020-01-10     9004           15042      21080              2155                 0                  0 41.87194  12.56738
13    Italy 2020-01-11     9198           15367      21536              2202                 0                  0 41.87194  12.56738
14    Italy 2020-01-12     9397           15699      22001              2250                 0                  0 41.87194  12.56738
15    Italy 2020-01-13     9600           16038      22476              2298                 0                  0 41.87194  12.56738
16    Italy 2020-01-14     9807           16384      22961              2348                 0                  0 41.87194  12.56738
17    Italy 2020-01-15    10019           16738      23457              2399                 0                  0 41.87194  12.56738
18    Italy 2020-01-16    10236           17100      23964              2450                 0                  0 41.87194  12.56738
19    Italy 2020-01-17    10456           17469      24482              2503                 0                  0 41.87194  12.56738
20    Italy 2020-01-18    10682           17846      25010              2557                 0                  0 41.87194  12.56738
21    Italy 2020-01-19    10913           18232      25551              2613                 0                  0 41.87194  12.56738
22    Italy 2020-01-20    11148           18625      26102              2669                 0                  0 41.87194  12.56738
23    Italy 2020-01-21    11390           19028      26666              2727                 0                  0 41.87194  12.56738
24    Italy 2020-01-22    11636           19439      27242              2786                 0                  0 41.87194  12.56738
25    Italy 2020-01-23    11886           19858      27830              2846                 0                  0 41.87194  12.56738
26    Italy 2020-01-24    12143           20287      28431              2907                 0                  0 41.87194  12.56738
27    Italy 2020-01-25    12405           20725      29045              2970                 0                  0 41.87194  12.56738
28    Italy 2020-01-26    12674           21173      29672              3034                 0                  0 41.87194  12.56738
29    Italy 2020-01-27    12947           21630      30313              3100                 0                  0 41.87194  12.56738
30    Italy 2020-01-28    13227           22097      30967              3166                 0                  0 41.87194  12.56738
31    Italy 2020-01-29    13512           22574      31636              3235                 0                  0 41.87194  12.56738
32    Italy 2020-01-30    13804           23062      32320              3305                 3                  0 41.87194  12.56738
33    Italy 2020-01-31    14102           23560      33018              3376                 3                  0 41.87194  12.56738
34    Italy 2020-02-01    14407           24069      33731              3449                 3                  0 41.87194  12.56738
35    Italy 2020-02-02    14718           24588      34458              3523                 3                  0 41.87194  12.56738
36    Italy 2020-02-03    15036           25119      35202              3599                 3                  0 41.87194  12.56738
37    Italy 2020-02-04    15361           25662      35963              3677                 3                  0 41.87194  12.56738
38    Italy 2020-02-05    15692           26216      36740              3757                 3                  0 41.87194  12.56738
39    Italy 2020-02-06    16031           26782      37533              3838                 3                  0 41.87194  12.56738
40    Italy 2020-02-07    16378           27361      38344              3921                 3                  0 41.87194  12.56738
41    Italy 2020-02-08    16731           27951      39171              4005                 3                  0 41.87194  12.56738
42    Italy 2020-02-09    17092           28555      40018              4092                 3                  0 41.87194  12.56738
43    Italy 2020-02-10    17462           29172      40882              4180                 3                  0 41.87194  12.56738
44    Italy 2020-02-11    17839           29802      41765              4271                 3                  0 41.87194  12.56738
45    Italy 2020-02-12    18224           30445      42666              4363                 3                  0 41.87194  12.56738
46    Italy 2020-02-13    18617           31103      43589              4457                 3                  0 41.87194  12.56738
47    Italy 2020-02-14    19019           31774      44529              4553                 3                  0 41.87194  12.56738
48    Italy 2020-02-15    19430           32460      45490              4651                 3                  0 41.87194  12.56738
49    Italy 2020-02-16    19849           33161      46473              4752                 3                  0 41.87194  12.56738
50    Italy 2020-02-17    20278           33878      47478              4855                 3                  0 41.87194  12.56738
51    Italy 2020-02-18    20716           34609      48502              4959                 3                  0 41.87194  12.56738
52    Italy 2020-02-19    21164           35357      49550              5067                 3                  0 41.87194  12.56738
53    Italy 2020-02-20    21620           36120      50620              5176                 3                  0 41.87194  12.56738
54    Italy 2020-02-21    22087           36900      51713              5288                17                  2 41.87194  12.56738
55    Italy 2020-02-22    22564           37697      52830              5402                79                  2 41.87194  12.56738
56    Italy 2020-02-23    23052           38511      53970              5519               132                  6 41.87194  12.56738
57    Italy 2020-02-24    23550           39343      55136              5638               229                 11 41.87194  12.56738
58    Italy 2020-02-25    24058           40192      56326              5759               322                 12 41.87194  12.56738
59    Italy 2020-02-26    24577           41060      57543              5884               400                 17 41.87194  12.56738
60    Italy 2020-02-27    25108           41947      58786              6011               650                 21 41.87194  12.56738
61    Italy 2020-02-28    25651           42853      60055              6141               888                 29 41.87194  12.56738
62    Italy 2020-02-29    26204           43778      61352              6273              1128                 35 41.87194  12.56738
63    Italy 2020-03-01    26771           44724      62677              6409              1689                 52 41.87194  12.56738
64    Italy 2020-03-02    27348           45689      64030              6547              2036                 80 41.87194  12.56738
65    Italy 2020-03-03    27939           46676      65413              6689              2502                107 41.87194  12.56738
66    Italy 2020-03-04    28542           47684      66826              6833              3089                148 41.87194  12.56738
67    Italy 2020-03-05    29159           48714      68269              6981              3858                197 41.87194  12.56738
68    Italy 2020-03-06    29789           49766      69743              7131              4636                233 41.87194  12.56738
69    Italy 2020-03-07    30432           50841      71250              7285              5883                366 41.87194  12.56738
70    Italy 2020-03-08    31089           51938      72787              7443              7375                464 41.87194  12.56738
71    Italy 2020-03-09    31760           53060      74360              7603              9172                631 41.87194  12.56738
72    Italy 2020-03-10    32446           54206      75966              7768             10149                827 41.87194  12.56738
73    Italy 2020-03-11    33147           55376      77605              7935             12462               1016 41.87194  12.56738
74    Italy 2020-03-12    33862           56572      79282              8107             15113               1268 41.87194  12.56738
75    Italy 2020-03-13    34594           57794      80994              8282             17660               1441 41.87194  12.56738
76    Italy 2020-03-14    35341           59042      82743              8461             21157               1811 41.87194  12.56738
77    Italy 2020-03-15    36104           60317      84530              8643             23980               2158 41.87194  12.56738
78    Italy 2020-03-16    36884           61620      86356              8830             27980               2505 41.87194  12.56738
79    Italy 2020-03-17    37680           62950      88220              9021             31506               2978 41.87194  12.56738
80    Italy 2020-03-18    38494           64310      90126              9215             35713               3407 41.87194  12.56738
81    Italy 2020-03-19    39326           65699      92072              9414             41035               4032 41.87194  12.56738
82    Italy 2020-03-20    40174           67117      94060              9618             47021               4827 41.87194  12.56738
83    Italy 2020-03-21    41042           68567      96092              9825             53578               5476 41.87194  12.56738
84    Italy 2020-03-22    41928           70047      98166             10038             59138               6077 41.87194  12.56738
85    Italy 2020-03-23    42834           71560     100286             10254             63927               6820 41.87194  12.56738
86    Italy 2020-03-24    43759           73105     102451             10476             69176               7505 41.87194  12.56738
87    Italy 2020-03-25    44704           74684     104664             10702             74386               8165 41.87194  12.56738
88    Italy 2020-03-26    45669           76297     106925             10933             80539               9136 41.87194  12.56738
89    Italy 2020-03-27    46656           77945     109234             11169             86498              10023 41.87194  12.56738
90    Italy 2020-03-28    47663           79628     111593             11410             92472              10781 41.87194  12.56738
91    Italy 2020-03-29    48692           81347     114002             11657             97689              11591 41.87194  12.56738
92    Italy 2020-03-30    49744           83104     116464             11909            101739              12430 41.87194  12.56738
93    Italy 2020-03-31    50818           84899     118980             12166            105792              13157 41.87194  12.56738
94    Italy 2020-04-01    51915           86732     121549             12428            110574              13917 41.87194  12.56738
95    Italy 2020-04-02    53036           88605     124174             12697            115242              14681 41.87194  12.56738
96    Italy 2020-04-03    54182           90519     126856             12971            119827              15362 41.87194  12.56738
97    Italy 2020-04-04    55352           92473     129594             13251            124632              15889 41.87194  12.56738
98    Italy 2020-04-05    56547           94470     132393             13537            128948              16525 41.87194  12.56738
99    Italy 2020-04-06    57769           96511     135253             13830            132547              17129 41.87194  12.56738
100   Italy 2020-04-07    59016           98595     138174             14128            135586              17669 41.87194  12.56738
101   Italy 2020-04-08    60291          100724     141157             14433            139422              18281 41.87194  12.56738
102   Italy 2020-04-09    61592          102899     144206             14745            143626              18851 41.87194  12.56738
103   Italy 2020-04-10    62923          105121     147319             15063            147577              19470 41.87194  12.56738
104   Italy 2020-04-11    64281          107391     150501             15389            152271              19901 41.87194  12.56738
105   Italy 2020-04-12    65669          109710     153751             15721            156363              20465 41.87194  12.56738
106   Italy 2020-04-13    67088          112080     157072             16061            159516              21069 41.87194  12.56738
107   Italy 2020-04-14    68537          114500     160463             16407            162488              21647 41.87194  12.56738
108   Italy 2020-04-15    70017          116973     163929             16762            165155              22172 41.87194  12.56738
109   Italy 2020-04-16    71529          119499     167469             17124            168941              22747 41.87194  12.56738
110   Italy 2020-04-17    73073          122079     171085             17494            172434              23227 41.87194  12.56738
111   Italy 2020-04-18    74652          124716     174780             17871            175925              23660 41.87194  12.56738
112   Italy 2020-04-19    76263          127409     178555             18257            178972              24114 41.87194  12.56738
113   Italy 2020-04-20    77910          130160     182410             18652            181228              24648 41.87194  12.56738
114   Italy 2020-04-21    79593          132971     186349             19054            183957              25085 41.87194  12.56738
115   Italy 2020-04-22    81312          135843     190374             19466            187327              25549 41.87194  12.56738
116   Italy 2020-04-23    83067          138776     194485             19886            189973              25969 41.87194  12.56738
117   Italy 2020-04-24    84861          141773     198685             20316            192994              26384 41.87194  12.56738
118   Italy 2020-04-25    86694          144835     202976             20754            195351              26644 41.87194  12.56738
119   Italy 2020-04-26    88566          147962     207358             21202            197675              26977 41.87194  12.56738
120   Italy 2020-04-27    90479          151158     211837             21660            199414              27359 41.87194  12.56738
121   Italy 2020-04-28    92433          154422     216411             22128            201505              27682 41.87194  12.56738
122   Italy 2020-04-29    94429          157757     221085             22606            203591              27967 41.87194  12.56738
123   Italy 2020-04-30    96468          161163     225858             23094            205463              28236 41.87194  12.56738
124   Italy 2020-05-01    98551          164644     230737             23593            207428              28710 41.87194  12.56738
125   Italy 2020-05-02   100679          168199     235719             24102            209328              28884 41.87194  12.56738
126   Italy 2020-05-03   102854          171832     240810             24623            210717              29079 41.87194  12.56738
127   Italy 2020-05-04   105075          175542     246009             25155            211938              29315 41.87194  12.56738
128   Italy 2020-05-05   107344          179333     251322             25698            213013              29684 41.87194  12.56738
129   Italy 2020-05-06   109662          183206     256750             26253            214457              29958 41.87194  12.56738
130   Italy 2020-05-07   112030          187162     262294             26820            215858              30201 41.87194  12.56738
131   Italy 2020-05-08   114449          191204     267959             27399            217185              30395 41.87194  12.56738
132   Italy 2020-05-09   116921          195333     273745             27991            218268              30560 41.87194  12.56738
133   Italy 2020-05-10   119446          199551     279656             28595            219070              30739 41.87194  12.56738
134   Italy 2020-05-11   122026          203861     285696             29213            219814              30911 41.87194  12.56738
135   Italy 2020-05-12   124660          208263     291866             29843            221216              31106 41.87194  12.56738
136   Italy 2020-05-13   127353          212761     298169             30488            222104              31368 41.87194  12.56738
137   Italy 2020-05-14   130103          217355     304607             31146            223096              31610 41.87194  12.56738
138   Italy 2020-05-15   132912          222049     311186             31819            223885              31763 41.87194  12.56738
139   Italy 2020-05-16   135783          226844     317905             32506            224760              31908 41.87194  12.56738
140   Italy 2020-05-17   138715          231743     324771             33208            225435              32007 41.87194  12.56738
141   Italy 2020-05-18   141710          236747     331784             33925            225886              32169 41.87194  12.56738
142   Italy 2020-05-19   144771          241860     338949             34658            226699              32330 41.87194  12.56738
143   Italy 2020-05-20   147897          247083     346269             35406            227364              32486 41.87194  12.56738
144   Italy 2020-05-21   151091          252419     353747             36171            228006              32616 41.87194  12.56738
145   Italy 2020-05-22   154354          257870     361386             36952            228658              32735 41.87194  12.56738
146   Italy 2020-05-23   157687          263439     369191             37750            229327              32785 41.87194  12.56738
147   Italy 2020-05-24   161093          269128     377163             38565            229858              32877 41.87194  12.56738
148   Italy 2020-05-25   164571          274939     385307             39398            230158              32955 41.87194  12.56738
149   Italy 2020-05-26   168125          280877     393629             40249            230555              33072 41.87194  12.56738
150   Italy 2020-05-27   171756          286942     402128             41118            231139              33142 41.87194  12.56738
151   Italy 2020-05-28   175465          293139     410813             42006            231732              33229 41.87194  12.56738
152   Italy 2020-05-29   179254          299469     419684             42913            232248              33340 41.87194  12.56738
153   Italy 2020-05-30   183125          305936     428747             43840            232664              33340 41.87194  12.56738
154   Italy 2020-05-31   187080          312543     438006             44786                NA                 NA 41.87194  12.56738
155   Italy 2020-06-01   191120          319293     447466             45754                NA                 NA 41.87194  12.56738
156   Italy 2020-06-02   195247          326188     457129             46742                NA                 NA 41.87194  12.56738
157   Italy 2020-06-03   199463          333232     467001             47751                NA                 NA 41.87194  12.56738
158   Italy 2020-06-04   203771          340428     477085             48782                NA                 NA 41.87194  12.56738
159   Italy 2020-06-05   208171          347780     487389             49836                NA                 NA 41.87194  12.56738
160   Italy 2020-06-06   212667          355290     497913             50912                NA                 NA 41.87194  12.56738

Fontes:
	OMS - https://ourworldindata.org/coronavirus-source-data
	Worldometers - https://www.worldometers.info/coronavirus