
 Italy 
Projecao:  7  dias
Gerado em:  2020-05-17 20:30:39
RMSE(%):  38.8 , BIAS(%): 9.18

Taxa de Mortalidade 14.15 %

    country       dias otimista casos_estimados pessimista estimativa_mortes casos_confirmados mortes_confirmadas latitude longitude
128   Italy 2020-05-05   128895          210679     292463             29819            213013              29684 41.87194  12.56738
129   Italy 2020-05-06   132390          216391     300392             30628            214457              29958 41.87194  12.56738
130   Italy 2020-05-07   135979          222258     308537             31458            215858              30201 41.87194  12.56738
131   Italy 2020-05-08   139666          228284     316902             32311            217185              30395 41.87194  12.56738
132   Italy 2020-05-09   143453          234474     325495             33187            218268              30560 41.87194  12.56738
133   Italy 2020-05-10   147343          240831     334319             34087            219070              30739 41.87194  12.56738
134   Italy 2020-05-11   151338          247361     343384             35011            219814              30911 41.87194  12.56738
135   Italy 2020-05-12   155441          254067     352693             35961            221216              31106 41.87194  12.56738
136   Italy 2020-05-13   159655          260956     362257             36936            222104              31368 41.87194  12.56738
137   Italy 2020-05-14   163984          268031     372078             37937            223096              31610 41.87194  12.56738
138   Italy 2020-05-15   168430          275298     382166             38966            223885              31763 41.87194  12.56738
139   Italy 2020-05-16   172996          282762     392528             40022            224760              31908 41.87194  12.56738
140   Italy 2020-05-17   177687          290429     403171             41107            225435              31908 41.87194  12.56738
141   Italy 2020-05-18   182505          298303     414101             42222                NA                 NA 41.87194  12.56738
142   Italy 2020-05-19   187453          306391     425329             43366                NA                 NA 41.87194  12.56738
143   Italy 2020-05-20   192535          314698     436861             44542                NA                 NA 41.87194  12.56738
144   Italy 2020-05-21   197755          323230     448705             45750                NA                 NA 41.87194  12.56738
145   Italy 2020-05-22   203117          331994     460871             46990                NA                 NA 41.87194  12.56738
146   Italy 2020-05-23   208624          340995     473366             48264                NA                 NA 41.87194  12.56738
147   Italy 2020-05-24   214281          350241     486201             49573                NA                 NA 41.87194  12.56738

Total de casos no mundo:  4798408 1683420 1780753 440182 798308 86376 8648 721 4798408

Estimados a partir dos dados da OMS:
    day       date      x   xest
1     1 2019-12-30      0   7049
2     2 2019-12-31      0   7240
3     3 2020-01-01      0   7436
4     4 2020-01-02      0   7638
5     5 2020-01-03      0   7845
6     6 2020-01-04      0   8058
7     7 2020-01-05      0   8276
8     8 2020-01-06      0   8500
9     9 2020-01-07      0   8731
10   10 2020-01-08      0   8968
11   11 2020-01-09      0   9211
12   12 2020-01-10      0   9460
13   13 2020-01-11      0   9717
14   14 2020-01-12      0   9980
15   15 2020-01-13      0  10251
16   16 2020-01-14      0  10529
17   17 2020-01-15      0  10814
18   18 2020-01-16      0  11108
19   19 2020-01-17      0  11409
20   20 2020-01-18      0  11718
21   21 2020-01-19      0  12036
22   22 2020-01-20      0  12362
23   23 2020-01-21      0  12697
24   24 2020-01-22      0  13042
25   25 2020-01-23      0  13395
26   26 2020-01-24      0  13758
27   27 2020-01-25      0  14131
28   28 2020-01-26      0  14515
29   29 2020-01-27      0  14908
30   30 2020-01-28      0  15312
31   31 2020-01-29      0  15727
32   32 2020-01-30      3  16154
33   33 2020-01-31      3  16592
34   34 2020-02-01      3  17042
35   35 2020-02-02      3  17504
36   36 2020-02-03      3  17978
37   37 2020-02-04      3  18466
38   38 2020-02-05      3  18966
39   39 2020-02-06      3  19481
40   40 2020-02-07      3  20009
41   41 2020-02-08      3  20551
42   42 2020-02-09      3  21109
43   43 2020-02-10      3  21681
44   44 2020-02-11      3  22269
45   45 2020-02-12      3  22872
46   46 2020-02-13      3  23493
47   47 2020-02-14      3  24130
48   48 2020-02-15      3  24784
49   49 2020-02-16      3  25456
50   50 2020-02-17      3  26146
51   51 2020-02-18      3  26855
52   52 2020-02-19      3  27583
53   53 2020-02-20      3  28331
54   54 2020-02-21     17  29099
55   55 2020-02-22     79  29888
56   56 2020-02-23    132  30698
57   57 2020-02-24    229  31530
58   58 2020-02-25    322  32385
59   59 2020-02-26    400  33263
60   60 2020-02-27    650  34165
61   61 2020-02-28    888  35092
62   62 2020-02-29   1128  36043
63   63 2020-03-01   1689  37020
64   64 2020-03-02   2036  38024
65   65 2020-03-03   2502  39055
66   66 2020-03-04   3089  40114
67   67 2020-03-05   3858  41201
68   68 2020-03-06   4636  42319
69   69 2020-03-07   5883  43466
70   70 2020-03-08   7375  44644
71   71 2020-03-09   9172  45855
72   72 2020-03-10  10149  47098
73   73 2020-03-11  12462  48375
74   74 2020-03-12  15113  49687
75   75 2020-03-13  17660  51034
76   76 2020-03-14  21157  52417
77   77 2020-03-15  23980  53839
78   78 2020-03-16  27980  55298
79   79 2020-03-17  31506  56798
80   80 2020-03-18  35713  58338
81   81 2020-03-19  41035  59919
82   82 2020-03-20  47021  61544
83   83 2020-03-21  53578  63213
84   84 2020-03-22  59138  64926
85   85 2020-03-23  63927  66687
86   86 2020-03-24  69176  68495
87   87 2020-03-25  74386  70352
88   88 2020-03-26  80539  72259
89   89 2020-03-27  86498  74219
90   90 2020-03-28  92472  76231
91   91 2020-03-29  97689  78298
92   92 2020-03-30 101739  80421
93   93 2020-03-31 105792  82601
94   94 2020-04-01 110574  84841
95   95 2020-04-02 115242  87141
96   96 2020-04-03 119827  89503
97   97 2020-04-04 124632  91930
98   98 2020-04-05 128948  94423
99   99 2020-04-06 132547  96983
100 100 2020-04-07 135586  99612
101 101 2020-04-08 139422 102313
102 102 2020-04-09 143626 105087
103 103 2020-04-10 147577 107936
104 104 2020-04-11 152271 110863
105 105 2020-04-12 156363 113868
106 106 2020-04-13 159516 116956
107 107 2020-04-14 162488 120127
108 108 2020-04-15 165155 123384
109 109 2020-04-16 168941 126729
110 110 2020-04-17 172434 130165
111 111 2020-04-18 175925 133694
112 112 2020-04-19 178972 137319
113 113 2020-04-20 181228 141042
114 114 2020-04-21 183957 144866
115 115 2020-04-22 187327 148794
116 116 2020-04-23 189973 152828
117 117 2020-04-24 192994 156972
118 118 2020-04-25 195351 161228
119 119 2020-04-26 197675 165599
120 120 2020-04-27 199414 170089
121 121 2020-04-28 201505 174701
122 122 2020-04-29 203591 179437
123 123 2020-04-30 205463 184302
124 124 2020-05-01 207428 189299
125 125 2020-05-02 209328 194432
126 126 2020-05-03 210717 199703
127 127 2020-05-04 211938 205118
128 128 2020-05-05 213013 210679
129 129 2020-05-06 214457 216391
130 130 2020-05-07 215858 222258
131 131 2020-05-08 217185 228284
132 132 2020-05-09 218268 234474
133 133 2020-05-10 219070 240831
134 134 2020-05-11 219814 247361
135 135 2020-05-12 221216 254067
136 136 2020-05-13 222104 260956
137 137 2020-05-14 223096 268031
138 138 2020-05-15 223885 275298
139 139 2020-05-16 224760 282762
140 140 2020-05-17 225435 290429

Intervalo de Confianca
         2.5%      97.5%
b  5319.85197 8689.49089
y0   34.72911   40.27312


Formula: x ~ SSexp(day, b, y0)

Parameters:
     Estimate Std. Error t value          Pr(>|t|)    
b  124914.099   1611.491   77.52 0.000000000000855 ***
y0    236.620      5.327   44.42 0.000000000072805 ***
---
Signif. codes:  0 ‘***’ 0.001 ‘**’ 0.01 ‘*’ 0.05 ‘.’ 0.1 ‘ ’ 1

Residual standard error: 191.4 on 8 degrees of freedom

Number of iterations to convergence: 38 
Achieved convergence tolerance: 0.0000000149

Considerando os casos dos últimos 10 dias, temos:
Número de dias para dobrar:  236.6
Razao de crescimento:  124914.1

Todos os dados gerados
    country       dias otimista casos_estimados pessimista estimativa_mortes casos_confirmados mortes_confirmadas latitude longitude
1     Italy 2019-12-30     4313            7049       9785               998                 0                  0 41.87194  12.56738
2     Italy 2019-12-31     4429            7240      10051              1025                 0                  0 41.87194  12.56738
3     Italy 2020-01-01     4549            7436      10323              1052                 0                  0 41.87194  12.56738
4     Italy 2020-01-02     4673            7638      10603              1081                 0                  0 41.87194  12.56738
5     Italy 2020-01-03     4800            7845      10890              1110                 0                  0 41.87194  12.56738
6     Italy 2020-01-04     4930            8058      11186              1141                 0                  0 41.87194  12.56738
7     Italy 2020-01-05     5063            8276      11489              1171                 0                  0 41.87194  12.56738
8     Italy 2020-01-06     5200            8500      11800              1203                 0                  0 41.87194  12.56738
9     Italy 2020-01-07     5342            8731      12120              1236                 0                  0 41.87194  12.56738
10    Italy 2020-01-08     5487            8968      12449              1269                 0                  0 41.87194  12.56738
11    Italy 2020-01-09     5635            9211      12787              1304                 0                  0 41.87194  12.56738
12    Italy 2020-01-10     5788            9460      13132              1339                 0                  0 41.87194  12.56738
13    Italy 2020-01-11     5945            9717      13489              1375                 0                  0 41.87194  12.56738
14    Italy 2020-01-12     6106            9980      13854              1413                 0                  0 41.87194  12.56738
15    Italy 2020-01-13     6272           10251      14230              1451                 0                  0 41.87194  12.56738
16    Italy 2020-01-14     6442           10529      14616              1490                 0                  0 41.87194  12.56738
17    Italy 2020-01-15     6616           10814      15012              1531                 0                  0 41.87194  12.56738
18    Italy 2020-01-16     6796           11108      15420              1572                 0                  0 41.87194  12.56738
19    Italy 2020-01-17     6980           11409      15838              1615                 0                  0 41.87194  12.56738
20    Italy 2020-01-18     7169           11718      16267              1659                 0                  0 41.87194  12.56738
21    Italy 2020-01-19     7364           12036      16708              1704                 0                  0 41.87194  12.56738
22    Italy 2020-01-20     7563           12362      17161              1750                 0                  0 41.87194  12.56738
23    Italy 2020-01-21     7768           12697      17626              1797                 0                  0 41.87194  12.56738
24    Italy 2020-01-22     7979           13042      18105              1846                 0                  0 41.87194  12.56738
25    Italy 2020-01-23     8195           13395      18595              1896                 0                  0 41.87194  12.56738
26    Italy 2020-01-24     8417           13758      19099              1947                 0                  0 41.87194  12.56738
27    Italy 2020-01-25     8645           14131      19617              2000                 0                  0 41.87194  12.56738
28    Italy 2020-01-26     8880           14515      20150              2054                 0                  0 41.87194  12.56738
29    Italy 2020-01-27     9121           14908      20695              2110                 0                  0 41.87194  12.56738
30    Italy 2020-01-28     9368           15312      21256              2167                 0                  0 41.87194  12.56738
31    Italy 2020-01-29     9622           15727      21832              2226                 0                  0 41.87194  12.56738
32    Italy 2020-01-30     9883           16154      22425              2286                 3                  0 41.87194  12.56738
33    Italy 2020-01-31    10151           16592      23033              2348                 3                  0 41.87194  12.56738
34    Italy 2020-02-01    10426           17042      23658              2412                 3                  0 41.87194  12.56738
35    Italy 2020-02-02    10709           17504      24299              2478                 3                  0 41.87194  12.56738
36    Italy 2020-02-03    10999           17978      24957              2545                 3                  0 41.87194  12.56738
37    Italy 2020-02-04    11298           18466      25634              2614                 3                  0 41.87194  12.56738
38    Italy 2020-02-05    11604           18966      26328              2684                 3                  0 41.87194  12.56738
39    Italy 2020-02-06    11919           19481      27043              2757                 3                  0 41.87194  12.56738
40    Italy 2020-02-07    12242           20009      27776              2832                 3                  0 41.87194  12.56738
41    Italy 2020-02-08    12573           20551      28529              2909                 3                  0 41.87194  12.56738
42    Italy 2020-02-09    12915           21109      29303              2988                 3                  0 41.87194  12.56738
43    Italy 2020-02-10    13265           21681      30097              3069                 3                  0 41.87194  12.56738
44    Italy 2020-02-11    13624           22269      30914              3152                 3                  0 41.87194  12.56738
45    Italy 2020-02-12    13993           22872      31751              3237                 3                  0 41.87194  12.56738
46    Italy 2020-02-13    14373           23493      32613              3325                 3                  0 41.87194  12.56738
47    Italy 2020-02-14    14763           24130      33497              3415                 3                  0 41.87194  12.56738
48    Italy 2020-02-15    15163           24784      34405              3508                 3                  0 41.87194  12.56738
49    Italy 2020-02-16    15574           25456      35338              3603                 3                  0 41.87194  12.56738
50    Italy 2020-02-17    15996           26146      36296              3701                 3                  0 41.87194  12.56738
51    Italy 2020-02-18    16430           26855      37280              3801                 3                  0 41.87194  12.56738
52    Italy 2020-02-19    16876           27583      38290              3904                 3                  0 41.87194  12.56738
53    Italy 2020-02-20    17333           28331      39329              4010                 3                  0 41.87194  12.56738
54    Italy 2020-02-21    17803           29099      40395              4119                17                  2 41.87194  12.56738
55    Italy 2020-02-22    18286           29888      41490              4230                79                  2 41.87194  12.56738
56    Italy 2020-02-23    18781           30698      42615              4345               132                  6 41.87194  12.56738
57    Italy 2020-02-24    19290           31530      43770              4463               229                 11 41.87194  12.56738
58    Italy 2020-02-25    19813           32385      44957              4584               322                 12 41.87194  12.56738
59    Italy 2020-02-26    20351           33263      46175              4708               400                 17 41.87194  12.56738
60    Italy 2020-02-27    20902           34165      47428              4836               650                 21 41.87194  12.56738
61    Italy 2020-02-28    21470           35092      48714              4967               888                 29 41.87194  12.56738
62    Italy 2020-02-29    22051           36043      50035              5102              1128                 35 41.87194  12.56738
63    Italy 2020-03-01    22649           37020      51391              5240              1689                 52 41.87194  12.56738
64    Italy 2020-03-02    23263           38024      52785              5382              2036                 80 41.87194  12.56738
65    Italy 2020-03-03    23894           39055      54216              5528              2502                107 41.87194  12.56738
66    Italy 2020-03-04    24542           40114      55686              5678              3089                148 41.87194  12.56738
67    Italy 2020-03-05    25207           41201      57195              5832              3858                197 41.87194  12.56738
68    Italy 2020-03-06    25891           42319      58747              5990              4636                233 41.87194  12.56738
69    Italy 2020-03-07    26593           43466      60339              6152              5883                366 41.87194  12.56738
70    Italy 2020-03-08    27314           44644      61974              6319              7375                464 41.87194  12.56738
71    Italy 2020-03-09    28055           45855      63655              6490              9172                631 41.87194  12.56738
72    Italy 2020-03-10    28815           47098      65381              6666             10149                827 41.87194  12.56738
73    Italy 2020-03-11    29596           48375      67154              6847             12462               1016 41.87194  12.56738
74    Italy 2020-03-12    30399           49687      68975              7033             15113               1268 41.87194  12.56738
75    Italy 2020-03-13    31223           51034      70845              7223             17660               1441 41.87194  12.56738
76    Italy 2020-03-14    32069           52417      72765              7419             21157               1811 41.87194  12.56738
77    Italy 2020-03-15    32939           53839      74739              7620             23980               2158 41.87194  12.56738
78    Italy 2020-03-16    33832           55298      76764              7827             27980               2505 41.87194  12.56738
79    Italy 2020-03-17    34750           56798      78846              8039             31506               2978 41.87194  12.56738
80    Italy 2020-03-18    35692           58338      80984              8257             35713               3407 41.87194  12.56738
81    Italy 2020-03-19    36659           59919      83179              8481             41035               4032 41.87194  12.56738
82    Italy 2020-03-20    37653           61544      85435              8711             47021               4827 41.87194  12.56738
83    Italy 2020-03-21    38674           63213      87752              8947             53578               5476 41.87194  12.56738
84    Italy 2020-03-22    39722           64926      90130              9190             59138               6077 41.87194  12.56738
85    Italy 2020-03-23    40800           66687      92574              9439             63927               6820 41.87194  12.56738
86    Italy 2020-03-24    41906           68495      95084              9695             69176               7505 41.87194  12.56738
87    Italy 2020-03-25    43042           70352      97662              9958             74386               8165 41.87194  12.56738
88    Italy 2020-03-26    44209           72259     100309             10228             80539               9136 41.87194  12.56738
89    Italy 2020-03-27    45408           74219     103030             10505             86498              10023 41.87194  12.56738
90    Italy 2020-03-28    46639           76231     105823             10790             92472              10781 41.87194  12.56738
91    Italy 2020-03-29    47903           78298     108693             11082             97689              11591 41.87194  12.56738
92    Italy 2020-03-30    49202           80421     111640             11383            101739              12430 41.87194  12.56738
93    Italy 2020-03-31    50536           82601     114666             11691            105792              13157 41.87194  12.56738
94    Italy 2020-04-01    51907           84841     117775             12008            110574              13917 41.87194  12.56738
95    Italy 2020-04-02    53314           87141     120968             12334            115242              14681 41.87194  12.56738
96    Italy 2020-04-03    54759           89503     124247             12668            119827              15362 41.87194  12.56738
97    Italy 2020-04-04    56244           91930     127616             13012            124632              15889 41.87194  12.56738
98    Italy 2020-04-05    57769           94423     131077             13365            128948              16525 41.87194  12.56738
99    Italy 2020-04-06    59335           96983     134631             13727            132547              17129 41.87194  12.56738
100   Italy 2020-04-07    60944           99612     138280             14099            135586              17669 41.87194  12.56738
101   Italy 2020-04-08    62596          102313     142030             14481            139422              18281 41.87194  12.56738
102   Italy 2020-04-09    64293          105087     145881             14874            143626              18851 41.87194  12.56738
103   Italy 2020-04-10    66036          107936     149836             15277            147577              19470 41.87194  12.56738
104   Italy 2020-04-11    67827          110863     153899             15692            152271              19901 41.87194  12.56738
105   Italy 2020-04-12    69665          113868     158071             16117            156363              20465 41.87194  12.56738
106   Italy 2020-04-13    71555          116956     162357             16554            159516              21069 41.87194  12.56738
107   Italy 2020-04-14    73495          120127     166759             17003            162488              21647 41.87194  12.56738
108   Italy 2020-04-15    75487          123384     171281             17464            165155              22172 41.87194  12.56738
109   Italy 2020-04-16    77534          126729     175924             17937            168941              22747 41.87194  12.56738
110   Italy 2020-04-17    79636          130165     180694             18424            172434              23227 41.87194  12.56738
111   Italy 2020-04-18    81795          133694     185593             18923            175925              23660 41.87194  12.56738
112   Italy 2020-04-19    84013          137319     190625             19436            178972              24114 41.87194  12.56738
113   Italy 2020-04-20    86291          141042     195793             19963            181228              24648 41.87194  12.56738
114   Italy 2020-04-21    88630          144866     201102             20504            183957              25085 41.87194  12.56738
115   Italy 2020-04-22    91034          148794     206554             21060            187327              25549 41.87194  12.56738
116   Italy 2020-04-23    93502          152828     212154             21631            189973              25969 41.87194  12.56738
117   Italy 2020-04-24    96037          156972     217907             22218            192994              26384 41.87194  12.56738
118   Italy 2020-04-25    98641          161228     223815             22820            195351              26644 41.87194  12.56738
119   Italy 2020-04-26   101315          165599     229883             23439            197675              26977 41.87194  12.56738
120   Italy 2020-04-27   104062          170089     236116             24074            199414              27359 41.87194  12.56738
121   Italy 2020-04-28   106884          174701     242518             24727            201505              27682 41.87194  12.56738
122   Italy 2020-04-29   109781          179437     249093             25397            203591              27967 41.87194  12.56738
123   Italy 2020-04-30   112758          184302     255846             26086            205463              28236 41.87194  12.56738
124   Italy 2020-05-01   115815          189299     262783             26793            207428              28710 41.87194  12.56738
125   Italy 2020-05-02   118955          194432     269909             27520            209328              28884 41.87194  12.56738
126   Italy 2020-05-03   122180          199703     277226             28266            210717              29079 41.87194  12.56738
127   Italy 2020-05-04   125493          205118     284743             29032            211938              29315 41.87194  12.56738
128   Italy 2020-05-05   128895          210679     292463             29819            213013              29684 41.87194  12.56738
129   Italy 2020-05-06   132390          216391     300392             30628            214457              29958 41.87194  12.56738
130   Italy 2020-05-07   135979          222258     308537             31458            215858              30201 41.87194  12.56738
131   Italy 2020-05-08   139666          228284     316902             32311            217185              30395 41.87194  12.56738
132   Italy 2020-05-09   143453          234474     325495             33187            218268              30560 41.87194  12.56738
133   Italy 2020-05-10   147343          240831     334319             34087            219070              30739 41.87194  12.56738
134   Italy 2020-05-11   151338          247361     343384             35011            219814              30911 41.87194  12.56738
135   Italy 2020-05-12   155441          254067     352693             35961            221216              31106 41.87194  12.56738
136   Italy 2020-05-13   159655          260956     362257             36936            222104              31368 41.87194  12.56738
137   Italy 2020-05-14   163984          268031     372078             37937            223096              31610 41.87194  12.56738
138   Italy 2020-05-15   168430          275298     382166             38966            223885              31763 41.87194  12.56738
139   Italy 2020-05-16   172996          282762     392528             40022            224760              31908 41.87194  12.56738
140   Italy 2020-05-17   177687          290429     403171             41107            225435              31908 41.87194  12.56738
141   Italy 2020-05-18   182505          298303     414101             42222                NA                 NA 41.87194  12.56738
142   Italy 2020-05-19   187453          306391     425329             43366                NA                 NA 41.87194  12.56738
143   Italy 2020-05-20   192535          314698     436861             44542                NA                 NA 41.87194  12.56738
144   Italy 2020-05-21   197755          323230     448705             45750                NA                 NA 41.87194  12.56738
145   Italy 2020-05-22   203117          331994     460871             46990                NA                 NA 41.87194  12.56738
146   Italy 2020-05-23   208624          340995     473366             48264                NA                 NA 41.87194  12.56738
147   Italy 2020-05-24   214281          350241     486201             49573                NA                 NA 41.87194  12.56738

Fontes:
	OMS - https://ourworldindata.org/coronavirus-source-data
	Worldometers - https://www.worldometers.info/coronavirus