
 Brazil 
Projecao:  10  dias
Gerado em:  2020-09-26 19:21:50
RMSE(%):  26.1 , BIAS(%): 7.81

Taxa de Mortalidade 3 %

    country       dias otimista casos_estimados pessimista estimativa_mortes casos_confirmados mortes_confirmadas latitude longitude
263  Brazil 2020-09-17  3577744         4843544    6109344            145169           4455386             135793        0         0
264  Brazil 2020-09-18  3637069         4923857    6210645            147576           4495183             136532        0         0
265  Brazil 2020-09-19  3697376         5005501    6313626            150023           4528240             136895        0         0
266  Brazil 2020-09-20  3758684         5088500    6418316            152511           4544629             137272        0         0
267  Brazil 2020-09-21  3821009         5172875    6524741            155040           4558068             138108        0         0
268  Brazil 2020-09-22  3884367         5258649    6632931            157610           4591604             138977        0         0
269  Brazil 2020-09-23  3948775         5345845    6742915            160224           4624885             139808        0         0
270  Brazil 2020-09-24  4014252         5434487    6854722            162881           4657702             140537        0         0
271  Brazil 2020-09-25  4080814         5524599    6968384            165581           4689613             141406        0         0
272  Brazil 2020-09-26  4148480         5616205    7083930            168327           4717991             141406        0         0
273  Brazil 2020-09-27  4217268         5709330    7201392            171118                NA                 NA        0         0
274  Brazil 2020-09-28  4287197         5803999    7320801            173955                NA                 NA        0         0
275  Brazil 2020-09-29  4358285         5900238    7442191            176840                NA                 NA        0         0
276  Brazil 2020-09-30  4430551         5998072    7565593            179772                NA                 NA        0         0
277  Brazil 2020-10-01  4504016         6097529    7691042            182753                NA                 NA        0         0
278  Brazil 2020-10-02  4578699         6198635    7818571            185783                NA                 NA        0         0
279  Brazil 2020-10-03  4654621         6301417    7948213            188864                NA                 NA        0         0
280  Brazil 2020-10-04  4731801         6405904    8080007            191996                NA                 NA        0         0
281  Brazil 2020-10-05  4810262         6512124    8213986            195179                NA                 NA        0         0
282  Brazil 2020-10-06  4890023         6620104    8350185            198415                NA                 NA        0         0

Total de casos no mundo:  33021156 8687341 10180628 7860914 4801793 1458742 31017 721 33021156

Estimados a partir dos dados da OMS:
    day       date       x    xest
1     1 2019-12-30       0   65149
2     2 2019-12-31       0   66230
3     3 2020-01-01       0   67328
4     4 2020-01-02       0   68444
5     5 2020-01-03       0   69579
6     6 2020-01-04       0   70733
7     7 2020-01-05       0   71906
8     8 2020-01-06       0   73098
9     9 2020-01-07       0   74310
10   10 2020-01-08       0   75542
11   11 2020-01-09       0   76795
12   12 2020-01-10       0   78068
13   13 2020-01-11       0   79363
14   14 2020-01-12       0   80679
15   15 2020-01-13       0   82016
16   16 2020-01-14       0   83376
17   17 2020-01-15       0   84759
18   18 2020-01-16       0   86164
19   19 2020-01-17       0   87593
20   20 2020-01-18       0   89045
21   21 2020-01-19       0   90522
22   22 2020-01-20       0   92023
23   23 2020-01-21       0   93549
24   24 2020-01-22       0   95100
25   25 2020-01-23       0   96677
26   26 2020-01-24       0   98280
27   27 2020-01-25       0   99909
28   28 2020-01-26       0  101566
29   29 2020-01-27       0  103250
30   30 2020-01-28       0  104962
31   31 2020-01-29       0  106703
32   32 2020-01-30       0  108472
33   33 2020-01-31       0  110271
34   34 2020-02-01       0  112099
35   35 2020-02-02       0  113958
36   36 2020-02-03       0  115847
37   37 2020-02-04       0  117768
38   38 2020-02-05       0  119721
39   39 2020-02-06       0  121706
40   40 2020-02-07       0  123724
41   41 2020-02-08       0  125776
42   42 2020-02-09       0  127861
43   43 2020-02-10       0  129981
44   44 2020-02-11       0  132137
45   45 2020-02-12       0  134328
46   46 2020-02-13       0  136555
47   47 2020-02-14       0  138819
48   48 2020-02-15       0  141121
49   49 2020-02-16       0  143461
50   50 2020-02-17       0  145840
51   51 2020-02-18       0  148258
52   52 2020-02-19       0  150717
53   53 2020-02-20       0  153216
54   54 2020-02-21       0  155756
55   55 2020-02-22       0  158339
56   56 2020-02-23       0  160964
57   57 2020-02-24       0  163633
58   58 2020-02-25       1  166347
59   59 2020-02-26       1  169105
60   60 2020-02-27       1  171909
61   61 2020-02-28       1  174760
62   62 2020-02-29       2  177657
63   63 2020-03-01       2  180603
64   64 2020-03-02       2  183598
65   65 2020-03-03       2  186642
66   66 2020-03-04       3  189737
67   67 2020-03-05       8  192883
68   68 2020-03-06      13  196081
69   69 2020-03-07      13  199333
70   70 2020-03-08      25  202638
71   71 2020-03-09      25  205998
72   72 2020-03-10      34  209414
73   73 2020-03-11      52  212886
74   74 2020-03-12      77  216416
75   75 2020-03-13      98  220004
76   76 2020-03-14     121  223652
77   77 2020-03-15     200  227361
78   78 2020-03-16     234  231131
79   79 2020-03-17     291  234963
80   80 2020-03-18     428  238859
81   81 2020-03-19     621  242820
82   82 2020-03-20     904  246846
83   83 2020-03-21    1128  250939
84   84 2020-03-22    1546  255100
85   85 2020-03-23    1891  259330
86   86 2020-03-24    2201  263630
87   87 2020-03-25    2433  268002
88   88 2020-03-26    2915  272446
89   89 2020-03-27    3417  276963
90   90 2020-03-28    3904  281556
91   91 2020-03-29    4256  286224
92   92 2020-03-30    4579  290970
93   93 2020-03-31    5717  295795
94   94 2020-04-01    6836  300700
95   95 2020-04-02    7910  305686
96   96 2020-04-03    9056  310755
97   97 2020-04-04   10278  315907
98   98 2020-04-05   11130  321146
99   99 2020-04-06   12056  326471
100 100 2020-04-07   13717  331884
101 101 2020-04-08   15927  337387
102 102 2020-04-09   17857  342981
103 103 2020-04-10   19638  348669
104 104 2020-04-11   20727  354450
105 105 2020-04-12   22169  360327
106 106 2020-04-13   23430  366302
107 107 2020-04-14   25262  372376
108 108 2020-04-15   28320  378550
109 109 2020-04-16   30425  384827
110 110 2020-04-17   33682  391208
111 111 2020-04-18   36599  397695
112 112 2020-04-19   38654  404290
113 113 2020-04-20   40581  410993
114 114 2020-04-21   43079  417808
115 115 2020-04-22   45757  424736
116 116 2020-04-23   49492  431779
117 117 2020-04-24   52995  438938
118 118 2020-04-25   58509  446217
119 119 2020-04-26   61888  453615
120 120 2020-04-27   66501  461137
121 121 2020-04-28   71886  468783
122 122 2020-04-29   78162  476557
123 123 2020-04-30   85380  484459
124 124 2020-05-01   91589  492492
125 125 2020-05-02   96559  500658
126 126 2020-05-03  101147  508959
127 127 2020-05-04  107780  517399
128 128 2020-05-05  114715  525978
129 129 2020-05-06  125218  534699
130 130 2020-05-07  135106  543566
131 131 2020-05-08  145328  552579
132 132 2020-05-09  155939  561741
133 133 2020-05-10  162699  571056
134 134 2020-05-11  168331  580525
135 135 2020-05-12  177589  590151
136 136 2020-05-13  188974  599936
137 137 2020-05-14  202918  609884
138 138 2020-05-15  218223  619997
139 139 2020-05-16  233142  630277
140 140 2020-05-17  241080  640728
141 141 2020-05-18  254220  651352
142 142 2020-05-19  271628  662153
143 143 2020-05-20  291579  673132
144 144 2020-05-21  310087  684294
145 145 2020-05-22  330890  695640
146 146 2020-05-23  347398  707175
147 147 2020-05-24  363211  718901
148 148 2020-05-25  374898  730822
149 149 2020-05-26  391222  742940
150 150 2020-05-27  411821  755259
151 151 2020-05-28  438238  767782
152 152 2020-05-29  465166  780513
153 153 2020-05-30  498440  793455
154 154 2020-05-31  514849  806612
155 155 2020-06-01  526447  819986
156 156 2020-06-02  555383  833583
157 157 2020-06-03  584016  847405
158 158 2020-06-04  614932  861456
159 159 2020-06-05  645762  875741
160 160 2020-06-06  672837  890262
161 161 2020-06-07  691758  905023
162 162 2020-06-08  707412  920030
163 163 2020-06-09  739503  935286
164 164 2020-06-10  772416  950794
165 165 2020-06-11  802828  966559
166 166 2020-06-12  828810  982586
167 167 2020-06-13  850514  998879
168 168 2020-06-14  867624 1015442
169 169 2020-06-15  888271 1032280
170 170 2020-06-16  923189 1049396
171 171 2020-06-17  955377 1066797
172 172 2020-06-18  978142 1084486
173 173 2020-06-19 1032913 1102468
174 174 2020-06-20 1067579 1120749
175 175 2020-06-21 1085038 1139332
176 176 2020-06-22 1106470 1158224
177 177 2020-06-23 1145906 1177429
178 178 2020-06-24 1188631 1196953
179 179 2020-06-25 1228114 1216800
180 180 2020-06-26 1274974 1236976
181 181 2020-06-27 1313667 1257487
182 182 2020-06-28 1344143 1278338
183 183 2020-06-29 1368195 1299535
184 184 2020-06-30 1402041 1321083
185 185 2020-07-01 1448753 1342989
186 186 2020-07-02 1496858 1365258
187 187 2020-07-03 1539081 1387895
188 188 2020-07-04 1577004 1410909
189 189 2020-07-05 1603055 1434304
190 190 2020-07-06 1623284 1458087
191 191 2020-07-07 1668589 1482264
192 192 2020-07-08 1713160 1506842
193 193 2020-07-09 1755779 1531828
194 194 2020-07-10 1800827 1557228
195 195 2020-07-11 1839850 1583049
196 196 2020-07-12 1864681 1609298
197 197 2020-07-13 1884967 1635983
198 198 2020-07-14 1926824 1663110
199 199 2020-07-15 1966748 1690686
200 200 2020-07-16 2012151 1718720
201 201 2020-07-17 2046328 1747219
202 202 2020-07-18 2074860 1776191
203 203 2020-07-19 2098389 1805643
204 204 2020-07-20 2118646 1835583
205 205 2020-07-21 2159654 1866020
206 206 2020-07-22 2227514 1896961
207 207 2020-07-23 2287475 1928415
208 208 2020-07-24 2343366 1960391
209 209 2020-07-25 2394513 1992897
210 210 2020-07-26 2419091 2025943
211 211 2020-07-27 2442375 2059536
212 212 2020-07-28 2483191 2093686
213 213 2020-07-29 2552265 2128402
214 214 2020-07-30 2610102 2163694
215 215 2020-07-31 2662485 2199572
216 216 2020-08-01 2707877 2236044
217 217 2020-08-02 2733677 2273121
218 218 2020-08-03 2750318 2310812
219 219 2020-08-04 2801921 2349129
220 220 2020-08-05 2859073 2388081
221 221 2020-08-06 2912212 2427679
222 222 2020-08-07 2962442 2467933
223 223 2020-08-08 3012412 2508855
224 224 2020-08-09 3035422 2550456
225 225 2020-08-10 3057470 2592746
226 226 2020-08-11 3109630 2635738
227 227 2020-08-12 3164785 2679442
228 228 2020-08-13 3224876 2723871
229 229 2020-08-14 3275520 2769037
230 230 2020-08-15 3317096 2814952
231 231 2020-08-16 3340197 2861628
232 232 2020-08-17 3359570 2909078
233 233 2020-08-18 3407354 2957314
234 234 2020-08-19 3456652 3006351
235 235 2020-08-20 3501975 3056201
236 236 2020-08-21 3532330 3106877
237 237 2020-08-22 3582362 3158394
238 238 2020-08-23 3605783 3210765
239 239 2020-08-24 3622861 3264004
240 240 2020-08-25 3669995 3318126
241 241 2020-08-26 3717156 3373145
242 242 2020-08-27 3761391 3429077
243 243 2020-08-28 3804803 3485936
244 244 2020-08-29 3846153 3543738
245 245 2020-08-30 3862311 3602498
246 246 2020-08-31 3908272 3662233
247 247 2020-09-01 3950931 3722958
248 248 2020-09-02 3997865 3784690
249 249 2020-09-03 4041638 3847446
250 250 2020-09-04 4092832 3911242
251 251 2020-09-05 4123000 3976097
252 252 2020-09-06 4137521 4042026
253 253 2020-09-07 4147794 4109049
254 254 2020-09-08 4162073 4177183
255 255 2020-09-09 4197889 4246447
256 256 2020-09-10 4238446 4316859
257 257 2020-09-11 4282164 4388439
258 258 2020-09-12 4315687 4461206
259 259 2020-09-13 4330455 4535179
260 260 2020-09-14 4345610 4610379
261 261 2020-09-15 4382263 4686826
262 262 2020-09-16 4419083 4764541
263 263 2020-09-17 4455386 4843544
264 264 2020-09-18 4495183 4923857
265 265 2020-09-19 4528240 5005501
266 266 2020-09-20 4544629 5088500
267 267 2020-09-21 4558068 5172875
268 268 2020-09-22 4591604 5258649
269 269 2020-09-23 4624885 5345845
270 270 2020-09-24 4657702 5434487
271 271 2020-09-25 4689613 5524599
272 272 2020-09-26 4717991 5616205

Intervalo de Confianca
          2.5%      97.5%
b  55703.85254 73353.6919
y0    58.76417    62.9266


Formula: x ~ SSexp(day, b, y0)

Parameters:
     Estimate Std. Error t value      Pr(>|t|)    
b  886626.659  46281.344   19.16 0.00000005712 ***
y0    162.787      5.169   31.49 0.00000000112 ***
---
Signif. codes:  0 ‘***’ 0.001 ‘**’ 0.01 ‘*’ 0.05 ‘.’ 0.1 ‘ ’ 1

Residual standard error: 8124 on 8 degrees of freedom

Number of iterations to convergence: 40 
Achieved convergence tolerance: 0.0000000149

Considerando os casos dos últimos 10 dias, temos:
Número de dias para dobrar:  162.8
Razao de crescimento:  886626.7

Todos os dados gerados
    country       dias otimista casos_estimados pessimista estimativa_mortes casos_confirmados mortes_confirmadas latitude longitude
1    Brazil 2019-12-30    48123           65149      82175              1953                 0                  0        0         0
2    Brazil 2019-12-31    48922           66230      83538              1985                 0                  0        0         0
3    Brazil 2020-01-01    49733           67328      84923              2018                 0                  0        0         0
4    Brazil 2020-01-02    50557           68444      86331              2051                 0                  0        0         0
5    Brazil 2020-01-03    51395           69579      87763              2085                 0                  0        0         0
6    Brazil 2020-01-04    52248           70733      89218              2120                 0                  0        0         0
7    Brazil 2020-01-05    53114           71906      90698              2155                 0                  0        0         0
8    Brazil 2020-01-06    53995           73098      92201              2191                 0                  0        0         0
9    Brazil 2020-01-07    54890           74310      93730              2227                 0                  0        0         0
10   Brazil 2020-01-08    55800           75542      95284              2264                 0                  0        0         0
11   Brazil 2020-01-09    56726           76795      96864              2302                 0                  0        0         0
12   Brazil 2020-01-10    57666           78068      98470              2340                 0                  0        0         0
13   Brazil 2020-01-11    58622           79363     100104              2379                 0                  0        0         0
14   Brazil 2020-01-12    59595           80679     101763              2418                 0                  0        0         0
15   Brazil 2020-01-13    60582           82016     103450              2458                 0                  0        0         0
16   Brazil 2020-01-14    61587           83376     105165              2499                 0                  0        0         0
17   Brazil 2020-01-15    62608           84759     106910              2540                 0                  0        0         0
18   Brazil 2020-01-16    63646           86164     108682              2582                 0                  0        0         0
19   Brazil 2020-01-17    64702           87593     110484              2625                 0                  0        0         0
20   Brazil 2020-01-18    65774           89045     112316              2669                 0                  0        0         0
21   Brazil 2020-01-19    66865           90522     114179              2713                 0                  0        0         0
22   Brazil 2020-01-20    67974           92023     116072              2758                 0                  0        0         0
23   Brazil 2020-01-21    69101           93549     117997              2804                 0                  0        0         0
24   Brazil 2020-01-22    70247           95100     119953              2850                 0                  0        0         0
25   Brazil 2020-01-23    71412           96677     121942              2898                 0                  0        0         0
26   Brazil 2020-01-24    72596           98280     123964              2946                 0                  0        0         0
27   Brazil 2020-01-25    73799           99909     126019              2994                 0                  0        0         0
28   Brazil 2020-01-26    75023          101566     128109              3044                 0                  0        0         0
29   Brazil 2020-01-27    76267          103250     130233              3095                 0                  0        0         0
30   Brazil 2020-01-28    77531          104962     132393              3146                 0                  0        0         0
31   Brazil 2020-01-29    78818          106703     134588              3198                 0                  0        0         0
32   Brazil 2020-01-30    80124          108472     136820              3251                 0                  0        0         0
33   Brazil 2020-01-31    81453          110271     139089              3305                 0                  0        0         0
34   Brazil 2020-02-01    82803          112099     141395              3360                 0                  0        0         0
35   Brazil 2020-02-02    84177          113958     143739              3416                 0                  0        0         0
36   Brazil 2020-02-03    85572          115847     146122              3472                 0                  0        0         0
37   Brazil 2020-02-04    86991          117768     148545              3530                 0                  0        0         0
38   Brazil 2020-02-05    88433          119721     151009              3588                 0                  0        0         0
39   Brazil 2020-02-06    89900          121706     153512              3648                 0                  0        0         0
40   Brazil 2020-02-07    91390          123724     156058              3708                 0                  0        0         0
41   Brazil 2020-02-08    92906          125776     158646              3770                 0                  0        0         0
42   Brazil 2020-02-09    94446          127861     161276              3832                 0                  0        0         0
43   Brazil 2020-02-10    96012          129981     163950              3896                 0                  0        0         0
44   Brazil 2020-02-11    97605          132137     166669              3960                 0                  0        0         0
45   Brazil 2020-02-12    99223          134328     169433              4026                 0                  0        0         0
46   Brazil 2020-02-13   100868          136555     172242              4093                 0                  0        0         0
47   Brazil 2020-02-14   102540          138819     175098              4161                 0                  0        0         0
48   Brazil 2020-02-15   104241          141121     178001              4230                 0                  0        0         0
49   Brazil 2020-02-16   105969          143461     180953              4300                 0                  0        0         0
50   Brazil 2020-02-17   107727          145840     183953              4371                 0                  0        0         0
51   Brazil 2020-02-18   109513          148258     187003              4444                 0                  0        0         0
52   Brazil 2020-02-19   111329          150717     190105              4517                 0                  0        0         0
53   Brazil 2020-02-20   113175          153216     193257              4592                 0                  0        0         0
54   Brazil 2020-02-21   115051          155756     196461              4668                 0                  0        0         0
55   Brazil 2020-02-22   116959          158339     199719              4746                 0                  0        0         0
56   Brazil 2020-02-23   118898          160964     203030              4824                 0                  0        0         0
57   Brazil 2020-02-24   120870          163633     206396              4904                 0                  0        0         0
58   Brazil 2020-02-25   122874          166347     209820              4986                 1                  0        0         0
59   Brazil 2020-02-26   124912          169105     213298              5068                 1                  0        0         0
60   Brazil 2020-02-27   126983          171909     216835              5152                 1                  0        0         0
61   Brazil 2020-02-28   129089          174760     220431              5238                 1                  0        0         0
62   Brazil 2020-02-29   131229          177657     224085              5325                 2                  0        0         0
63   Brazil 2020-03-01   133405          180603     227801              5413                 2                  0        0         0
64   Brazil 2020-03-02   135617          183598     231579              5503                 2                  0        0         0
65   Brazil 2020-03-03   137865          186642     235419              5594                 2                  0        0         0
66   Brazil 2020-03-04   140152          189737     239322              5687                 3                  0        0         0
67   Brazil 2020-03-05   142475          192883     243291              5781                 8                  0        0         0
68   Brazil 2020-03-06   144838          196081     247324              5877                13                  0        0         0
69   Brazil 2020-03-07   147240          199333     251426              5974                13                  0        0         0
70   Brazil 2020-03-08   149681          202638     255595              6073                25                  0        0         0
71   Brazil 2020-03-09   152163          205998     259833              6174                25                  0        0         0
72   Brazil 2020-03-10   154686          209414     264142              6276                34                  0        0         0
73   Brazil 2020-03-11   157251          212886     268521              6381                52                  0        0         0
74   Brazil 2020-03-12   159858          216416     272974              6486                77                  0        0         0
75   Brazil 2020-03-13   162509          220004     277499              6594                98                  0        0         0
76   Brazil 2020-03-14   165203          223652     282101              6703               121                  0        0         0
77   Brazil 2020-03-15   167943          227361     286779              6814               200                  0        0         0
78   Brazil 2020-03-16   170728          231131     291534              6927               234                  1        0         0
79   Brazil 2020-03-17   173558          234963     296368              7042               291                  4        0         0
80   Brazil 2020-03-18   176436          238859     301282              7159               428                  6        0         0
81   Brazil 2020-03-19   179362          242820     306278              7278               621                 11        0         0
82   Brazil 2020-03-20   182336          246846     311356              7398               904                 18        0         0
83   Brazil 2020-03-21   185359          250939     316519              7521              1128                 25        0         0
84   Brazil 2020-03-22   188433          255100     321767              7646              1546                 34        0         0
85   Brazil 2020-03-23   191557          259330     327103              7773              1891                 46        0         0
86   Brazil 2020-03-24   194734          263630     332526              7901              2201                 57        0         0
87   Brazil 2020-03-25   197963          268002     338041              8032              2433                 77        0         0
88   Brazil 2020-03-26   201246          272446     343646              8166              2915                 92        0         0
89   Brazil 2020-03-27   204582          276963     349344              8301              3417                114        0         0
90   Brazil 2020-03-28   207975          281556     355137              8439              3904                136        0         0
91   Brazil 2020-03-29   211423          286224     361025              8579              4256                159        0         0
92   Brazil 2020-03-30   214929          290970     367011              8721              4579                201        0         0
93   Brazil 2020-03-31   218493          295795     373097              8865              5717                241        0         0
94   Brazil 2020-04-01   222116          300700     379284              9012              6836                299        0         0
95   Brazil 2020-04-02   225799          305686     385573              9162              7910                359        0         0
96   Brazil 2020-04-03   229543          310755     391967              9314              9056                432        0         0
97   Brazil 2020-04-04   233349          315907     398465              9468             10278                486        0         0
98   Brazil 2020-04-05   237219          321146     405073              9625             11130                553        0         0
99   Brazil 2020-04-06   241152          326471     411790              9785             12056                667        0         0
100  Brazil 2020-04-07   245150          331884     418618              9947             13717                800        0         0
101  Brazil 2020-04-08   249215          337387     425559             10112             15927                941        0         0
102  Brazil 2020-04-09   253347          342981     432615             10280             17857               1056        0         0
103  Brazil 2020-04-10   257549          348669     439789             10450             19638               1124        0         0
104  Brazil 2020-04-11   261819          354450     447081             10623             20727               1223        0         0
105  Brazil 2020-04-12   266160          360327     454494             10800             22169               1328        0         0
106  Brazil 2020-04-13   270574          366302     462030             10979             23430               1532        0         0
107  Brazil 2020-04-14   275060          372376     469692             11161             25262               1736        0         0
108  Brazil 2020-04-15   279621          378550     477479             11346             28320               1924        0         0
109  Brazil 2020-04-16   284257          384827     485397             11534             30425               2141        0         0
110  Brazil 2020-04-17   288971          391208     493445             11725             33682               2347        0         0
111  Brazil 2020-04-18   293762          397695     501628             11920             36599               2462        0         0
112  Brazil 2020-04-19   298634          404290     509946             12117             38654               2575        0         0
113  Brazil 2020-04-20   303585          410993     518401             12318             40581               2741        0         0
114  Brazil 2020-04-21   308619          417808     526997             12522             43079               2906        0         0
115  Brazil 2020-04-22   313737          424736     535735             12730             45757               3313        0         0
116  Brazil 2020-04-23   318939          431779     544619             12941             49492               3670        0         0
117  Brazil 2020-04-24   324227          438938     553649             13156             52995               4016        0         0
118  Brazil 2020-04-25   329604          446217     562830             13374             58509               4205        0         0
119  Brazil 2020-04-26   335068          453615     572162             13596             61888               4543        0         0
120  Brazil 2020-04-27   340625          461137     581649             13821             66501               5017        0         0
121  Brazil 2020-04-28   346272          468783     591294             14050             71886               5466        0         0
122  Brazil 2020-04-29   352015          476557     601099             14283             78162               5901        0         0
123  Brazil 2020-04-30   357852          484459     611066             14520             85380               6329        0         0
124  Brazil 2020-05-01   363785          492492     621199             14761             91589               6750        0         0
125  Brazil 2020-05-02   369817          500658     631499             15006             96559               7025        0         0
126  Brazil 2020-05-03   375949          508959     641969             15254            101147               7321        0         0
127  Brazil 2020-05-04   382183          517399     652615             15507            107780               7921        0         0
128  Brazil 2020-05-05   388520          525978     663436             15764            114715               8536        0         0
129  Brazil 2020-05-06   394962          534699     674436             16026            125218               9146        0         0
130  Brazil 2020-05-07   401512          543566     685620             16292            135106               9897        0         0
131  Brazil 2020-05-08   408169          552579     696989             16562            145328              10627        0         0
132  Brazil 2020-05-09   414937          561741     708545             16836            155939              11123        0         0
133  Brazil 2020-05-10   421818          571056     720294             17115            162699              11519        0         0
134  Brazil 2020-05-11   428812          580525     732238             17399            168331              12400        0         0
135  Brazil 2020-05-12   435922          590151     744380             17688            177589              13149        0         0
136  Brazil 2020-05-13   443150          599936     756722             17981            188974              13993        0         0
137  Brazil 2020-05-14   450498          609884     769270             18279            202918              14817        0         0
138  Brazil 2020-05-15   457969          619997     782025             18582            218223              15633        0         0
139  Brazil 2020-05-16   465562          630277     794992             18890            233142              16118        0         0
140  Brazil 2020-05-17   473282          640728     808174             19204            241080              16792        0         0
141  Brazil 2020-05-18   481129          651352     821575             19522            254220              17971        0         0
142  Brazil 2020-05-19   489108          662153     835198             19846            271628              18859        0         0
143  Brazil 2020-05-20   497217          673132     849047             20175            291579              20047        0         0
144  Brazil 2020-05-21   505462          684294     863126             20509            310087              21048        0         0
145  Brazil 2020-05-22   513843          695640     877437             20849            330890              22013        0         0
146  Brazil 2020-05-23   522364          707175     891986             21195            347398              22666        0         0
147  Brazil 2020-05-24   531025          718901     906777             21547            363211              23473        0         0
148  Brazil 2020-05-25   539831          730822     921813             21904            374898              24512        0         0
149  Brazil 2020-05-26   548782          742940     937098             22267            391222              25598        0         0
150  Brazil 2020-05-27   557882          755259     952636             22636            411821              26754        0         0
151  Brazil 2020-05-28   567132          767782     968432             23012            438238              27878        0         0
152  Brazil 2020-05-29   576536          780513     984490             23393            465166              28834        0         0
153  Brazil 2020-05-30   586095          793455    1000815             23781            498440              29314        0         0
154  Brazil 2020-05-31   595814          806612    1017410             24175            514849              29937        0         0
155  Brazil 2020-06-01   605693          819986    1034279             24576            526447              31199        0         0
156  Brazil 2020-06-02   615737          833583    1051429             24984            555383              32548        0         0
157  Brazil 2020-06-03   625946          847405    1068864             25398            584016              34021        0         0
158  Brazil 2020-06-04   636325          861456    1086587             25819            614932              35026        0         0
159  Brazil 2020-06-05   646877          875741    1104605             26247            645762              35930        0         0
160  Brazil 2020-06-06   657603          890262    1122921             26683            672837              36455        0         0
161  Brazil 2020-06-07   668507          905023    1141539             27125            691758              37134        0         0
162  Brazil 2020-06-08   679592          920030    1160468             27575            707412              38406        0         0
163  Brazil 2020-06-09   690861          935286    1179711             28032            739503              39680        0         0
164  Brazil 2020-06-10   702316          950794    1199272             28497            772416              40919        0         0
165  Brazil 2020-06-11   713961          966559    1219157             28969            802828              41828        0         0
166  Brazil 2020-06-12   725799          982586    1239373             29450            828810              42720        0         0
167  Brazil 2020-06-13   737834          998879    1259924             29938            850514              43332        0         0
168  Brazil 2020-06-14   750069         1015442    1280815             30434            867624              43959        0         0
169  Brazil 2020-06-15   762507         1032280    1302053             30939            888271              45241        0         0
170  Brazil 2020-06-16   775150         1049396    1323642             31452            923189              46510        0         0
171  Brazil 2020-06-17   788003         1066797    1345591             31974            955377              47748        0         0
172  Brazil 2020-06-18   801069         1084486    1367903             32504            978142              48954        0         0
173  Brazil 2020-06-19   814352         1102468    1390584             33043           1032913              49976        0         0
174  Brazil 2020-06-20   827855         1120749    1413643             33591           1067579              50617        0         0
175  Brazil 2020-06-21   841582         1139332    1437082             34148           1085038              51271        0         0
176  Brazil 2020-06-22   855537         1158224    1460911             34714           1106470              52645        0         0
177  Brazil 2020-06-23   869723         1177429    1485135             35289           1145906              53830        0         0
178  Brazil 2020-06-24   884144         1196953    1509762             35875           1188631              54971        0         0
179  Brazil 2020-06-25   898805         1216800    1534795             36470           1228114              55961        0         0
180  Brazil 2020-06-26   913708         1236976    1560244             37074           1274974              57070        0         0
181  Brazil 2020-06-27   928859         1257487    1586115             37689           1313667              57622        0         0
182  Brazil 2020-06-28   944260         1278338    1612416             38314           1344143              58314        0         0
183  Brazil 2020-06-29   959918         1299535    1639152             38949           1368195              59594        0         0
184  Brazil 2020-06-30   975835         1321083    1666331             39595           1402041              60632        0         0
185  Brazil 2020-07-01   992016         1342989    1693962             40252           1448753              61884        0         0
186  Brazil 2020-07-02  1008465         1365258    1722051             40919           1496858              63174        0         0
187  Brazil 2020-07-03  1025186         1387895    1750604             41598           1539081              64265        0         0
188  Brazil 2020-07-04  1042186         1410909    1779632             42287           1577004              64867        0         0
189  Brazil 2020-07-05  1059467         1434304    1809141             42988           1603055              65487        0         0
190  Brazil 2020-07-06  1077034         1458087    1839140             43701           1623284              66741        0         0
191  Brazil 2020-07-07  1094893         1482264    1869635             44426           1668589              67964        0         0
192  Brazil 2020-07-08  1113048         1506842    1900636             45163           1713160              69184        0         0
193  Brazil 2020-07-09  1131504         1531828    1932152             45911           1755779              70398        0         0
194  Brazil 2020-07-10  1150266         1557228    1964190             46673           1800827              71469        0         0
195  Brazil 2020-07-11  1169339         1583049    1996759             47447           1839850              72100        0         0
196  Brazil 2020-07-12  1188728         1609298    2029868             48233           1864681              72833        0         0
197  Brazil 2020-07-13  1208439         1635983    2063527             49033           1884967              74133        0         0
198  Brazil 2020-07-14  1228477         1663110    2097743             49846           1926824              75366        0         0
199  Brazil 2020-07-15  1248846         1690686    2132526             50673           1966748              76688        0         0
200  Brazil 2020-07-16  1269554         1718720    2167886             51513           2012151              77851        0         0
201  Brazil 2020-07-17  1290605         1747219    2203833             52367           2046328              78772        0         0
202  Brazil 2020-07-18  1312006         1776191    2240376             53235           2074860              79488        0         0
203  Brazil 2020-07-19  1333761         1805643    2277525             54118           2098389              80120        0         0
204  Brazil 2020-07-20  1355876         1835583    2315290             55015           2118646              81487        0         0
205  Brazil 2020-07-21  1378359         1866020    2353681             55928           2159654              82771        0         0
206  Brazil 2020-07-22  1401214         1896961    2392708             56855           2227514              84082        0         0
207  Brazil 2020-07-23  1424448         1928415    2432382             57798           2287475              85238        0         0
208  Brazil 2020-07-24  1448067         1960391    2472715             58756           2343366              86449        0         0
209  Brazil 2020-07-25  1472078         1992897    2513716             59730           2394513              87004        0         0
210  Brazil 2020-07-26  1496488         2025943    2555398             60721           2419091              87618        0         0
211  Brazil 2020-07-27  1521302         2059536    2597770             61728           2442375              88539        0         0
212  Brazil 2020-07-28  1546527         2093686    2640845             62751           2483191              90134        0         0
213  Brazil 2020-07-29  1572171         2128402    2684633             63792           2552265              91263        0         0
214  Brazil 2020-07-30  1598240         2163694    2729148             64849           2610102              92475        0         0
215  Brazil 2020-07-31  1624741         2199572    2774403             65925           2662485              93563        0         0
216  Brazil 2020-08-01  1651682         2236044    2820406             67018           2707877              94104        0         0
217  Brazil 2020-08-02  1679069         2273121    2867173             68129           2733677              94665        0         0
218  Brazil 2020-08-03  1706910         2310812    2914714             69259           2750318              95819        0         0
219  Brazil 2020-08-04  1735214         2349129    2963044             70407           2801921              97256        0         0
220  Brazil 2020-08-05  1763986         2388081    3012176             71575           2859073              98493        0         0
221  Brazil 2020-08-06  1793236         2427679    3062122             72762           2912212              99572        0         0
222  Brazil 2020-08-07  1822970         2467933    3112896             73968           2962442             100477        0         0
223  Brazil 2020-08-08  1853197         2508855    3164513             75195           3012412             101049        0         0
224  Brazil 2020-08-09  1883926         2550456    3216986             76441           3035422             101752        0         0
225  Brazil 2020-08-10  1915164         2592746    3270328             77709           3057470             103026        0         0
226  Brazil 2020-08-11  1946921         2635738    3324555             78997           3109630             104201        0         0
227  Brazil 2020-08-12  1979203         2679442    3379681             80307           3164785             105463        0         0
228  Brazil 2020-08-13  2012021         2723871    3435721             81639           3224876             106523        0         0
229  Brazil 2020-08-14  2045384         2769037    3492690             82993           3275520             107232        0         0
230  Brazil 2020-08-15  2079300         2814952    3550604             84369           3317096             107852        0         0
231  Brazil 2020-08-16  2113777         2861628    3609479             85768           3340197             108536        0         0
232  Brazil 2020-08-17  2148827         2909078    3669329             87190           3359570             109888        0         0
233  Brazil 2020-08-18  2184457         2957314    3730171             88636           3407354             111100        0         0
234  Brazil 2020-08-19  2220679         3006351    3792023             90105           3456652             112304        0         0
235  Brazil 2020-08-20  2257501         3056201    3854901             91599           3501975             113358        0         0
236  Brazil 2020-08-21  2294934         3106877    3918820             93118           3532330             114250        0         0
237  Brazil 2020-08-22  2332987         3158394    3983801             94662           3582362             114744        0         0
238  Brazil 2020-08-23  2371672         3210765    4049858             96232           3605783             115309        0         0
239  Brazil 2020-08-24  2410997         3264004    4117011             97828           3622861             116580        0         0
240  Brazil 2020-08-25  2450975         3318126    4185277             99450           3669995             117665        0         0
241  Brazil 2020-08-26  2491616         3373145    4254674            101099           3717156             118649        0         0
242  Brazil 2020-08-27  2532931         3429077    4325223            102775           3761391             119504        0         0
243  Brazil 2020-08-28  2574930         3485936    4396942            104479           3804803             120462        0         0
244  Brazil 2020-08-29  2617626         3543738    4469850            106212           3846153             120828        0         0
245  Brazil 2020-08-30  2661030         3602498    4543966            107973           3862311             121381        0         0
246  Brazil 2020-08-31  2705154         3662233    4619312            109763           3908272             122596        0         0
247  Brazil 2020-09-01  2750010         3722958    4695906            111583           3950931             123780        0         0
248  Brazil 2020-09-02  2795609         3784690    4773771            113433           3997865             124614        0         0
249  Brazil 2020-09-03  2841964         3847446    4852928            115314           4041638             125521        0         0
250  Brazil 2020-09-04  2889088         3911242    4933396            117226           4092832             126203        0         0
251  Brazil 2020-09-05  2936994         3976097    5015200            119170           4123000             126650        0         0
252  Brazil 2020-09-06  2985693         4042026    5098359            121146           4137521             126960        0         0
253  Brazil 2020-09-07  3035201         4109049    5182897            123155           4147794             127464        0         0
254  Brazil 2020-09-08  3085529         4177183    5268837            125197           4162073             128539        0         0
255  Brazil 2020-09-09  3136691         4246447    5356203            127273           4197889             129522        0         0
256  Brazil 2020-09-10  3188702         4316859    5445016            129383           4238446             130396        0         0
257  Brazil 2020-09-11  3241575         4388439    5535303            131529           4282164             131210        0         0
258  Brazil 2020-09-12  3295326         4461206    5627086            133710           4315687             131625        0         0
259  Brazil 2020-09-13  3349967         4535179    5720391            135927           4330455             132006        0         0
260  Brazil 2020-09-14  3405514         4610379    5815244            138181           4345610             133119        0         0
261  Brazil 2020-09-15  3461983         4686826    5911669            140472           4382263             134106        0         0
262  Brazil 2020-09-16  3519388         4764541    6009694            142801           4419083             134935        0         0
263  Brazil 2020-09-17  3577744         4843544    6109344            145169           4455386             135793        0         0
264  Brazil 2020-09-18  3637069         4923857    6210645            147576           4495183             136532        0         0
265  Brazil 2020-09-19  3697376         5005501    6313626            150023           4528240             136895        0         0
266  Brazil 2020-09-20  3758684         5088500    6418316            152511           4544629             137272        0         0
267  Brazil 2020-09-21  3821009         5172875    6524741            155040           4558068             138108        0         0
268  Brazil 2020-09-22  3884367         5258649    6632931            157610           4591604             138977        0         0
269  Brazil 2020-09-23  3948775         5345845    6742915            160224           4624885             139808        0         0
270  Brazil 2020-09-24  4014252         5434487    6854722            162881           4657702             140537        0         0
271  Brazil 2020-09-25  4080814         5524599    6968384            165581           4689613             141406        0         0
272  Brazil 2020-09-26  4148480         5616205    7083930            168327           4717991             141406        0         0
273  Brazil 2020-09-27  4217268         5709330    7201392            171118                NA                 NA        0         0
274  Brazil 2020-09-28  4287197         5803999    7320801            173955                NA                 NA        0         0
275  Brazil 2020-09-29  4358285         5900238    7442191            176840                NA                 NA        0         0
276  Brazil 2020-09-30  4430551         5998072    7565593            179772                NA                 NA        0         0
277  Brazil 2020-10-01  4504016         6097529    7691042            182753                NA                 NA        0         0
278  Brazil 2020-10-02  4578699         6198635    7818571            185783                NA                 NA        0         0
279  Brazil 2020-10-03  4654621         6301417    7948213            188864                NA                 NA        0         0
280  Brazil 2020-10-04  4731801         6405904    8080007            191996                NA                 NA        0         0
281  Brazil 2020-10-05  4810262         6512124    8213986            195179                NA                 NA        0         0
282  Brazil 2020-10-06  4890023         6620104    8350185            198415                NA                 NA        0         0

Fontes:
	OMS - https://ourworldindata.org/coronavirus-source-data
	Worldometers - https://www.worldometers.info/coronavirus