
 Brazil 
Projecao:  7  dias
Gerado em:  2020-05-09 18:29:21
RMSE(%):  10.9 , BIAS(%): 3.92

Taxa de Mortalidade 6.79 %

    country       dias otimista casos_estimados pessimista estimativa_mortes casos_confirmados mortes_confirmadas latitude longitude
120  Brazil 2020-04-27    58110           65235      72360              4427             66501               5017        0         0
121  Brazil 2020-04-28    62499           70162      77825              4761             71886               5466        0         0
122  Brazil 2020-04-29    67221           75463      83705              5121             78162               5901        0         0
123  Brazil 2020-04-30    72298           81163      90028              5507             85380               6329        0         0
124  Brazil 2020-05-01    77759           87294      96829              5924             91589               6750        0         0
125  Brazil 2020-05-02    83634           93889     104144              6371             96559               7025        0         0
126  Brazil 2020-05-03    89951          100981     112011              6852            101147               7321        0         0
127  Brazil 2020-05-04    96746          108609     120472              7370            107780               7921        0         0
128  Brazil 2020-05-05   104055          116814     129573              7927            114715               8536        0         0
129  Brazil 2020-05-06   111915          125638     139361              8525            125218               9146        0         0
130  Brazil 2020-05-07   120370          135129     149888              9169            135106               9897        0         0
131  Brazil 2020-05-08   129463          145337     161211              9862            145328              10106        0         0
132  Brazil 2020-05-09   139242          156316     173390             10607            148931              10106        0         0
133  Brazil 2020-05-10   149761          168124     186487             11408                NA                 NA        0         0
134  Brazil 2020-05-11   161074          180824     200574             12270                NA                 NA        0         0
135  Brazil 2020-05-12   173242          194484     215726             13197                NA                 NA        0         0
136  Brazil 2020-05-13   186328          209175     232022             14194                NA                 NA        0         0
137  Brazil 2020-05-14   200404          224977     249550             15266                NA                 NA        0         0
138  Brazil 2020-05-15   215543          241972     268401             16419                NA                 NA        0         0
139  Brazil 2020-05-16   231825          260251     288677             17660                NA                 NA        0         0

Total de casos no mundo:  4084973 1467342 1605816 290193 650762 61614 8525 721 4084973

Estimados a partir dos dados da OMS:
    day       date      x   xest
1     1 2019-12-30      0     11
2     2 2019-12-31      0     12
3     3 2020-01-01      0     13
4     4 2020-01-02      0     14
5     5 2020-01-03      0     15
6     6 2020-01-04      0     16
7     7 2020-01-05      0     17
8     8 2020-01-06      0     19
9     9 2020-01-07      0     20
10   10 2020-01-08      0     22
11   11 2020-01-09      0     23
12   12 2020-01-10      0     25
13   13 2020-01-11      0     27
14   14 2020-01-12      0     29
15   15 2020-01-13      0     31
16   16 2020-01-14      0     34
17   17 2020-01-15      0     36
18   18 2020-01-16      0     39
19   19 2020-01-17      0     42
20   20 2020-01-18      0     45
21   21 2020-01-19      0     48
22   22 2020-01-20      0     52
23   23 2020-01-21      0     56
24   24 2020-01-22      0     60
25   25 2020-01-23      0     65
26   26 2020-01-24      0     69
27   27 2020-01-25      0     75
28   28 2020-01-26      0     80
29   29 2020-01-27      0     86
30   30 2020-01-28      0     93
31   31 2020-01-29      0    100
32   32 2020-01-30      0    107
33   33 2020-01-31      0    116
34   34 2020-02-01      0    124
35   35 2020-02-02      0    134
36   36 2020-02-03      0    144
37   37 2020-02-04      0    155
38   38 2020-02-05      0    166
39   39 2020-02-06      0    179
40   40 2020-02-07      0    192
41   41 2020-02-08      0    207
42   42 2020-02-09      0    223
43   43 2020-02-10      0    239
44   44 2020-02-11      0    258
45   45 2020-02-12      0    277
46   46 2020-02-13      0    298
47   47 2020-02-14      0    320
48   48 2020-02-15      0    345
49   49 2020-02-16      0    371
50   50 2020-02-17      0    399
51   51 2020-02-18      0    429
52   52 2020-02-19      0    461
53   53 2020-02-20      0    496
54   54 2020-02-21      0    533
55   55 2020-02-22      0    574
56   56 2020-02-23      0    617
57   57 2020-02-24      0    664
58   58 2020-02-25      1    714
59   59 2020-02-26      1    768
60   60 2020-02-27      1    826
61   61 2020-02-28      1    888
62   62 2020-02-29      2    955
63   63 2020-03-01      2   1027
64   64 2020-03-02      2   1105
65   65 2020-03-03      2   1188
66   66 2020-03-04      3   1278
67   67 2020-03-05      8   1375
68   68 2020-03-06     13   1479
69   69 2020-03-07     13   1590
70   70 2020-03-08     25   1711
71   71 2020-03-09     25   1840
72   72 2020-03-10     34   1979
73   73 2020-03-11     52   2128
74   74 2020-03-12     77   2289
75   75 2020-03-13     98   2462
76   76 2020-03-14    121   2648
77   77 2020-03-15    200   2848
78   78 2020-03-16    234   3063
79   79 2020-03-17    291   3294
80   80 2020-03-18    428   3543
81   81 2020-03-19    621   3811
82   82 2020-03-20    904   4099
83   83 2020-03-21   1128   4408
84   84 2020-03-22   1546   4741
85   85 2020-03-23   1891   5100
86   86 2020-03-24   2201   5485
87   87 2020-03-25   2433   5899
88   88 2020-03-26   2915   6345
89   89 2020-03-27   3417   6824
90   90 2020-03-28   3904   7339
91   91 2020-03-29   4256   7894
92   92 2020-03-30   4579   8490
93   93 2020-03-31   5717   9132
94   94 2020-04-01   6836   9821
95   95 2020-04-02   7910  10563
96   96 2020-04-03   9056  11361
97   97 2020-04-04  10278  12220
98   98 2020-04-05  11130  13143
99   99 2020-04-06  12056  14135
100 100 2020-04-07  13717  15203
101 101 2020-04-08  15927  16352
102 102 2020-04-09  17857  17587
103 103 2020-04-10  19638  18915
104 104 2020-04-11  20727  20344
105 105 2020-04-12  22169  21881
106 106 2020-04-13  23430  23534
107 107 2020-04-14  25262  25312
108 108 2020-04-15  28320  27224
109 109 2020-04-16  30425  29281
110 110 2020-04-17  33682  31492
111 111 2020-04-18  36599  33871
112 112 2020-04-19  38654  36430
113 113 2020-04-20  40581  39182
114 114 2020-04-21  43079  42142
115 115 2020-04-22  45757  45325
116 116 2020-04-23  49492  48749
117 117 2020-04-24  52995  52432
118 118 2020-04-25  58509  56393
119 119 2020-04-26  61888  60653
120 120 2020-04-27  66501  65235
121 121 2020-04-28  71886  70162
122 122 2020-04-29  78162  75463
123 123 2020-04-30  85380  81163
124 124 2020-05-01  91589  87294
125 125 2020-05-02  96559  93889
126 126 2020-05-03 101147 100981
127 127 2020-05-04 107780 108609
128 128 2020-05-05 114715 116814
129 129 2020-05-06 125218 125638
130 130 2020-05-07 135106 135129
131 131 2020-05-08 145328 145337
132 132 2020-05-09 148931 156316

Intervalo de Confianca
       2.5%    97.5%
b   9.01613 12.08789
y0 13.51380 13.95319


Formula: x ~ SSexp(day, b, y0)

Parameters:
   Estimate Std. Error t value     Pr(>|t|)    
b   29.1161     7.6840   3.789      0.00532 ** 
y0  15.4254     0.4884  31.583 0.0000000011 ***
---
Signif. codes:  0 ‘***’ 0.001 ‘**’ 0.01 ‘*’ 0.05 ‘.’ 0.1 ‘ ’ 1

Residual standard error: 2095 on 8 degrees of freedom

Number of iterations to convergence: 9 
Achieved convergence tolerance: 0.0000000149

Considerando os casos dos últimos 10 dias, temos:
Número de dias para dobrar:  15.4
Razao de crescimento:  29.12

Todos os dados gerados
    country       dias otimista casos_estimados pessimista estimativa_mortes casos_confirmados mortes_confirmadas latitude longitude
1    Brazil 2019-12-30       10              11         12                 1                 0                  0        0         0
2    Brazil 2019-12-31       11              12         13                 1                 0                  0        0         0
3    Brazil 2020-01-01       12              13         14                 1                 0                  0        0         0
4    Brazil 2020-01-02       12              14         16                 1                 0                  0        0         0
5    Brazil 2020-01-03       13              15         17                 1                 0                  0        0         0
6    Brazil 2020-01-04       14              16         18                 1                 0                  0        0         0
7    Brazil 2020-01-05       15              17         19                 1                 0                  0        0         0
8    Brazil 2020-01-06       17              19         21                 1                 0                  0        0         0
9    Brazil 2020-01-07       18              20         22                 1                 0                  0        0         0
10   Brazil 2020-01-08       20              22         24                 1                 0                  0        0         0
11   Brazil 2020-01-09       20              23         26                 2                 0                  0        0         0
12   Brazil 2020-01-10       22              25         28                 2                 0                  0        0         0
13   Brazil 2020-01-11       24              27         30                 2                 0                  0        0         0
14   Brazil 2020-01-12       26              29         32                 2                 0                  0        0         0
15   Brazil 2020-01-13       28              31         34                 2                 0                  0        0         0
16   Brazil 2020-01-14       30              34         38                 2                 0                  0        0         0
17   Brazil 2020-01-15       32              36         40                 2                 0                  0        0         0
18   Brazil 2020-01-16       35              39         43                 3                 0                  0        0         0
19   Brazil 2020-01-17       37              42         47                 3                 0                  0        0         0
20   Brazil 2020-01-18       40              45         50                 3                 0                  0        0         0
21   Brazil 2020-01-19       43              48         53                 3                 0                  0        0         0
22   Brazil 2020-01-20       46              52         58                 4                 0                  0        0         0
23   Brazil 2020-01-21       50              56         62                 4                 0                  0        0         0
24   Brazil 2020-01-22       53              60         67                 4                 0                  0        0         0
25   Brazil 2020-01-23       58              65         72                 4                 0                  0        0         0
26   Brazil 2020-01-24       61              69         77                 5                 0                  0        0         0
27   Brazil 2020-01-25       67              75         83                 5                 0                  0        0         0
28   Brazil 2020-01-26       71              80         89                 5                 0                  0        0         0
29   Brazil 2020-01-27       77              86         95                 6                 0                  0        0         0
30   Brazil 2020-01-28       83              93        103                 6                 0                  0        0         0
31   Brazil 2020-01-29       89             100        111                 7                 0                  0        0         0
32   Brazil 2020-01-30       95             107        119                 7                 0                  0        0         0
33   Brazil 2020-01-31      103             116        129                 8                 0                  0        0         0
34   Brazil 2020-02-01      110             124        138                 8                 0                  0        0         0
35   Brazil 2020-02-02      119             134        149                 9                 0                  0        0         0
36   Brazil 2020-02-03      128             144        160                10                 0                  0        0         0
37   Brazil 2020-02-04      138             155        172                11                 0                  0        0         0
38   Brazil 2020-02-05      148             166        184                11                 0                  0        0         0
39   Brazil 2020-02-06      159             179        199                12                 0                  0        0         0
40   Brazil 2020-02-07      171             192        213                13                 0                  0        0         0
41   Brazil 2020-02-08      184             207        230                14                 0                  0        0         0
42   Brazil 2020-02-09      199             223        247                15                 0                  0        0         0
43   Brazil 2020-02-10      213             239        265                16                 0                  0        0         0
44   Brazil 2020-02-11      230             258        286                18                 0                  0        0         0
45   Brazil 2020-02-12      247             277        307                19                 0                  0        0         0
46   Brazil 2020-02-13      265             298        331                20                 0                  0        0         0
47   Brazil 2020-02-14      285             320        355                22                 0                  0        0         0
48   Brazil 2020-02-15      307             345        383                23                 0                  0        0         0
49   Brazil 2020-02-16      330             371        412                25                 0                  0        0         0
50   Brazil 2020-02-17      355             399        443                27                 0                  0        0         0
51   Brazil 2020-02-18      382             429        476                29                 0                  0        0         0
52   Brazil 2020-02-19      411             461        511                31                 0                  0        0         0
53   Brazil 2020-02-20      442             496        550                34                 0                  0        0         0
54   Brazil 2020-02-21      475             533        591                36                 0                  0        0         0
55   Brazil 2020-02-22      511             574        637                39                 0                  0        0         0
56   Brazil 2020-02-23      550             617        684                42                 0                  0        0         0
57   Brazil 2020-02-24      591             664        737                45                 0                  0        0         0
58   Brazil 2020-02-25      636             714        792                48                 1                  0        0         0
59   Brazil 2020-02-26      684             768        852                52                 1                  0        0         0
60   Brazil 2020-02-27      736             826        916                56                 1                  0        0         0
61   Brazil 2020-02-28      791             888        985                60                 1                  0        0         0
62   Brazil 2020-02-29      851             955       1059                65                 2                  0        0         0
63   Brazil 2020-03-01      915            1027       1139                70                 2                  0        0         0
64   Brazil 2020-03-02      984            1105       1226                75                 2                  0        0         0
65   Brazil 2020-03-03     1058            1188       1318                81                 2                  0        0         0
66   Brazil 2020-03-04     1138            1278       1418                87                 3                  0        0         0
67   Brazil 2020-03-05     1225            1375       1525                93                 8                  0        0         0
68   Brazil 2020-03-06     1317            1479       1641               100                13                  0        0         0
69   Brazil 2020-03-07     1416            1590       1764               108                13                  0        0         0
70   Brazil 2020-03-08     1524            1711       1898               116                25                  0        0         0
71   Brazil 2020-03-09     1639            1840       2041               125                25                  0        0         0
72   Brazil 2020-03-10     1763            1979       2195               134                34                  0        0         0
73   Brazil 2020-03-11     1896            2128       2360               144                52                  0        0         0
74   Brazil 2020-03-12     2039            2289       2539               155                77                  0        0         0
75   Brazil 2020-03-13     2193            2462       2731               167                98                  0        0         0
76   Brazil 2020-03-14     2359            2648       2937               180               121                  0        0         0
77   Brazil 2020-03-15     2537            2848       3159               193               200                  0        0         0
78   Brazil 2020-03-16     2728            3063       3398               208               234                  1        0         0
79   Brazil 2020-03-17     2934            3294       3654               224               291                  4        0         0
80   Brazil 2020-03-18     3156            3543       3930               240               428                  6        0         0
81   Brazil 2020-03-19     3395            3811       4227               259               621                 11        0         0
82   Brazil 2020-03-20     3651            4099       4547               278               904                 18        0         0
83   Brazil 2020-03-21     3927            4408       4889               299              1128                 25        0         0
84   Brazil 2020-03-22     4223            4741       5259               322              1546                 34        0         0
85   Brazil 2020-03-23     4543            5100       5657               346              1891                 46        0         0
86   Brazil 2020-03-24     4886            5485       6084               372              2201                 57        0         0
87   Brazil 2020-03-25     5255            5899       6543               400              2433                 77        0         0
88   Brazil 2020-03-26     5652            6345       7038               431              2915                 92        0         0
89   Brazil 2020-03-27     6079            6824       7569               463              3417                114        0         0
90   Brazil 2020-03-28     6537            7339       8141               498              3904                136        0         0
91   Brazil 2020-03-29     7032            7894       8756               536              4256                159        0         0
92   Brazil 2020-03-30     7563            8490       9417               576              4579                201        0         0
93   Brazil 2020-03-31     8135            9132      10129               620              5717                241        0         0
94   Brazil 2020-04-01     8748            9821      10894               666              6836                299        0         0
95   Brazil 2020-04-02     9409           10563      11717               717              7910                359        0         0
96   Brazil 2020-04-03    10120           11361      12602               771              9056                432        0         0
97   Brazil 2020-04-04    10885           12220      13555               829             10278                486        0         0
98   Brazil 2020-04-05    11707           13143      14579               892             11130                553        0         0
99   Brazil 2020-04-06    12591           14135      15679               959             12056                667        0         0
100  Brazil 2020-04-07    13542           15203      16864              1032             13717                800        0         0
101  Brazil 2020-04-08    14566           16352      18138              1110             15927                941        0         0
102  Brazil 2020-04-09    15666           17587      19508              1193             17857               1056        0         0
103  Brazil 2020-04-10    16849           18915      20981              1284             19638               1124        0         0
104  Brazil 2020-04-11    18122           20344      22566              1380             20727               1223        0         0
105  Brazil 2020-04-12    19491           21881      24271              1485             22169               1328        0         0
106  Brazil 2020-04-13    20964           23534      26104              1597             23430               1532        0         0
107  Brazil 2020-04-14    22547           25312      28077              1718             25262               1736        0         0
108  Brazil 2020-04-15    24250           27224      30198              1847             28320               1924        0         0
109  Brazil 2020-04-16    26083           29281      32479              1987             30425               2141        0         0
110  Brazil 2020-04-17    28052           31492      34932              2137             33682               2347        0         0
111  Brazil 2020-04-18    30171           33871      37571              2298             36599               2462        0         0
112  Brazil 2020-04-19    32451           36430      40409              2472             38654               2575        0         0
113  Brazil 2020-04-20    34902           39182      43462              2659             40581               2741        0         0
114  Brazil 2020-04-21    37539           42142      46745              2860             43079               2906        0         0
115  Brazil 2020-04-22    40374           45325      50276              3076             45757               3313        0         0
116  Brazil 2020-04-23    43424           48749      54074              3308             49492               3670        0         0
117  Brazil 2020-04-24    46705           52432      58159              3558             52995               4016        0         0
118  Brazil 2020-04-25    50234           56393      62552              3827             58509               4205        0         0
119  Brazil 2020-04-26    54028           60653      67278              4116             61888               4543        0         0
120  Brazil 2020-04-27    58110           65235      72360              4427             66501               5017        0         0
121  Brazil 2020-04-28    62499           70162      77825              4761             71886               5466        0         0
122  Brazil 2020-04-29    67221           75463      83705              5121             78162               5901        0         0
123  Brazil 2020-04-30    72298           81163      90028              5507             85380               6329        0         0
124  Brazil 2020-05-01    77759           87294      96829              5924             91589               6750        0         0
125  Brazil 2020-05-02    83634           93889     104144              6371             96559               7025        0         0
126  Brazil 2020-05-03    89951          100981     112011              6852            101147               7321        0         0
127  Brazil 2020-05-04    96746          108609     120472              7370            107780               7921        0         0
128  Brazil 2020-05-05   104055          116814     129573              7927            114715               8536        0         0
129  Brazil 2020-05-06   111915          125638     139361              8525            125218               9146        0         0
130  Brazil 2020-05-07   120370          135129     149888              9169            135106               9897        0         0
131  Brazil 2020-05-08   129463          145337     161211              9862            145328              10106        0         0
132  Brazil 2020-05-09   139242          156316     173390             10607            148931              10106        0         0
133  Brazil 2020-05-10   149761          168124     186487             11408                NA                 NA        0         0
134  Brazil 2020-05-11   161074          180824     200574             12270                NA                 NA        0         0
135  Brazil 2020-05-12   173242          194484     215726             13197                NA                 NA        0         0
136  Brazil 2020-05-13   186328          209175     232022             14194                NA                 NA        0         0
137  Brazil 2020-05-14   200404          224977     249550             15266                NA                 NA        0         0
138  Brazil 2020-05-15   215543          241972     268401             16419                NA                 NA        0         0
139  Brazil 2020-05-16   231825          260251     288677             17660                NA                 NA        0         0

Fontes:
	OMS - https://ourworldindata.org/coronavirus-source-data
	Worldometers - https://www.worldometers.info/coronavirus