
 Italy 
Projecao:  7  dias
Gerado em:  2020-05-27 16:28:50
RMSE(%):  39.9 , BIAS(%): 8.73

Taxa de Mortalidade 14.31 %

    country       dias otimista casos_estimados pessimista estimativa_mortes casos_confirmados mortes_confirmadas latitude longitude
138   Italy 2020-05-15   139128          231477     323826             33120            223885              31763 41.87194  12.56738
139   Italy 2020-05-16   142284          236729     331174             33872            224760              31908 41.87194  12.56738
140   Italy 2020-05-17   145512          242100     338688             34640            225435              32007 41.87194  12.56738
141   Italy 2020-05-18   148815          247594     346373             35426            225886              32169 41.87194  12.56738
142   Italy 2020-05-19   152191          253211     354231             36230            226699              32330 41.87194  12.56738
143   Italy 2020-05-20   155644          258957     362270             37052            227364              32486 41.87194  12.56738
144   Italy 2020-05-21   159176          264833     370490             37893            228006              32616 41.87194  12.56738
145   Italy 2020-05-22   162788          270842     378896             38753            228658              32735 41.87194  12.56738
146   Italy 2020-05-23   166481          276987     387493             39632            229327              32785 41.87194  12.56738
147   Italy 2020-05-24   170259          283272     396285             40531            229858              32877 41.87194  12.56738
148   Italy 2020-05-25   174121          289699     405277             41451            230158              32955 41.87194  12.56738
149   Italy 2020-05-26   178072          296272     414472             42391            230555              33072 41.87194  12.56738
150   Italy 2020-05-27   182113          302995     423877             43353            231139              33072 41.87194  12.56738
151   Italy 2020-05-28   186245          309870     433495             44337                NA                 NA 41.87194  12.56738
152   Italy 2020-05-29   190471          316901     443331             45343                NA                 NA 41.87194  12.56738
153   Italy 2020-05-30   194792          324091     453390             46372                NA                 NA 41.87194  12.56738
154   Italy 2020-05-31   199213          331445     463677             47424                NA                 NA 41.87194  12.56738
155   Italy 2020-06-01   203732          338965     474198             48500                NA                 NA 41.87194  12.56738
156   Italy 2020-06-02   208355          346656     484957             49600                NA                 NA 41.87194  12.56738
157   Italy 2020-06-03   213083          354522     495961             50726                NA                 NA 41.87194  12.56738

Total de casos no mundo:  5747257 1944657 693107 1949931 1026068 124026 8747 721 5747257

Estimados a partir dos dados da OMS:
    day       date      x   xest
1     1 2019-12-30      0  10705
2     2 2019-12-31      0  10948
3     3 2020-01-01      0  11196
4     4 2020-01-02      0  11450
5     5 2020-01-03      0  11710
6     6 2020-01-04      0  11976
7     7 2020-01-05      0  12248
8     8 2020-01-06      0  12525
9     9 2020-01-07      0  12810
10   10 2020-01-08      0  13100
11   11 2020-01-09      0  13398
12   12 2020-01-10      0  13701
13   13 2020-01-11      0  14012
14   14 2020-01-12      0  14330
15   15 2020-01-13      0  14655
16   16 2020-01-14      0  14988
17   17 2020-01-15      0  15328
18   18 2020-01-16      0  15676
19   19 2020-01-17      0  16032
20   20 2020-01-18      0  16395
21   21 2020-01-19      0  16767
22   22 2020-01-20      0  17148
23   23 2020-01-21      0  17537
24   24 2020-01-22      0  17935
25   25 2020-01-23      0  18342
26   26 2020-01-24      0  18758
27   27 2020-01-25      0  19183
28   28 2020-01-26      0  19619
29   29 2020-01-27      0  20064
30   30 2020-01-28      0  20519
31   31 2020-01-29      0  20985
32   32 2020-01-30      3  21461
33   33 2020-01-31      3  21948
34   34 2020-02-01      3  22446
35   35 2020-02-02      3  22955
36   36 2020-02-03      3  23476
37   37 2020-02-04      3  24009
38   38 2020-02-05      3  24553
39   39 2020-02-06      3  25110
40   40 2020-02-07      3  25680
41   41 2020-02-08      3  26263
42   42 2020-02-09      3  26859
43   43 2020-02-10      3  27468
44   44 2020-02-11      3  28091
45   45 2020-02-12      3  28729
46   46 2020-02-13      3  29381
47   47 2020-02-14      3  30047
48   48 2020-02-15      3  30729
49   49 2020-02-16      3  31426
50   50 2020-02-17      3  32139
51   51 2020-02-18      3  32869
52   52 2020-02-19      3  33614
53   53 2020-02-20      3  34377
54   54 2020-02-21     17  35157
55   55 2020-02-22     79  35955
56   56 2020-02-23    132  36771
57   57 2020-02-24    229  37605
58   58 2020-02-25    322  38458
59   59 2020-02-26    400  39331
60   60 2020-02-27    650  40223
61   61 2020-02-28    888  41136
62   62 2020-02-29   1128  42069
63   63 2020-03-01   1689  43024
64   64 2020-03-02   2036  44000
65   65 2020-03-03   2502  44999
66   66 2020-03-04   3089  46020
67   67 2020-03-05   3858  47064
68   68 2020-03-06   4636  48132
69   69 2020-03-07   5883  49224
70   70 2020-03-08   7375  50341
71   71 2020-03-09   9172  51483
72   72 2020-03-10  10149  52651
73   73 2020-03-11  12462  53846
74   74 2020-03-12  15113  55067
75   75 2020-03-13  17660  56317
76   76 2020-03-14  21157  57595
77   77 2020-03-15  23980  58901
78   78 2020-03-16  27980  60238
79   79 2020-03-17  31506  61605
80   80 2020-03-18  35713  63002
81   81 2020-03-19  41035  64432
82   82 2020-03-20  47021  65894
83   83 2020-03-21  53578  67389
84   84 2020-03-22  59138  68918
85   85 2020-03-23  63927  70482
86   86 2020-03-24  69176  72081
87   87 2020-03-25  74386  73717
88   88 2020-03-26  80539  75389
89   89 2020-03-27  86498  77100
90   90 2020-03-28  92472  78849
91   91 2020-03-29  97689  80638
92   92 2020-03-30 101739  82468
93   93 2020-03-31 105792  84339
94   94 2020-04-01 110574  86253
95   95 2020-04-02 115242  88210
96   96 2020-04-03 119827  90211
97   97 2020-04-04 124632  92258
98   98 2020-04-05 128948  94352
99   99 2020-04-06 132547  96492
100 100 2020-04-07 135586  98682
101 101 2020-04-08 139422 100921
102 102 2020-04-09 143626 103211
103 103 2020-04-10 147577 105553
104 104 2020-04-11 152271 107948
105 105 2020-04-12 156363 110397
106 106 2020-04-13 159516 112902
107 107 2020-04-14 162488 115463
108 108 2020-04-15 165155 118083
109 109 2020-04-16 168941 120763
110 110 2020-04-17 172434 123503
111 111 2020-04-18 175925 126305
112 112 2020-04-19 178972 129171
113 113 2020-04-20 181228 132102
114 114 2020-04-21 183957 135099
115 115 2020-04-22 187327 138164
116 116 2020-04-23 189973 141299
117 117 2020-04-24 192994 144505
118 118 2020-04-25 195351 147784
119 119 2020-04-26 197675 151137
120 120 2020-04-27 199414 154567
121 121 2020-04-28 201505 158074
122 122 2020-04-29 203591 161661
123 123 2020-04-30 205463 165329
124 124 2020-05-01 207428 169080
125 125 2020-05-02 209328 172916
126 126 2020-05-03 210717 176840
127 127 2020-05-04 211938 180852
128 128 2020-05-05 213013 184956
129 129 2020-05-06 214457 189152
130 130 2020-05-07 215858 193444
131 131 2020-05-08 217185 197833
132 132 2020-05-09 218268 202322
133 133 2020-05-10 219070 206913
134 134 2020-05-11 219814 211608
135 135 2020-05-12 221216 216409
136 136 2020-05-13 222104 221319
137 137 2020-05-14 223096 226341
138 138 2020-05-15 223885 231477
139 139 2020-05-16 224760 236729
140 140 2020-05-17 225435 242100
141 141 2020-05-18 225886 247594
142 142 2020-05-19 226699 253211
143 143 2020-05-20 227364 258957
144 144 2020-05-21 228006 264833
145 145 2020-05-22 228658 270842
146 146 2020-05-23 229327 276987
147 147 2020-05-24 229858 283272
148 148 2020-05-25 230158 289699
149 149 2020-05-26 230555 296272
150 150 2020-05-27 231139 302995

Intervalo de Confianca
         2.5%       97.5%
b  8260.79219 13029.75061
y0   41.27145    48.19549


Formula: x ~ SSexp(day, b, y0)

Parameters:
    Estimate Std. Error t value         Pr(>|t|)    
b  158981.86    2414.98   65.83 0.00000000000315 ***
y0    399.86      16.68   23.97 0.00000000979022 ***
---
Signif. codes:  0 ‘***’ 0.001 ‘**’ 0.01 ‘*’ 0.05 ‘.’ 0.1 ‘ ’ 1

Residual standard error: 216.8 on 8 degrees of freedom

Number of iterations to convergence: 52 
Achieved convergence tolerance: 0.0000000149

Considerando os casos dos últimos 10 dias, temos:
Número de dias para dobrar:  399.9
Razao de crescimento:  158981.9

Todos os dados gerados
    country       dias otimista casos_estimados pessimista estimativa_mortes casos_confirmados mortes_confirmadas latitude longitude
1     Italy 2019-12-30     6434           10705      14976              1532                 0                  0 41.87194  12.56738
2     Italy 2019-12-31     6580           10948      15316              1566                 0                  0 41.87194  12.56738
3     Italy 2020-01-01     6729           11196      15663              1602                 0                  0 41.87194  12.56738
4     Italy 2020-01-02     6882           11450      16018              1638                 0                  0 41.87194  12.56738
5     Italy 2020-01-03     7038           11710      16382              1675                 0                  0 41.87194  12.56738
6     Italy 2020-01-04     7198           11976      16754              1714                 0                  0 41.87194  12.56738
7     Italy 2020-01-05     7362           12248      17134              1752                 0                  0 41.87194  12.56738
8     Italy 2020-01-06     7528           12525      17522              1792                 0                  0 41.87194  12.56738
9     Italy 2020-01-07     7699           12810      17921              1833                 0                  0 41.87194  12.56738
10    Italy 2020-01-08     7874           13100      18326              1874                 0                  0 41.87194  12.56738
11    Italy 2020-01-09     8053           13398      18743              1917                 0                  0 41.87194  12.56738
12    Italy 2020-01-10     8235           13701      19167              1960                 0                  0 41.87194  12.56738
13    Italy 2020-01-11     8422           14012      19602              2005                 0                  0 41.87194  12.56738
14    Italy 2020-01-12     8613           14330      20047              2050                 0                  0 41.87194  12.56738
15    Italy 2020-01-13     8808           14655      20502              2097                 0                  0 41.87194  12.56738
16    Italy 2020-01-14     9008           14988      20968              2145                 0                  0 41.87194  12.56738
17    Italy 2020-01-15     9213           15328      21443              2193                 0                  0 41.87194  12.56738
18    Italy 2020-01-16     9422           15676      21930              2243                 0                  0 41.87194  12.56738
19    Italy 2020-01-17     9636           16032      22428              2294                 0                  0 41.87194  12.56738
20    Italy 2020-01-18     9854           16395      22936              2346                 0                  0 41.87194  12.56738
21    Italy 2020-01-19    10078           16767      23456              2399                 0                  0 41.87194  12.56738
22    Italy 2020-01-20    10307           17148      23989              2454                 0                  0 41.87194  12.56738
23    Italy 2020-01-21    10540           17537      24534              2509                 0                  0 41.87194  12.56738
24    Italy 2020-01-22    10780           17935      25090              2566                 0                  0 41.87194  12.56738
25    Italy 2020-01-23    11024           18342      25660              2624                 0                  0 41.87194  12.56738
26    Italy 2020-01-24    11274           18758      26242              2684                 0                  0 41.87194  12.56738
27    Italy 2020-01-25    11530           19183      26836              2745                 0                  0 41.87194  12.56738
28    Italy 2020-01-26    11792           19619      27446              2807                 0                  0 41.87194  12.56738
29    Italy 2020-01-27    12059           20064      28069              2871                 0                  0 41.87194  12.56738
30    Italy 2020-01-28    12333           20519      28705              2936                 0                  0 41.87194  12.56738
31    Italy 2020-01-29    12613           20985      29357              3003                 0                  0 41.87194  12.56738
32    Italy 2020-01-30    12899           21461      30023              3071                 3                  0 41.87194  12.56738
33    Italy 2020-01-31    13192           21948      30704              3140                 3                  0 41.87194  12.56738
34    Italy 2020-02-01    13491           22446      31401              3212                 3                  0 41.87194  12.56738
35    Italy 2020-02-02    13797           22955      32113              3284                 3                  0 41.87194  12.56738
36    Italy 2020-02-03    14110           23476      32842              3359                 3                  0 41.87194  12.56738
37    Italy 2020-02-04    14430           24009      33588              3435                 3                  0 41.87194  12.56738
38    Italy 2020-02-05    14757           24553      34349              3513                 3                  0 41.87194  12.56738
39    Italy 2020-02-06    15092           25110      35128              3593                 3                  0 41.87194  12.56738
40    Italy 2020-02-07    15435           25680      35925              3674                 3                  0 41.87194  12.56738
41    Italy 2020-02-08    15785           26263      36741              3758                 3                  0 41.87194  12.56738
42    Italy 2020-02-09    16143           26859      37575              3843                 3                  0 41.87194  12.56738
43    Italy 2020-02-10    16509           27468      38427              3930                 3                  0 41.87194  12.56738
44    Italy 2020-02-11    16884           28091      39298              4019                 3                  0 41.87194  12.56738
45    Italy 2020-02-12    17267           28729      40191              4111                 3                  0 41.87194  12.56738
46    Italy 2020-02-13    17659           29381      41103              4204                 3                  0 41.87194  12.56738
47    Italy 2020-02-14    18060           30047      42034              4299                 3                  0 41.87194  12.56738
48    Italy 2020-02-15    18469           30729      42989              4397                 3                  0 41.87194  12.56738
49    Italy 2020-02-16    18888           31426      43964              4497                 3                  0 41.87194  12.56738
50    Italy 2020-02-17    19317           32139      44961              4599                 3                  0 41.87194  12.56738
51    Italy 2020-02-18    19756           32869      45982              4703                 3                  0 41.87194  12.56738
52    Italy 2020-02-19    20203           33614      47025              4810                 3                  0 41.87194  12.56738
53    Italy 2020-02-20    20662           34377      48092              4919                 3                  0 41.87194  12.56738
54    Italy 2020-02-21    21131           35157      49183              5030                17                  2 41.87194  12.56738
55    Italy 2020-02-22    21610           35955      50300              5145                79                  2 41.87194  12.56738
56    Italy 2020-02-23    22101           36771      51441              5261               132                  6 41.87194  12.56738
57    Italy 2020-02-24    22602           37605      52608              5381               229                 11 41.87194  12.56738
58    Italy 2020-02-25    23115           38458      53801              5503               322                 12 41.87194  12.56738
59    Italy 2020-02-26    23640           39331      55022              5628               400                 17 41.87194  12.56738
60    Italy 2020-02-27    24176           40223      56270              5755               650                 21 41.87194  12.56738
61    Italy 2020-02-28    24724           41136      57548              5886               888                 29 41.87194  12.56738
62    Italy 2020-02-29    25285           42069      58853              6019              1128                 35 41.87194  12.56738
63    Italy 2020-03-01    25859           43024      60189              6156              1689                 52 41.87194  12.56738
64    Italy 2020-03-02    26446           44000      61554              6296              2036                 80 41.87194  12.56738
65    Italy 2020-03-03    27046           44999      62952              6439              2502                107 41.87194  12.56738
66    Italy 2020-03-04    27660           46020      64380              6585              3089                148 41.87194  12.56738
67    Italy 2020-03-05    28287           47064      65841              6734              3858                197 41.87194  12.56738
68    Italy 2020-03-06    28929           48132      67335              6887              4636                233 41.87194  12.56738
69    Italy 2020-03-07    29586           49224      68862              7043              5883                366 41.87194  12.56738
70    Italy 2020-03-08    30257           50341      70425              7203              7375                464 41.87194  12.56738
71    Italy 2020-03-09    30943           51483      72023              7366              9172                631 41.87194  12.56738
72    Italy 2020-03-10    31645           52651      73657              7533             10149                827 41.87194  12.56738
73    Italy 2020-03-11    32364           53846      75328              7704             12462               1016 41.87194  12.56738
74    Italy 2020-03-12    33098           55067      77036              7879             15113               1268 41.87194  12.56738
75    Italy 2020-03-13    33849           56317      78785              8058             17660               1441 41.87194  12.56738
76    Italy 2020-03-14    34617           57595      80573              8241             21157               1811 41.87194  12.56738
77    Italy 2020-03-15    35402           58901      82400              8428             23980               2158 41.87194  12.56738
78    Italy 2020-03-16    36206           60238      84270              8619             27980               2505 41.87194  12.56738
79    Italy 2020-03-17    37027           61605      86183              8815             31506               2978 41.87194  12.56738
80    Italy 2020-03-18    37867           63002      88137              9014             35713               3407 41.87194  12.56738
81    Italy 2020-03-19    38726           64432      90138              9219             41035               4032 41.87194  12.56738
82    Italy 2020-03-20    39605           65894      92183              9428             47021               4827 41.87194  12.56738
83    Italy 2020-03-21    40504           67389      94274              9642             53578               5476 41.87194  12.56738
84    Italy 2020-03-22    41423           68918      96413              9861             59138               6077 41.87194  12.56738
85    Italy 2020-03-23    42363           70482      98601             10085             63927               6820 41.87194  12.56738
86    Italy 2020-03-24    43324           72081     100838             10314             69176               7505 41.87194  12.56738
87    Italy 2020-03-25    44307           73717     103127             10548             74386               8165 41.87194  12.56738
88    Italy 2020-03-26    45312           75389     105466             10787             80539               9136 41.87194  12.56738
89    Italy 2020-03-27    46340           77100     107860             11032             86498              10023 41.87194  12.56738
90    Italy 2020-03-28    47392           78849     110306             11282             92472              10781 41.87194  12.56738
91    Italy 2020-03-29    48467           80638     112809             11538             97689              11591 41.87194  12.56738
92    Italy 2020-03-30    49567           82468     115369             11800            101739              12430 41.87194  12.56738
93    Italy 2020-03-31    50691           84339     117987             12067            105792              13157 41.87194  12.56738
94    Italy 2020-04-01    51842           86253     120664             12341            110574              13917 41.87194  12.56738
95    Italy 2020-04-02    53018           88210     123402             12621            115242              14681 41.87194  12.56738
96    Italy 2020-04-03    54221           90211     126201             12908            119827              15362 41.87194  12.56738
97    Italy 2020-04-04    55451           92258     129065             13201            124632              15889 41.87194  12.56738
98    Italy 2020-04-05    56710           94352     131994             13500            128948              16525 41.87194  12.56738
99    Italy 2020-04-06    57996           96492     134988             13806            132547              17129 41.87194  12.56738
100   Italy 2020-04-07    59312           98682     138052             14120            135586              17669 41.87194  12.56738
101   Italy 2020-04-08    60658          100921     141184             14440            139422              18281 41.87194  12.56738
102   Italy 2020-04-09    62034          103211     144388             14768            143626              18851 41.87194  12.56738
103   Italy 2020-04-10    63442          105553     147664             15103            147577              19470 41.87194  12.56738
104   Italy 2020-04-11    64881          107948     151015             15445            152271              19901 41.87194  12.56738
105   Italy 2020-04-12    66353          110397     154441             15796            156363              20465 41.87194  12.56738
106   Italy 2020-04-13    67859          112902     157945             16154            159516              21069 41.87194  12.56738
107   Italy 2020-04-14    69398          115463     161528             16521            162488              21647 41.87194  12.56738
108   Italy 2020-04-15    70973          118083     165193             16896            165155              22172 41.87194  12.56738
109   Italy 2020-04-16    72584          120763     168942             17279            168941              22747 41.87194  12.56738
110   Italy 2020-04-17    74231          123503     172775             17671            172434              23227 41.87194  12.56738
111   Italy 2020-04-18    75915          126305     176695             18072            175925              23660 41.87194  12.56738
112   Italy 2020-04-19    77637          129171     180705             18482            178972              24114 41.87194  12.56738
113   Italy 2020-04-20    79399          132102     184805             18902            181228              24648 41.87194  12.56738
114   Italy 2020-04-21    81200          135099     188998             19330            183957              25085 41.87194  12.56738
115   Italy 2020-04-22    83042          138164     193286             19769            187327              25549 41.87194  12.56738
116   Italy 2020-04-23    84927          141299     197671             20217            189973              25969 41.87194  12.56738
117   Italy 2020-04-24    86854          144505     202156             20676            192994              26384 41.87194  12.56738
118   Italy 2020-04-25    88824          147784     206744             21145            195351              26644 41.87194  12.56738
119   Italy 2020-04-26    90840          151137     211434             21625            197675              26977 41.87194  12.56738
120   Italy 2020-04-27    92901          154567     216233             22116            199414              27359 41.87194  12.56738
121   Italy 2020-04-28    95009          158074     221139             22618            201505              27682 41.87194  12.56738
122   Italy 2020-04-29    97165          161661     226157             23131            203591              27967 41.87194  12.56738
123   Italy 2020-04-30    99370          165329     231288             23656            205463              28236 41.87194  12.56738
124   Italy 2020-05-01   101624          169080     236536             24192            207428              28710 41.87194  12.56738
125   Italy 2020-05-02   103930          172916     241902             24741            209328              28884 41.87194  12.56738
126   Italy 2020-05-03   106288          176840     247392             25303            210717              29079 41.87194  12.56738
127   Italy 2020-05-04   108700          180852     253004             25877            211938              29315 41.87194  12.56738
128   Italy 2020-05-05   111166          184956     258746             26464            213013              29684 41.87194  12.56738
129   Italy 2020-05-06   113688          189152     264616             27064            214457              29958 41.87194  12.56738
130   Italy 2020-05-07   116268          193444     270620             27678            215858              30201 41.87194  12.56738
131   Italy 2020-05-08   118906          197833     276760             28306            217185              30395 41.87194  12.56738
132   Italy 2020-05-09   121604          202322     283040             28949            218268              30560 41.87194  12.56738
133   Italy 2020-05-10   124364          206913     289462             29606            219070              30739 41.87194  12.56738
134   Italy 2020-05-11   127185          211608     296031             30277            219814              30911 41.87194  12.56738
135   Italy 2020-05-12   130071          216409     302747             30964            221216              31106 41.87194  12.56738
136   Italy 2020-05-13   133022          221319     309616             31667            222104              31368 41.87194  12.56738
137   Italy 2020-05-14   136041          226341     316641             32385            223096              31610 41.87194  12.56738
138   Italy 2020-05-15   139128          231477     323826             33120            223885              31763 41.87194  12.56738
139   Italy 2020-05-16   142284          236729     331174             33872            224760              31908 41.87194  12.56738
140   Italy 2020-05-17   145512          242100     338688             34640            225435              32007 41.87194  12.56738
141   Italy 2020-05-18   148815          247594     346373             35426            225886              32169 41.87194  12.56738
142   Italy 2020-05-19   152191          253211     354231             36230            226699              32330 41.87194  12.56738
143   Italy 2020-05-20   155644          258957     362270             37052            227364              32486 41.87194  12.56738
144   Italy 2020-05-21   159176          264833     370490             37893            228006              32616 41.87194  12.56738
145   Italy 2020-05-22   162788          270842     378896             38753            228658              32735 41.87194  12.56738
146   Italy 2020-05-23   166481          276987     387493             39632            229327              32785 41.87194  12.56738
147   Italy 2020-05-24   170259          283272     396285             40531            229858              32877 41.87194  12.56738
148   Italy 2020-05-25   174121          289699     405277             41451            230158              32955 41.87194  12.56738
149   Italy 2020-05-26   178072          296272     414472             42391            230555              33072 41.87194  12.56738
150   Italy 2020-05-27   182113          302995     423877             43353            231139              33072 41.87194  12.56738
151   Italy 2020-05-28   186245          309870     433495             44337                NA                 NA 41.87194  12.56738
152   Italy 2020-05-29   190471          316901     443331             45343                NA                 NA 41.87194  12.56738
153   Italy 2020-05-30   194792          324091     453390             46372                NA                 NA 41.87194  12.56738
154   Italy 2020-05-31   199213          331445     463677             47424                NA                 NA 41.87194  12.56738
155   Italy 2020-06-01   203732          338965     474198             48500                NA                 NA 41.87194  12.56738
156   Italy 2020-06-02   208355          346656     484957             49600                NA                 NA 41.87194  12.56738
157   Italy 2020-06-03   213083          354522     495961             50726                NA                 NA 41.87194  12.56738

Fontes:
	OMS - https://ourworldindata.org/coronavirus-source-data
	Worldometers - https://www.worldometers.info/coronavirus