
 Italy 
Projecao:  7  dias
Gerado em:  2020-06-02 21:04:48
RMSE(%):  40.4 , BIAS(%): 8.41

Taxa de Mortalidade 14.36 %

    country       dias otimista casos_estimados pessimista estimativa_mortes casos_confirmados mortes_confirmadas latitude longitude
144   Italy 2020-05-21   144059          241601     339143             34691            228006              32616 41.87194  12.56738
145   Italy 2020-05-22   147024          246574     346124             35405            228658              32735 41.87194  12.56738
146   Italy 2020-05-23   150050          251649     353248             36134            229327              32785 41.87194  12.56738
147   Italy 2020-05-24   153139          256829     360519             36878            229858              32877 41.87194  12.56738
148   Italy 2020-05-25   156292          262116     367940             37637            230158              32955 41.87194  12.56738
149   Italy 2020-05-26   159508          267511     375514             38411            230555              33072 41.87194  12.56738
150   Italy 2020-05-27   162792          273017     383242             39202            231139              33142 41.87194  12.56738
151   Italy 2020-05-28   166143          278637     391131             40009            231732              33229 41.87194  12.56738
152   Italy 2020-05-29   169562          284372     399182             40832            232248              33340 41.87194  12.56738
153   Italy 2020-05-30   173053          290226     407399             41673            232664              33415 41.87194  12.56738
154   Italy 2020-05-31   176615          296200     415785             42531            233019              33475 41.87194  12.56738
155   Italy 2020-06-01   180250          302297     424344             43406            233197              33530 41.87194  12.56738
156   Italy 2020-06-02   183960          308519     433078             44300            233515              33530 41.87194  12.56738
157   Italy 2020-06-03   187747          314870     441993             45212                NA                 NA 41.87194  12.56738
158   Italy 2020-06-04   191612          321351     451090             46142                NA                 NA 41.87194  12.56738
159   Italy 2020-06-05   195555          327965     460375             47092                NA                 NA 41.87194  12.56738
160   Italy 2020-06-06   199581          334716     469851             48061                NA                 NA 41.87194  12.56738
161   Italy 2020-06-07   203689          341606     479523             49051                NA                 NA 41.87194  12.56738
162   Italy 2020-06-08   207881          348637     489393             50060                NA                 NA 41.87194  12.56738
163   Italy 2020-06-09   212161          355814     499467             51091                NA                 NA 41.87194  12.56738

Total de casos no mundo:  6473097 2119852 940728 2049044 1194220 159701 8831 721 6473097

Estimados a partir dos dados da OMS:
    day       date      x   xest
1     1 2019-12-30      0  13114
2     2 2019-12-31      0  13384
3     3 2020-01-01      0  13660
4     4 2020-01-02      0  13941
5     5 2020-01-03      0  14228
6     6 2020-01-04      0  14521
7     7 2020-01-05      0  14820
8     8 2020-01-06      0  15125
9     9 2020-01-07      0  15436
10   10 2020-01-08      0  15754
11   11 2020-01-09      0  16078
12   12 2020-01-10      0  16409
13   13 2020-01-11      0  16747
14   14 2020-01-12      0  17091
15   15 2020-01-13      0  17443
16   16 2020-01-14      0  17802
17   17 2020-01-15      0  18169
18   18 2020-01-16      0  18543
19   19 2020-01-17      0  18924
20   20 2020-01-18      0  19314
21   21 2020-01-19      0  19711
22   22 2020-01-20      0  20117
23   23 2020-01-21      0  20531
24   24 2020-01-22      0  20954
25   25 2020-01-23      0  21385
26   26 2020-01-24      0  21825
27   27 2020-01-25      0  22275
28   28 2020-01-26      0  22733
29   29 2020-01-27      0  23201
30   30 2020-01-28      0  23679
31   31 2020-01-29      0  24166
32   32 2020-01-30      3  24663
33   33 2020-01-31      3  25171
34   34 2020-02-01      3  25689
35   35 2020-02-02      3  26218
36   36 2020-02-03      3  26758
37   37 2020-02-04      3  27308
38   38 2020-02-05      3  27870
39   39 2020-02-06      3  28444
40   40 2020-02-07      3  29030
41   41 2020-02-08      3  29627
42   42 2020-02-09      3  30237
43   43 2020-02-10      3  30859
44   44 2020-02-11      3  31495
45   45 2020-02-12      3  32143
46   46 2020-02-13      3  32804
47   47 2020-02-14      3  33480
48   48 2020-02-15      3  34169
49   49 2020-02-16      3  34872
50   50 2020-02-17      3  35590
51   51 2020-02-18      3  36322
52   52 2020-02-19      3  37070
53   53 2020-02-20      3  37833
54   54 2020-02-21     17  38612
55   55 2020-02-22     79  39407
56   56 2020-02-23    132  40218
57   57 2020-02-24    229  41046
58   58 2020-02-25    322  41891
59   59 2020-02-26    400  42753
60   60 2020-02-27    650  43633
61   61 2020-02-28    888  44531
62   62 2020-02-29   1128  45448
63   63 2020-03-01   1689  46383
64   64 2020-03-02   2036  47338
65   65 2020-03-03   2502  48312
66   66 2020-03-04   3089  49307
67   67 2020-03-05   3858  50322
68   68 2020-03-06   4636  51357
69   69 2020-03-07   5883  52414
70   70 2020-03-08   7375  53493
71   71 2020-03-09   9172  54594
72   72 2020-03-10  10149  55718
73   73 2020-03-11  12462  56865
74   74 2020-03-12  15113  58036
75   75 2020-03-13  17660  59230
76   76 2020-03-14  21157  60449
77   77 2020-03-15  23980  61694
78   78 2020-03-16  27980  62963
79   79 2020-03-17  31506  64259
80   80 2020-03-18  35713  65582
81   81 2020-03-19  41035  66932
82   82 2020-03-20  47021  68310
83   83 2020-03-21  53578  69716
84   84 2020-03-22  59138  71151
85   85 2020-03-23  63927  72615
86   86 2020-03-24  69176  74110
87   87 2020-03-25  74386  75636
88   88 2020-03-26  80539  77192
89   89 2020-03-27  86498  78781
90   90 2020-03-28  92472  80403
91   91 2020-03-29  97689  82058
92   92 2020-03-30 101739  83747
93   93 2020-03-31 105792  85471
94   94 2020-04-01 110574  87230
95   95 2020-04-02 115242  89026
96   96 2020-04-03 119827  90858
97   97 2020-04-04 124632  92728
98   98 2020-04-05 128948  94637
99   99 2020-04-06 132547  96585
100 100 2020-04-07 135586  98573
101 101 2020-04-08 139422 100602
102 102 2020-04-09 143626 102673
103 103 2020-04-10 147577 104786
104 104 2020-04-11 152271 106943
105 105 2020-04-12 156363 109144
106 106 2020-04-13 159516 111391
107 107 2020-04-14 162488 113684
108 108 2020-04-15 165155 116024
109 109 2020-04-16 168941 118412
110 110 2020-04-17 172434 120850
111 111 2020-04-18 175925 123337
112 112 2020-04-19 178972 125876
113 113 2020-04-20 181228 128467
114 114 2020-04-21 183957 131111
115 115 2020-04-22 187327 133810
116 116 2020-04-23 189973 136564
117 117 2020-04-24 192994 139375
118 118 2020-04-25 195351 142244
119 119 2020-04-26 197675 145172
120 120 2020-04-27 199414 148160
121 121 2020-04-28 201505 151210
122 122 2020-04-29 203591 154322
123 123 2020-04-30 205463 157499
124 124 2020-05-01 207428 160741
125 125 2020-05-02 209328 164049
126 126 2020-05-03 210717 167426
127 127 2020-05-04 211938 170872
128 128 2020-05-05 213013 174390
129 129 2020-05-06 214457 177979
130 130 2020-05-07 215858 181643
131 131 2020-05-08 217185 185381
132 132 2020-05-09 218268 189197
133 133 2020-05-10 219070 193092
134 134 2020-05-11 219814 197066
135 135 2020-05-12 221216 201123
136 136 2020-05-13 222104 205262
137 137 2020-05-14 223096 209487
138 138 2020-05-15 223885 213799
139 139 2020-05-16 224760 218200
140 140 2020-05-17 225435 222692
141 141 2020-05-18 225886 227275
142 142 2020-05-19 226699 231954
143 143 2020-05-20 227364 236728
144 144 2020-05-21 228006 241601
145 145 2020-05-22 228658 246574
146 146 2020-05-23 229327 251649
147 147 2020-05-24 229858 256829
148 148 2020-05-25 230158 262116
149 149 2020-05-26 230555 267511
150 150 2020-05-27 231139 273017
151 151 2020-05-28 231732 278637
152 152 2020-05-29 232248 284372
153 153 2020-05-30 232664 290226
154 154 2020-05-31 233019 296200
155 155 2020-06-01 233197 302297
156 156 2020-06-02 233515 308519

Intervalo de Confianca
          2.5%       97.5%
b  10238.34225 15853.26486
y0    45.37023    53.17494


Formula: x ~ SSexp(day, b, y0)

Parameters:
    Estimate Std. Error t value          Pr(>|t|)    
b  174587.15    2253.21   77.48 0.000000000000858 ***
y0    534.44      24.32   21.97 0.000000019426816 ***
---
Signif. codes:  0 ‘***’ 0.001 ‘**’ 0.01 ‘*’ 0.05 ‘.’ 0.1 ‘ ’ 1

Residual standard error: 179.3 on 8 degrees of freedom

Number of iterations to convergence: 59 
Achieved convergence tolerance: 0.0000000149

Considerando os casos dos últimos 10 dias, temos:
Número de dias para dobrar:  534.4
Razao de crescimento:  174587.1

Todos os dados gerados
    country       dias otimista casos_estimados pessimista estimativa_mortes casos_confirmados mortes_confirmadas latitude longitude
1     Italy 2019-12-30     7819           13114      18409              1883                 0                  0 41.87194  12.56738
2     Italy 2019-12-31     7980           13384      18788              1922                 0                  0 41.87194  12.56738
3     Italy 2020-01-01     8145           13660      19175              1961                 0                  0 41.87194  12.56738
4     Italy 2020-01-02     8313           13941      19569              2002                 0                  0 41.87194  12.56738
5     Italy 2020-01-03     8484           14228      19972              2043                 0                  0 41.87194  12.56738
6     Italy 2020-01-04     8658           14521      20384              2085                 0                  0 41.87194  12.56738
7     Italy 2020-01-05     8837           14820      20803              2128                 0                  0 41.87194  12.56738
8     Italy 2020-01-06     9019           15125      21231              2172                 0                  0 41.87194  12.56738
9     Italy 2020-01-07     9204           15436      21668              2216                 0                  0 41.87194  12.56738
10    Italy 2020-01-08     9394           15754      22114              2262                 0                  0 41.87194  12.56738
11    Italy 2020-01-09     9587           16078      22569              2309                 0                  0 41.87194  12.56738
12    Italy 2020-01-10     9784           16409      23034              2356                 0                  0 41.87194  12.56738
13    Italy 2020-01-11     9986           16747      23508              2405                 0                  0 41.87194  12.56738
14    Italy 2020-01-12    10191           17091      23991              2454                 0                  0 41.87194  12.56738
15    Italy 2020-01-13    10401           17443      24485              2505                 0                  0 41.87194  12.56738
16    Italy 2020-01-14    10615           17802      24989              2556                 0                  0 41.87194  12.56738
17    Italy 2020-01-15    10834           18169      25504              2609                 0                  0 41.87194  12.56738
18    Italy 2020-01-16    11057           18543      26029              2663                 0                  0 41.87194  12.56738
19    Italy 2020-01-17    11284           18924      26564              2717                 0                  0 41.87194  12.56738
20    Italy 2020-01-18    11516           19314      27112              2773                 0                  0 41.87194  12.56738
21    Italy 2020-01-19    11753           19711      27669              2830                 0                  0 41.87194  12.56738
22    Italy 2020-01-20    11995           20117      28239              2889                 0                  0 41.87194  12.56738
23    Italy 2020-01-21    12242           20531      28820              2948                 0                  0 41.87194  12.56738
24    Italy 2020-01-22    12494           20954      29414              3009                 0                  0 41.87194  12.56738
25    Italy 2020-01-23    12751           21385      30019              3071                 0                  0 41.87194  12.56738
26    Italy 2020-01-24    13014           21825      30636              3134                 0                  0 41.87194  12.56738
27    Italy 2020-01-25    13282           22275      31268              3198                 0                  0 41.87194  12.56738
28    Italy 2020-01-26    13555           22733      31911              3264                 0                  0 41.87194  12.56738
29    Italy 2020-01-27    13834           23201      32568              3331                 0                  0 41.87194  12.56738
30    Italy 2020-01-28    14119           23679      33239              3400                 0                  0 41.87194  12.56738
31    Italy 2020-01-29    14409           24166      33923              3470                 0                  0 41.87194  12.56738
32    Italy 2020-01-30    14706           24663      34620              3541                 3                  0 41.87194  12.56738
33    Italy 2020-01-31    15009           25171      35333              3614                 3                  0 41.87194  12.56738
34    Italy 2020-02-01    15318           25689      36060              3689                 3                  0 41.87194  12.56738
35    Italy 2020-02-02    15633           26218      36803              3765                 3                  0 41.87194  12.56738
36    Italy 2020-02-03    15955           26758      37561              3842                 3                  0 41.87194  12.56738
37    Italy 2020-02-04    16283           27308      38333              3921                 3                  0 41.87194  12.56738
38    Italy 2020-02-05    16618           27870      39122              4002                 3                  0 41.87194  12.56738
39    Italy 2020-02-06    16960           28444      39928              4084                 3                  0 41.87194  12.56738
40    Italy 2020-02-07    17310           29030      40750              4168                 3                  0 41.87194  12.56738
41    Italy 2020-02-08    17666           29627      41588              4254                 3                  0 41.87194  12.56738
42    Italy 2020-02-09    18029           30237      42445              4342                 3                  0 41.87194  12.56738
43    Italy 2020-02-10    18400           30859      43318              4431                 3                  0 41.87194  12.56738
44    Italy 2020-02-11    18779           31495      44211              4522                 3                  0 41.87194  12.56738
45    Italy 2020-02-12    19166           32143      45120              4615                 3                  0 41.87194  12.56738
46    Italy 2020-02-13    19560           32804      46048              4710                 3                  0 41.87194  12.56738
47    Italy 2020-02-14    19963           33480      46997              4807                 3                  0 41.87194  12.56738
48    Italy 2020-02-15    20374           34169      47964              4906                 3                  0 41.87194  12.56738
49    Italy 2020-02-16    20793           34872      48951              5007                 3                  0 41.87194  12.56738
50    Italy 2020-02-17    21221           35590      49959              5110                 3                  0 41.87194  12.56738
51    Italy 2020-02-18    21658           36322      50986              5215                 3                  0 41.87194  12.56738
52    Italy 2020-02-19    22104           37070      52036              5323                 3                  0 41.87194  12.56738
53    Italy 2020-02-20    22559           37833      53107              5432                 3                  0 41.87194  12.56738
54    Italy 2020-02-21    23023           38612      54201              5544                17                  2 41.87194  12.56738
55    Italy 2020-02-22    23497           39407      55317              5658                79                  2 41.87194  12.56738
56    Italy 2020-02-23    23981           40218      56455              5775               132                  6 41.87194  12.56738
57    Italy 2020-02-24    24474           41046      57618              5894               229                 11 41.87194  12.56738
58    Italy 2020-02-25    24978           41891      58804              6015               322                 12 41.87194  12.56738
59    Italy 2020-02-26    25492           42753      60014              6139               400                 17 41.87194  12.56738
60    Italy 2020-02-27    26017           43633      61249              6265               650                 21 41.87194  12.56738
61    Italy 2020-02-28    26552           44531      62510              6394               888                 29 41.87194  12.56738
62    Italy 2020-02-29    27099           45448      63797              6526              1128                 35 41.87194  12.56738
63    Italy 2020-03-01    27657           46383      65109              6660              1689                 52 41.87194  12.56738
64    Italy 2020-03-02    28226           47338      66450              6797              2036                 80 41.87194  12.56738
65    Italy 2020-03-03    28807           48312      67817              6937              2502                107 41.87194  12.56738
66    Italy 2020-03-04    29400           49307      69214              7080              3089                148 41.87194  12.56738
67    Italy 2020-03-05    30005           50322      70639              7226              3858                197 41.87194  12.56738
68    Italy 2020-03-06    30623           51357      72091              7374              4636                233 41.87194  12.56738
69    Italy 2020-03-07    31253           52414      73575              7526              5883                366 41.87194  12.56738
70    Italy 2020-03-08    31896           53493      75090              7681              7375                464 41.87194  12.56738
71    Italy 2020-03-09    32553           54594      76635              7839              9172                631 41.87194  12.56738
72    Italy 2020-03-10    33223           55718      78213              8000             10149                827 41.87194  12.56738
73    Italy 2020-03-11    33907           56865      79823              8165             12462               1016 41.87194  12.56738
74    Italy 2020-03-12    34605           58036      81467              8333             15113               1268 41.87194  12.56738
75    Italy 2020-03-13    35317           59230      83143              8505             17660               1441 41.87194  12.56738
76    Italy 2020-03-14    36044           60449      84854              8680             21157               1811 41.87194  12.56738
77    Italy 2020-03-15    36786           61694      86602              8859             23980               2158 41.87194  12.56738
78    Italy 2020-03-16    37543           62963      88383              9041             27980               2505 41.87194  12.56738
79    Italy 2020-03-17    38316           64259      90202              9227             31506               2978 41.87194  12.56738
80    Italy 2020-03-18    39105           65582      92059              9417             35713               3407 41.87194  12.56738
81    Italy 2020-03-19    39909           66932      93955              9611             41035               4032 41.87194  12.56738
82    Italy 2020-03-20    40731           68310      95889              9809             47021               4827 41.87194  12.56738
83    Italy 2020-03-21    41569           69716      97863             10010             53578               5476 41.87194  12.56738
84    Italy 2020-03-22    42425           71151      99877             10216             59138               6077 41.87194  12.56738
85    Italy 2020-03-23    43298           72615     101932             10427             63927               6820 41.87194  12.56738
86    Italy 2020-03-24    44189           74110     104031             10641             69176               7505 41.87194  12.56738
87    Italy 2020-03-25    45099           75636     106173             10860             74386               8165 41.87194  12.56738
88    Italy 2020-03-26    46027           77192     108357             11084             80539               9136 41.87194  12.56738
89    Italy 2020-03-27    46975           78781     110587             11312             86498              10023 41.87194  12.56738
90    Italy 2020-03-28    47942           80403     112864             11545             92472              10781 41.87194  12.56738
91    Italy 2020-03-29    48929           82058     115187             11783             97689              11591 41.87194  12.56738
92    Italy 2020-03-30    49936           83747     117558             12025            101739              12430 41.87194  12.56738
93    Italy 2020-03-31    50964           85471     119978             12273            105792              13157 41.87194  12.56738
94    Italy 2020-04-01    52013           87230     122447             12525            110574              13917 41.87194  12.56738
95    Italy 2020-04-02    53083           89026     124969             12783            115242              14681 41.87194  12.56738
96    Italy 2020-04-03    54176           90858     127540             13046            119827              15362 41.87194  12.56738
97    Italy 2020-04-04    55291           92728     130165             13315            124632              15889 41.87194  12.56738
98    Italy 2020-04-05    56429           94637     132845             13589            128948              16525 41.87194  12.56738
99    Italy 2020-04-06    57591           96585     135579             13868            132547              17129 41.87194  12.56738
100   Italy 2020-04-07    58776           98573     138370             14154            135586              17669 41.87194  12.56738
101   Italy 2020-04-08    59986          100602     141218             14445            139422              18281 41.87194  12.56738
102   Italy 2020-04-09    61221          102673     144125             14743            143626              18851 41.87194  12.56738
103   Italy 2020-04-10    62481          104786     147091             15046            147577              19470 41.87194  12.56738
104   Italy 2020-04-11    63767          106943     150119             15356            152271              19901 41.87194  12.56738
105   Italy 2020-04-12    65079          109144     153209             15672            156363              20465 41.87194  12.56738
106   Italy 2020-04-13    66419          111391     156363             15994            159516              21069 41.87194  12.56738
107   Italy 2020-04-14    67786          113684     159582             16324            162488              21647 41.87194  12.56738
108   Italy 2020-04-15    69181          116024     162867             16660            165155              22172 41.87194  12.56738
109   Italy 2020-04-16    70605          118412     166219             17003            168941              22747 41.87194  12.56738
110   Italy 2020-04-17    72059          120850     169641             17353            172434              23227 41.87194  12.56738
111   Italy 2020-04-18    73542          123337     173132             17710            175925              23660 41.87194  12.56738
112   Italy 2020-04-19    75056          125876     176696             18074            178972              24114 41.87194  12.56738
113   Italy 2020-04-20    76601          128467     180333             18446            181228              24648 41.87194  12.56738
114   Italy 2020-04-21    78177          131111     184045             18826            183957              25085 41.87194  12.56738
115   Italy 2020-04-22    79787          133810     187833             19214            187327              25549 41.87194  12.56738
116   Italy 2020-04-23    81429          136564     191699             19609            189973              25969 41.87194  12.56738
117   Italy 2020-04-24    83105          139375     195645             20013            192994              26384 41.87194  12.56738
118   Italy 2020-04-25    84816          142244     199672             20425            195351              26644 41.87194  12.56738
119   Italy 2020-04-26    86562          145172     203782             20845            197675              26977 41.87194  12.56738
120   Italy 2020-04-27    88343          148160     207977             21274            199414              27359 41.87194  12.56738
121   Italy 2020-04-28    90162          151210     212258             21712            201505              27682 41.87194  12.56738
122   Italy 2020-04-29    92017          154322     216627             22159            203591              27967 41.87194  12.56738
123   Italy 2020-04-30    93912          157499     221086             22615            205463              28236 41.87194  12.56738
124   Italy 2020-05-01    95845          160741     225637             23081            207428              28710 41.87194  12.56738
125   Italy 2020-05-02    97817          164049     230281             23556            209328              28884 41.87194  12.56738
126   Italy 2020-05-03    99831          167426     235021             24040            210717              29079 41.87194  12.56738
127   Italy 2020-05-04   101886          170872     239858             24535            211938              29315 41.87194  12.56738
128   Italy 2020-05-05   103983          174390     244797             25040            213013              29684 41.87194  12.56738
129   Italy 2020-05-06   106123          177979     249835             25556            214457              29958 41.87194  12.56738
130   Italy 2020-05-07   108308          181643     254978             26082            215858              30201 41.87194  12.56738
131   Italy 2020-05-08   110537          185381     260225             26619            217185              30395 41.87194  12.56738
132   Italy 2020-05-09   112812          189197     265582             27166            218268              30560 41.87194  12.56738
133   Italy 2020-05-10   115135          193092     271049             27726            219070              30739 41.87194  12.56738
134   Italy 2020-05-11   117504          197066     276628             28296            219814              30911 41.87194  12.56738
135   Italy 2020-05-12   119923          201123     282323             28879            221216              31106 41.87194  12.56738
136   Italy 2020-05-13   122391          205262     288133             29473            222104              31368 41.87194  12.56738
137   Italy 2020-05-14   124911          209487     294063             30080            223096              31610 41.87194  12.56738
138   Italy 2020-05-15   127482          213799     300116             30699            223885              31763 41.87194  12.56738
139   Italy 2020-05-16   130106          218200     306294             31331            224760              31908 41.87194  12.56738
140   Italy 2020-05-17   132784          222692     312600             31976            225435              32007 41.87194  12.56738
141   Italy 2020-05-18   135517          227275     319033             32634            225886              32169 41.87194  12.56738
142   Italy 2020-05-19   138307          231954     325601             33306            226699              32330 41.87194  12.56738
143   Italy 2020-05-20   141154          236728     332302             33991            227364              32486 41.87194  12.56738
144   Italy 2020-05-21   144059          241601     339143             34691            228006              32616 41.87194  12.56738
145   Italy 2020-05-22   147024          246574     346124             35405            228658              32735 41.87194  12.56738
146   Italy 2020-05-23   150050          251649     353248             36134            229327              32785 41.87194  12.56738
147   Italy 2020-05-24   153139          256829     360519             36878            229858              32877 41.87194  12.56738
148   Italy 2020-05-25   156292          262116     367940             37637            230158              32955 41.87194  12.56738
149   Italy 2020-05-26   159508          267511     375514             38411            230555              33072 41.87194  12.56738
150   Italy 2020-05-27   162792          273017     383242             39202            231139              33142 41.87194  12.56738
151   Italy 2020-05-28   166143          278637     391131             40009            231732              33229 41.87194  12.56738
152   Italy 2020-05-29   169562          284372     399182             40832            232248              33340 41.87194  12.56738
153   Italy 2020-05-30   173053          290226     407399             41673            232664              33415 41.87194  12.56738
154   Italy 2020-05-31   176615          296200     415785             42531            233019              33475 41.87194  12.56738
155   Italy 2020-06-01   180250          302297     424344             43406            233197              33530 41.87194  12.56738
156   Italy 2020-06-02   183960          308519     433078             44300            233515              33530 41.87194  12.56738
157   Italy 2020-06-03   187747          314870     441993             45212                NA                 NA 41.87194  12.56738
158   Italy 2020-06-04   191612          321351     451090             46142                NA                 NA 41.87194  12.56738
159   Italy 2020-06-05   195555          327965     460375             47092                NA                 NA 41.87194  12.56738
160   Italy 2020-06-06   199581          334716     469851             48061                NA                 NA 41.87194  12.56738
161   Italy 2020-06-07   203689          341606     479523             49051                NA                 NA 41.87194  12.56738
162   Italy 2020-06-08   207881          348637     489393             50060                NA                 NA 41.87194  12.56738
163   Italy 2020-06-09   212161          355814     499467             51091                NA                 NA 41.87194  12.56738

Fontes:
	OMS - https://ourworldindata.org/coronavirus-source-data
	Worldometers - https://www.worldometers.info/coronavirus