
 Italy 
Projecao:  7  dias
Gerado em:  2020-04-03 23:51:22
RMSE(%):  31.2 , BIAS(%): 8

Taxa de Mortalidade 12.25 %

    country       dias otimista casos_estimados pessimista estimativa_mortes casos_confirmados mortes_confirmadas latitude longitude
84    Italy 2020-03-22    33930           49333      64736              6044             59138               6077 41.87194  12.56738
85    Italy 2020-03-23    36963           53742      70521              6584             63927               6820 41.87194  12.56738
86    Italy 2020-03-24    40265           58544      76823              7173             69176               7505 41.87194  12.56738
87    Italy 2020-03-25    43863           63775      83687              7814             74386               8165 41.87194  12.56738
88    Italy 2020-03-26    47782           69473      91164              8512             80539               9136 41.87194  12.56738
89    Italy 2020-03-27    52052           75681      99310              9272             86498              10023 41.87194  12.56738
90    Italy 2020-03-28    56703           82444     108185             10101             92472              10781 41.87194  12.56738
91    Italy 2020-03-29    61770           89811     117852             11003             97689              11591 41.87194  12.56738
92    Italy 2020-03-30    67290           97836     128382             11987            101739              12430 41.87194  12.56738
93    Italy 2020-03-31    73302          106578     139854             13058            105792              13157 41.87194  12.56738
94    Italy 2020-04-01    79852          116101     152350             14224            110574              13917 41.87194  12.56738
95    Italy 2020-04-02    86987          126475     165963             15496            115242              14681 41.87194  12.56738
96    Italy 2020-04-03    94760          137777     180794             16880            119827              14681 41.87194  12.56738
97    Italy 2020-04-04   103227          150088     196949             18389                NA                 NA 41.87194  12.56738
98    Italy 2020-04-05   112451          163499     214547             20032                NA                 NA 41.87194  12.56738
99    Italy 2020-04-06   122499          178108     233717             21821                NA                 NA 41.87194  12.56738
100   Italy 2020-04-07   133445          194023     254601             23771                NA                 NA 41.87194  12.56738
101   Italy 2020-04-08   145369          211360     277351             25895                NA                 NA 41.87194  12.56738
102   Italy 2020-04-09   158358          230246     302134             28209                NA                 NA 41.87194  12.56738
103   Italy 2020-04-10   172509          250820     329131             30730                NA                 NA 41.87194  12.56738

Total de casos no mundo:  1098434

Estimados a partir dos dados da OMS:
   day       date      x   xest
1    1 2019-12-30      0     41
2    2 2019-12-31      0     44
3    3 2020-01-01      0     48
4    4 2020-01-02      0     52
5    5 2020-01-03      0     57
6    6 2020-01-04      0     62
7    7 2020-01-05      0     68
8    8 2020-01-06      0     74
9    9 2020-01-07      0     80
10  10 2020-01-08      0     88
11  11 2020-01-09      0     95
12  12 2020-01-10      0    104
13  13 2020-01-11      0    113
14  14 2020-01-12      0    123
15  15 2020-01-13      0    134
16  16 2020-01-14      0    146
17  17 2020-01-15      0    160
18  18 2020-01-16      0    174
19  19 2020-01-17      0    189
20  20 2020-01-18      0    206
21  21 2020-01-19      0    225
22  22 2020-01-20      0    245
23  23 2020-01-21      0    267
24  24 2020-01-22      0    290
25  25 2020-01-23      0    316
26  26 2020-01-24      0    345
27  27 2020-01-25      0    375
28  28 2020-01-26      0    409
29  29 2020-01-27      0    445
30  30 2020-01-28      0    485
31  31 2020-01-29      0    529
32  32 2020-01-30      3    576
33  33 2020-01-31      3    627
34  34 2020-02-01      3    683
35  35 2020-02-02      3    744
36  36 2020-02-03      3    811
37  37 2020-02-04      3    883
38  38 2020-02-05      3    962
39  39 2020-02-06      3   1048
40  40 2020-02-07      3   1142
41  41 2020-02-08      3   1244
42  42 2020-02-09      3   1355
43  43 2020-02-10      3   1476
44  44 2020-02-11      3   1608
45  45 2020-02-12      3   1752
46  46 2020-02-13      3   1909
47  47 2020-02-14      3   2079
48  48 2020-02-15      3   2265
49  49 2020-02-16      3   2467
50  50 2020-02-17      3   2688
51  51 2020-02-18      3   2928
52  52 2020-02-19      3   3189
53  53 2020-02-20      3   3474
54  54 2020-02-21     17   3785
55  55 2020-02-22     79   4123
56  56 2020-02-23    132   4492
57  57 2020-02-24    229   4893
58  58 2020-02-25    322   5330
59  59 2020-02-26    400   5806
60  60 2020-02-27    650   6325
61  61 2020-02-28    888   6890
62  62 2020-02-29   1128   7506
63  63 2020-03-01   1689   8177
64  64 2020-03-02   1835   8907
65  65 2020-03-03   2502   9703
66  66 2020-03-04   3089  10570
67  67 2020-03-05   3858  11515
68  68 2020-03-06   4636  12544
69  69 2020-03-07   5883  13665
70  70 2020-03-08   7375  14886
71  71 2020-03-09   9172  16216
72  72 2020-03-10  10149  17665
73  73 2020-03-11  12462  19243
74  74 2020-03-12  15113  20963
75  75 2020-03-13  17660  22836
76  76 2020-03-14  17750  24876
77  77 2020-03-15  23980  27099
78  78 2020-03-16  27980  29520
79  79 2020-03-17  31506  32158
80  80 2020-03-18  35713  35032
81  81 2020-03-19  41035  38162
82  82 2020-03-20  47021  41572
83  83 2020-03-21  53578  45287
84  84 2020-03-22  59138  49333
85  85 2020-03-23  63927  53742
86  86 2020-03-24  69176  58544
87  87 2020-03-25  74386  63775
88  88 2020-03-26  80539  69473
89  89 2020-03-27  86498  75681
90  90 2020-03-28  92472  82444
91  91 2020-03-29  97689  89811
92  92 2020-03-30 101739  97836
93  93 2020-03-31 105792 106578
94  94 2020-04-01 110574 116101
95  95 2020-04-02 115242 126475
96  96 2020-04-03 119827 137777


Todos os dados gerados
    country       dias otimista casos_estimados pessimista estimativa_mortes casos_confirmados mortes_confirmadas latitude longitude
1     Italy 2019-12-30       28              41         54                 5                 0                  0 41.87194  12.56738
2     Italy 2019-12-31       30              44         58                 5                 0                  0 41.87194  12.56738
3     Italy 2020-01-01       33              48         63                 6                 0                  0 41.87194  12.56738
4     Italy 2020-01-02       36              52         68                 6                 0                  0 41.87194  12.56738
5     Italy 2020-01-03       39              57         75                 7                 0                  0 41.87194  12.56738
6     Italy 2020-01-04       43              62         81                 8                 0                  0 41.87194  12.56738
7     Italy 2020-01-05       47              68         89                 8                 0                  0 41.87194  12.56738
8     Italy 2020-01-06       51              74         97                 9                 0                  0 41.87194  12.56738
9     Italy 2020-01-07       55              80        105                10                 0                  0 41.87194  12.56738
10    Italy 2020-01-08       61              88        115                11                 0                  0 41.87194  12.56738
11    Italy 2020-01-09       65              95        125                12                 0                  0 41.87194  12.56738
12    Italy 2020-01-10       72             104        136                13                 0                  0 41.87194  12.56738
13    Italy 2020-01-11       78             113        148                14                 0                  0 41.87194  12.56738
14    Italy 2020-01-12       85             123        161                15                 0                  0 41.87194  12.56738
15    Italy 2020-01-13       92             134        176                16                 0                  0 41.87194  12.56738
16    Italy 2020-01-14      100             146        192                18                 0                  0 41.87194  12.56738
17    Italy 2020-01-15      110             160        210                20                 0                  0 41.87194  12.56738
18    Italy 2020-01-16      120             174        228                21                 0                  0 41.87194  12.56738
19    Italy 2020-01-17      130             189        248                23                 0                  0 41.87194  12.56738
20    Italy 2020-01-18      142             206        270                25                 0                  0 41.87194  12.56738
21    Italy 2020-01-19      155             225        295                28                 0                  0 41.87194  12.56738
22    Italy 2020-01-20      169             245        321                30                 0                  0 41.87194  12.56738
23    Italy 2020-01-21      184             267        350                33                 0                  0 41.87194  12.56738
24    Italy 2020-01-22      199             290        381                36                 0                  0 41.87194  12.56738
25    Italy 2020-01-23      217             316        415                39                 0                  0 41.87194  12.56738
26    Italy 2020-01-24      237             345        453                42                 0                  0 41.87194  12.56738
27    Italy 2020-01-25      258             375        492                46                 0                  0 41.87194  12.56738
28    Italy 2020-01-26      281             409        537                50                 0                  0 41.87194  12.56738
29    Italy 2020-01-27      306             445        584                55                 0                  0 41.87194  12.56738
30    Italy 2020-01-28      334             485        636                59                 0                  0 41.87194  12.56738
31    Italy 2020-01-29      364             529        694                65                 0                  0 41.87194  12.56738
32    Italy 2020-01-30      396             576        756                71                 3                  0 41.87194  12.56738
33    Italy 2020-01-31      431             627        823                77                 3                  0 41.87194  12.56738
34    Italy 2020-02-01      470             683        896                84                 3                  0 41.87194  12.56738
35    Italy 2020-02-02      512             744        976                91                 3                  0 41.87194  12.56738
36    Italy 2020-02-03      558             811       1064                99                 3                  0 41.87194  12.56738
37    Italy 2020-02-04      607             883       1159               108                 3                  0 41.87194  12.56738
38    Italy 2020-02-05      662             962       1262               118                 3                  0 41.87194  12.56738
39    Italy 2020-02-06      721            1048       1375               128                 3                  0 41.87194  12.56738
40    Italy 2020-02-07      785            1142       1499               140                 3                  0 41.87194  12.56738
41    Italy 2020-02-08      856            1244       1632               152                 3                  0 41.87194  12.56738
42    Italy 2020-02-09      932            1355       1778               166                 3                  0 41.87194  12.56738
43    Italy 2020-02-10     1015            1476       1937               181                 3                  0 41.87194  12.56738
44    Italy 2020-02-11     1106            1608       2110               197                 3                  0 41.87194  12.56738
45    Italy 2020-02-12     1205            1752       2299               215                 3                  0 41.87194  12.56738
46    Italy 2020-02-13     1313            1909       2505               234                 3                  0 41.87194  12.56738
47    Italy 2020-02-14     1430            2079       2728               255                 3                  0 41.87194  12.56738
48    Italy 2020-02-15     1558            2265       2972               278                 3                  0 41.87194  12.56738
49    Italy 2020-02-16     1697            2467       3237               302                 3                  0 41.87194  12.56738
50    Italy 2020-02-17     1849            2688       3527               329                 3                  0 41.87194  12.56738
51    Italy 2020-02-18     2014            2928       3842               359                 3                  0 41.87194  12.56738
52    Italy 2020-02-19     2193            3189       4185               391                 3                  0 41.87194  12.56738
53    Italy 2020-02-20     2389            3474       4559               426                 3                  0 41.87194  12.56738
54    Italy 2020-02-21     2603            3785       4967               464                17                  2 41.87194  12.56738
55    Italy 2020-02-22     2836            4123       5410               505                79                  2 41.87194  12.56738
56    Italy 2020-02-23     3090            4492       5894               550               132                  6 41.87194  12.56738
57    Italy 2020-02-24     3365            4893       6421               599               229                 11 41.87194  12.56738
58    Italy 2020-02-25     3666            5330       6994               653               322                 12 41.87194  12.56738
59    Italy 2020-02-26     3993            5806       7619               711               400                 17 41.87194  12.56738
60    Italy 2020-02-27     4350            6325       8300               775               650                 21 41.87194  12.56738
61    Italy 2020-02-28     4739            6890       9041               844               888                 29 41.87194  12.56738
62    Italy 2020-02-29     5162            7506       9850               920              1128                 35 41.87194  12.56738
63    Italy 2020-03-01     5624            8177      10730              1002              1689                 52 41.87194  12.56738
64    Italy 2020-03-02     6126            8907      11688              1091              1835                 80 41.87194  12.56738
65    Italy 2020-03-03     6674            9703      12732              1189              2502                107 41.87194  12.56738
66    Italy 2020-03-04     7270           10570      13870              1295              3089                148 41.87194  12.56738
67    Italy 2020-03-05     7920           11515      15110              1411              3858                197 41.87194  12.56738
68    Italy 2020-03-06     8627           12544      16461              1537              4636                233 41.87194  12.56738
69    Italy 2020-03-07     9398           13665      17932              1674              5883                366 41.87194  12.56738
70    Italy 2020-03-08    10238           14886      19534              1824              7375                464 41.87194  12.56738
71    Italy 2020-03-09    11153           16216      21279              1987              9172                631 41.87194  12.56738
72    Italy 2020-03-10    12150           17665      23180              2164             10149                827 41.87194  12.56738
73    Italy 2020-03-11    13235           19243      25251              2358             12462               1016 41.87194  12.56738
74    Italy 2020-03-12    14418           20963      27508              2568             15113               1268 41.87194  12.56738
75    Italy 2020-03-13    15706           22836      29966              2798             17660               1441 41.87194  12.56738
76    Italy 2020-03-14    17109           24876      32643              3048             17750               1811 41.87194  12.56738
77    Italy 2020-03-15    18638           27099      35560              3320             23980               2158 41.87194  12.56738
78    Italy 2020-03-16    20303           29520      38737              3617             27980               2505 41.87194  12.56738
79    Italy 2020-03-17    22118           32158      42198              3940             31506               2978 41.87194  12.56738
80    Italy 2020-03-18    24094           35032      45970              4292             35713               3407 41.87194  12.56738
81    Italy 2020-03-19    26247           38162      50077              4676             41035               4032 41.87194  12.56738
82    Italy 2020-03-20    28592           41572      54552              5093             47021               4827 41.87194  12.56738
83    Italy 2020-03-21    31147           45287      59427              5548             53578               5476 41.87194  12.56738
84    Italy 2020-03-22    33930           49333      64736              6044             59138               6077 41.87194  12.56738
85    Italy 2020-03-23    36963           53742      70521              6584             63927               6820 41.87194  12.56738
86    Italy 2020-03-24    40265           58544      76823              7173             69176               7505 41.87194  12.56738
87    Italy 2020-03-25    43863           63775      83687              7814             74386               8165 41.87194  12.56738
88    Italy 2020-03-26    47782           69473      91164              8512             80539               9136 41.87194  12.56738
89    Italy 2020-03-27    52052           75681      99310              9272             86498              10023 41.87194  12.56738
90    Italy 2020-03-28    56703           82444     108185             10101             92472              10781 41.87194  12.56738
91    Italy 2020-03-29    61770           89811     117852             11003             97689              11591 41.87194  12.56738
92    Italy 2020-03-30    67290           97836     128382             11987            101739              12430 41.87194  12.56738
93    Italy 2020-03-31    73302          106578     139854             13058            105792              13157 41.87194  12.56738
94    Italy 2020-04-01    79852          116101     152350             14224            110574              13917 41.87194  12.56738
95    Italy 2020-04-02    86987          126475     165963             15496            115242              14681 41.87194  12.56738
96    Italy 2020-04-03    94760          137777     180794             16880            119827              14681 41.87194  12.56738
97    Italy 2020-04-04   103227          150088     196949             18389                NA                 NA 41.87194  12.56738
98    Italy 2020-04-05   112451          163499     214547             20032                NA                 NA 41.87194  12.56738
99    Italy 2020-04-06   122499          178108     233717             21821                NA                 NA 41.87194  12.56738
100   Italy 2020-04-07   133445          194023     254601             23771                NA                 NA 41.87194  12.56738
101   Italy 2020-04-08   145369          211360     277351             25895                NA                 NA 41.87194  12.56738
102   Italy 2020-04-09   158358          230246     302134             28209                NA                 NA 41.87194  12.56738
103   Italy 2020-04-10   172509          250820     329131             30730                NA                 NA 41.87194  12.56738

Fontes:
	OMS - https://ourworldindata.org/coronavirus-source-data
	Worldometers - https://www.worldometers.info/coronavirus