
 Brazil 
Projecao:  10  dias
Gerado em:  2020-09-27 09:41:51
RMSE(%):  26.3 , BIAS(%): 7.82

Taxa de Mortalidade 3 %

    country       dias otimista casos_estimados pessimista estimativa_mortes casos_confirmados mortes_confirmadas latitude longitude
264  Brazil 2020-09-18  3599139         4881466    6163793            146338           4495183             136532        0         0
265  Brazil 2020-09-19  3658291         4961693    6265095            148743           4528240             136895        0         0
266  Brazil 2020-09-20  3718416         5043239    6368062            151188           4544629             137272        0         0
267  Brazil 2020-09-21  3779528         5126125    6472722            153672           4558068             138108        0         0
268  Brazil 2020-09-22  3841645         5210374    6579103            156198           4591604             138977        0         0
269  Brazil 2020-09-23  3904783         5296007    6687231            158765           4624885             139808        0         0
270  Brazil 2020-09-24  3968959         5383047    6797135            161375           4657702             140537        0         0
271  Brazil 2020-09-25  4034189         5471518    6908847            164027           4689613             141406        0         0
272  Brazil 2020-09-26  4100491         5561443    7022395            166723           4717991             141441        0         0
273  Brazil 2020-09-27  4167883         5652846    7137809            169463           4718115             141441        0         0
274  Brazil 2020-09-28  4236383         5745751    7255119            172248                NA                 NA        0         0
275  Brazil 2020-09-29  4306008         5840183    7374358            175079                NA                 NA        0         0
276  Brazil 2020-09-30  4376777         5936166    7495555            177956                NA                 NA        0         0
277  Brazil 2020-10-01  4448710         6033728    7618746            180881                NA                 NA        0         0
278  Brazil 2020-10-02  4521825         6132893    7743961            183854                NA                 NA        0         0
279  Brazil 2020-10-03  4596141         6233687    7871233            186875                NA                 NA        0         0
280  Brazil 2020-10-04  4671680         6336139    8000598            189947                NA                 NA        0         0
281  Brazil 2020-10-05  4748459         6440274    8132089            193068                NA                 NA        0         0
282  Brazil 2020-10-06  4826500         6546120    8265740            196241                NA                 NA        0         0
283  Brazil 2020-10-07  4905824         6653706    8401588            199467                NA                 NA        0         0

Total de casos no mundo:  33104260 8699915 10207988 7879623 4824917 1460053 31043 721 33104260

Estimados a partir dos dados da OMS:
    day       date       x    xest
1     1 2019-12-30       0   67081
2     2 2019-12-31       0   68184
3     3 2020-01-01       0   69305
4     4 2020-01-02       0   70444
5     5 2020-01-03       0   71601
6     6 2020-01-04       0   72778
7     7 2020-01-05       0   73974
8     8 2020-01-06       0   75190
9     9 2020-01-07       0   76426
10   10 2020-01-08       0   77682
11   11 2020-01-09       0   78959
12   12 2020-01-10       0   80256
13   13 2020-01-11       0   81575
14   14 2020-01-12       0   82916
15   15 2020-01-13       0   84279
16   16 2020-01-14       0   85664
17   17 2020-01-15       0   87072
18   18 2020-01-16       0   88503
19   19 2020-01-17       0   89957
20   20 2020-01-18       0   91436
21   21 2020-01-19       0   92938
22   22 2020-01-20       0   94466
23   23 2020-01-21       0   96018
24   24 2020-01-22       0   97597
25   25 2020-01-23       0   99201
26   26 2020-01-24       0  100831
27   27 2020-01-25       0  102488
28   28 2020-01-26       0  104172
29   29 2020-01-27       0  105885
30   30 2020-01-28       0  107625
31   31 2020-01-29       0  109394
32   32 2020-01-30       0  111191
33   33 2020-01-31       0  113019
34   34 2020-02-01       0  114876
35   35 2020-02-02       0  116764
36   36 2020-02-03       0  118683
37   37 2020-02-04       0  120634
38   38 2020-02-05       0  122617
39   39 2020-02-06       0  124632
40   40 2020-02-07       0  126680
41   41 2020-02-08       0  128762
42   42 2020-02-09       0  130878
43   43 2020-02-10       0  133029
44   44 2020-02-11       0  135216
45   45 2020-02-12       0  137438
46   46 2020-02-13       0  139697
47   47 2020-02-14       0  141993
48   48 2020-02-15       0  144326
49   49 2020-02-16       0  146698
50   50 2020-02-17       0  149109
51   51 2020-02-18       0  151560
52   52 2020-02-19       0  154051
53   53 2020-02-20       0  156583
54   54 2020-02-21       0  159156
55   55 2020-02-22       0  161772
56   56 2020-02-23       0  164431
57   57 2020-02-24       0  167133
58   58 2020-02-25       1  169880
59   59 2020-02-26       1  172672
60   60 2020-02-27       1  175510
61   61 2020-02-28       1  178394
62   62 2020-02-29       2  181326
63   63 2020-03-01       2  184307
64   64 2020-03-02       2  187336
65   65 2020-03-03       2  190414
66   66 2020-03-04       3  193544
67   67 2020-03-05       8  196725
68   68 2020-03-06      13  199958
69   69 2020-03-07      13  203244
70   70 2020-03-08      25  206585
71   71 2020-03-09      25  209980
72   72 2020-03-10      34  213431
73   73 2020-03-11      52  216939
74   74 2020-03-12      77  220504
75   75 2020-03-13      98  224128
76   76 2020-03-14     121  227812
77   77 2020-03-15     200  231556
78   78 2020-03-16     234  235362
79   79 2020-03-17     291  239230
80   80 2020-03-18     428  243161
81   81 2020-03-19     621  247158
82   82 2020-03-20     904  251220
83   83 2020-03-21    1128  255349
84   84 2020-03-22    1546  259545
85   85 2020-03-23    1891  263811
86   86 2020-03-24    2201  268147
87   87 2020-03-25    2433  272554
88   88 2020-03-26    2915  277033
89   89 2020-03-27    3417  281586
90   90 2020-03-28    3904  286214
91   91 2020-03-29    4256  290918
92   92 2020-03-30    4579  295699
93   93 2020-03-31    5717  300559
94   94 2020-04-01    6836  305499
95   95 2020-04-02    7910  310520
96   96 2020-04-03    9056  315623
97   97 2020-04-04   10278  320811
98   98 2020-04-05   11130  326083
99   99 2020-04-06   12056  331442
100 100 2020-04-07   13717  336890
101 101 2020-04-08   15927  342427
102 102 2020-04-09   17857  348054
103 103 2020-04-10   19638  353775
104 104 2020-04-11   20727  359589
105 105 2020-04-12   22169  365499
106 106 2020-04-13   23430  371506
107 107 2020-04-14   25262  377612
108 108 2020-04-15   28320  383818
109 109 2020-04-16   30425  390126
110 110 2020-04-17   33682  396537
111 111 2020-04-18   36599  403055
112 112 2020-04-19   38654  409679
113 113 2020-04-20   40581  416412
114 114 2020-04-21   43079  423256
115 115 2020-04-22   45757  430212
116 116 2020-04-23   49492  437283
117 117 2020-04-24   52995  444469
118 118 2020-04-25   58509  451774
119 119 2020-04-26   61888  459199
120 120 2020-04-27   66501  466746
121 121 2020-04-28   71886  474417
122 122 2020-04-29   78162  482214
123 123 2020-04-30   85380  490139
124 124 2020-05-01   91589  498195
125 125 2020-05-02   96559  506383
126 126 2020-05-03  101147  514705
127 127 2020-05-04  107780  523165
128 128 2020-05-05  114715  531763
129 129 2020-05-06  125218  540502
130 130 2020-05-07  135106  549386
131 131 2020-05-08  145328  558415
132 132 2020-05-09  155939  567592
133 133 2020-05-10  162699  576921
134 134 2020-05-11  168331  586403
135 135 2020-05-12  177589  596040
136 136 2020-05-13  188974  605836
137 137 2020-05-14  202918  615793
138 138 2020-05-15  218223  625914
139 139 2020-05-16  233142  636201
140 140 2020-05-17  241080  646657
141 141 2020-05-18  254220  657284
142 142 2020-05-19  271628  668087
143 143 2020-05-20  291579  679067
144 144 2020-05-21  310087  690228
145 145 2020-05-22  330890  701572
146 146 2020-05-23  347398  713102
147 147 2020-05-24  363211  724822
148 148 2020-05-25  374898  736734
149 149 2020-05-26  391222  748843
150 150 2020-05-27  411821  761150
151 151 2020-05-28  438238  773660
152 152 2020-05-29  465166  786375
153 153 2020-05-30  498440  799299
154 154 2020-05-31  514849  812435
155 155 2020-06-01  526447  825788
156 156 2020-06-02  555383  839360
157 157 2020-06-03  584016  853155
158 158 2020-06-04  614932  867176
159 159 2020-06-05  645762  881428
160 160 2020-06-06  672837  895915
161 161 2020-06-07  691758  910639
162 162 2020-06-08  707412  925606
163 163 2020-06-09  739503  940818
164 164 2020-06-10  772416  956281
165 165 2020-06-11  802828  971997
166 166 2020-06-12  828810  987972
167 167 2020-06-13  850514 1004209
168 168 2020-06-14  867624 1020714
169 169 2020-06-15  888271 1037489
170 170 2020-06-16  923189 1054540
171 171 2020-06-17  955377 1071872
172 172 2020-06-18  978142 1089488
173 173 2020-06-19 1032913 1107394
174 174 2020-06-20 1067579 1125594
175 175 2020-06-21 1085038 1144093
176 176 2020-06-22 1106470 1162897
177 177 2020-06-23 1145906 1182009
178 178 2020-06-24 1188631 1201435
179 179 2020-06-25 1228114 1221181
180 180 2020-06-26 1274974 1241251
181 181 2020-06-27 1313667 1261651
182 182 2020-06-28 1344143 1282387
183 183 2020-06-29 1368195 1303463
184 184 2020-06-30 1402041 1324885
185 185 2020-07-01 1448753 1346660
186 186 2020-07-02 1496858 1368792
187 187 2020-07-03 1539081 1391289
188 188 2020-07-04 1577004 1414155
189 189 2020-07-05 1603055 1437396
190 190 2020-07-06 1623284 1461020
191 191 2020-07-07 1668589 1485032
192 192 2020-07-08 1713160 1509439
193 193 2020-07-09 1755779 1534247
194 194 2020-07-10 1800827 1559462
195 195 2020-07-11 1839850 1585092
196 196 2020-07-12 1864681 1611143
197 197 2020-07-13 1884967 1637622
198 198 2020-07-14 1926824 1664537
199 199 2020-07-15 1966748 1691894
200 200 2020-07-16 2012151 1719700
201 201 2020-07-17 2046328 1747963
202 202 2020-07-18 2074860 1776691
203 203 2020-07-19 2098389 1805891
204 204 2020-07-20 2118646 1835571
205 205 2020-07-21 2159654 1865739
206 206 2020-07-22 2227514 1896403
207 207 2020-07-23 2287475 1927570
208 208 2020-07-24 2343366 1959250
209 209 2020-07-25 2394513 1991451
210 210 2020-07-26 2419091 2024180
211 211 2020-07-27 2442375 2057448
212 212 2020-07-28 2483191 2091262
213 213 2020-07-29 2552265 2125632
214 214 2020-07-30 2610102 2160567
215 215 2020-07-31 2662485 2196076
216 216 2020-08-01 2707877 2232169
217 217 2020-08-02 2733677 2268855
218 218 2020-08-03 2750318 2306144
219 219 2020-08-04 2801921 2344046
220 220 2020-08-05 2859073 2382570
221 221 2020-08-06 2912212 2421728
222 222 2020-08-07 2962442 2461529
223 223 2020-08-08 3012412 2501985
224 224 2020-08-09 3035422 2543105
225 225 2020-08-10 3057470 2584901
226 226 2020-08-11 3109630 2627384
227 227 2020-08-12 3164785 2670566
228 228 2020-08-13 3224876 2714457
229 229 2020-08-14 3275520 2759069
230 230 2020-08-15 3317096 2804414
231 231 2020-08-16 3340197 2850505
232 232 2020-08-17 3359570 2897354
233 233 2020-08-18 3407354 2944972
234 234 2020-08-19 3456652 2993373
235 235 2020-08-20 3501975 3042569
236 236 2020-08-21 3532330 3092574
237 237 2020-08-22 3582362 3143401
238 238 2020-08-23 3605783 3195063
239 239 2020-08-24 3622861 3247574
240 240 2020-08-25 3669995 3300948
241 241 2020-08-26 3717156 3355199
242 242 2020-08-27 3761391 3410342
243 243 2020-08-28 3804803 3466392
244 244 2020-08-29 3846153 3523362
245 245 2020-08-30 3862311 3581269
246 246 2020-08-31 3908272 3640127
247 247 2020-09-01 3950931 3699953
248 248 2020-09-02 3997865 3760762
249 249 2020-09-03 4041638 3822571
250 250 2020-09-04 4092832 3885395
251 251 2020-09-05 4123000 3949252
252 252 2020-09-06 4137521 4014158
253 253 2020-09-07 4147794 4080131
254 254 2020-09-08 4162073 4147189
255 255 2020-09-09 4197889 4215348
256 256 2020-09-10 4238446 4284628
257 257 2020-09-11 4282164 4355046
258 258 2020-09-12 4315687 4426621
259 259 2020-09-13 4330455 4499373
260 260 2020-09-14 4345610 4573321
261 261 2020-09-15 4382263 4648484
262 262 2020-09-16 4419083 4724882
263 263 2020-09-17 4455386 4802536
264 264 2020-09-18 4495183 4881466
265 265 2020-09-19 4528240 4961693
266 266 2020-09-20 4544629 5043239
267 267 2020-09-21 4558068 5126125
268 268 2020-09-22 4591604 5210374
269 269 2020-09-23 4624885 5296007
270 270 2020-09-24 4657702 5383047
271 271 2020-09-25 4689613 5471518
272 272 2020-09-26 4717991 5561443
273 273 2020-09-27 4718115 5652846

Intervalo de Confianca
          2.5%      97.5%
b  57367.98285 75533.2531
y0    59.27301    63.4936


Formula: x ~ SSexp(day, b, y0)

Parameters:
     Estimate Std. Error t value     Pr(>|t|)    
b  979402.372  64502.081   15.18 0.0000003506 ***
y0    173.285      7.362   23.54 0.0000000113 ***
---
Signif. codes:  0 ‘***’ 0.001 ‘**’ 0.01 ‘*’ 0.05 ‘.’ 0.1 ‘ ’ 1

Residual standard error: 10270 on 8 degrees of freedom

Number of iterations to convergence: 40 
Achieved convergence tolerance: 0.0000000149

Considerando os casos dos últimos 10 dias, temos:
Número de dias para dobrar:  173.3
Razao de crescimento:  979402.4

Todos os dados gerados
    country       dias otimista casos_estimados pessimista estimativa_mortes casos_confirmados mortes_confirmadas latitude longitude
1    Brazil 2019-12-30    49459           67081      84703              2011                 0                  0        0         0
2    Brazil 2019-12-31    50273           68184      86095              2044                 0                  0        0         0
3    Brazil 2020-01-01    51099           69305      87511              2078                 0                  0        0         0
4    Brazil 2020-01-02    51939           70444      88949              2112                 0                  0        0         0
5    Brazil 2020-01-03    52792           71601      90410              2146                 0                  0        0         0
6    Brazil 2020-01-04    53660           72778      91896              2182                 0                  0        0         0
7    Brazil 2020-01-05    54542           73974      93406              2218                 0                  0        0         0
8    Brazil 2020-01-06    55438           75190      94942              2254                 0                  0        0         0
9    Brazil 2020-01-07    56349           76426      96503              2291                 0                  0        0         0
10   Brazil 2020-01-08    57275           77682      98089              2329                 0                  0        0         0
11   Brazil 2020-01-09    58217           78959      99701              2367                 0                  0        0         0
12   Brazil 2020-01-10    59173           80256     101339              2406                 0                  0        0         0
13   Brazil 2020-01-11    60146           81575     103004              2445                 0                  0        0         0
14   Brazil 2020-01-12    61135           82916     104697              2486                 0                  0        0         0
15   Brazil 2020-01-13    62140           84279     106418              2527                 0                  0        0         0
16   Brazil 2020-01-14    63161           85664     108167              2568                 0                  0        0         0
17   Brazil 2020-01-15    64199           87072     109945              2610                 0                  0        0         0
18   Brazil 2020-01-16    65254           88503     111752              2653                 0                  0        0         0
19   Brazil 2020-01-17    66326           89957     113588              2697                 0                  0        0         0
20   Brazil 2020-01-18    67416           91436     115456              2741                 0                  0        0         0
21   Brazil 2020-01-19    68524           92938     117352              2786                 0                  0        0         0
22   Brazil 2020-01-20    69650           94466     119282              2832                 0                  0        0         0
23   Brazil 2020-01-21    70795           96018     121241              2878                 0                  0        0         0
24   Brazil 2020-01-22    71959           97597     123235              2926                 0                  0        0         0
25   Brazil 2020-01-23    73142           99201     125260              2974                 0                  0        0         0
26   Brazil 2020-01-24    74343          100831     127319              3023                 0                  0        0         0
27   Brazil 2020-01-25    75565          102488     129411              3072                 0                  0        0         0
28   Brazil 2020-01-26    76807          104172     131537              3123                 0                  0        0         0
29   Brazil 2020-01-27    78070          105885     133700              3174                 0                  0        0         0
30   Brazil 2020-01-28    79353          107625     135897              3226                 0                  0        0         0
31   Brazil 2020-01-29    80657          109394     138131              3279                 0                  0        0         0
32   Brazil 2020-01-30    81982          111191     140400              3333                 0                  0        0         0
33   Brazil 2020-01-31    83330          113019     142708              3388                 0                  0        0         0
34   Brazil 2020-02-01    84699          114876     145053              3444                 0                  0        0         0
35   Brazil 2020-02-02    86091          116764     147437              3500                 0                  0        0         0
36   Brazil 2020-02-03    87506          118683     149860              3558                 0                  0        0         0
37   Brazil 2020-02-04    88944          120634     152324              3616                 0                  0        0         0
38   Brazil 2020-02-05    90406          122617     154828              3676                 0                  0        0         0
39   Brazil 2020-02-06    91892          124632     157372              3736                 0                  0        0         0
40   Brazil 2020-02-07    93402          126680     159958              3798                 0                  0        0         0
41   Brazil 2020-02-08    94937          128762     162587              3860                 0                  0        0         0
42   Brazil 2020-02-09    96497          130878     165259              3923                 0                  0        0         0
43   Brazil 2020-02-10    98083          133029     167975              3988                 0                  0        0         0
44   Brazil 2020-02-11    99696          135216     170736              4054                 0                  0        0         0
45   Brazil 2020-02-12   101334          137438     173542              4120                 0                  0        0         0
46   Brazil 2020-02-13   103000          139697     176394              4188                 0                  0        0         0
47   Brazil 2020-02-14   104692          141993     179294              4257                 0                  0        0         0
48   Brazil 2020-02-15   106413          144326     182239              4327                 0                  0        0         0
49   Brazil 2020-02-16   108161          146698     185235              4398                 0                  0        0         0
50   Brazil 2020-02-17   109939          149109     188279              4470                 0                  0        0         0
51   Brazil 2020-02-18   111746          151560     191374              4544                 0                  0        0         0
52   Brazil 2020-02-19   113583          154051     194519              4618                 0                  0        0         0
53   Brazil 2020-02-20   115450          156583     197716              4694                 0                  0        0         0
54   Brazil 2020-02-21   117347          159156     200965              4771                 0                  0        0         0
55   Brazil 2020-02-22   119276          161772     204268              4850                 0                  0        0         0
56   Brazil 2020-02-23   121236          164431     207626              4929                 0                  0        0         0
57   Brazil 2020-02-24   123228          167133     211038              5010                 0                  0        0         0
58   Brazil 2020-02-25   125254          169880     214506              5093                 1                  0        0         0
59   Brazil 2020-02-26   127312          172672     218032              5176                 1                  0        0         0
60   Brazil 2020-02-27   129405          175510     221615              5261                 1                  0        0         0
61   Brazil 2020-02-28   131531          178394     225257              5348                 1                  0        0         0
62   Brazil 2020-02-29   133693          181326     228959              5436                 2                  0        0         0
63   Brazil 2020-03-01   135891          184307     232723              5525                 2                  0        0         0
64   Brazil 2020-03-02   138124          187336     236548              5616                 2                  0        0         0
65   Brazil 2020-03-03   140394          190414     240434              5708                 2                  0        0         0
66   Brazil 2020-03-04   142701          193544     244387              5802                 3                  0        0         0
67   Brazil 2020-03-05   145047          196725     248403              5897                 8                  0        0         0
68   Brazil 2020-03-06   147430          199958     252486              5994                13                  0        0         0
69   Brazil 2020-03-07   149853          203244     256635              6093                13                  0        0         0
70   Brazil 2020-03-08   152317          206585     260853              6193                25                  0        0         0
71   Brazil 2020-03-09   154820          209980     265140              6295                25                  0        0         0
72   Brazil 2020-03-10   157364          213431     269498              6398                34                  0        0         0
73   Brazil 2020-03-11   159951          216939     273927              6503                52                  0        0         0
74   Brazil 2020-03-12   162579          220504     278429              6610                77                  0        0         0
75   Brazil 2020-03-13   165251          224128     283005              6719                98                  0        0         0
76   Brazil 2020-03-14   167967          227812     287657              6829               121                  0        0         0
77   Brazil 2020-03-15   170728          231556     292384              6942               200                  0        0         0
78   Brazil 2020-03-16   173534          235362     297190              7056               234                  1        0         0
79   Brazil 2020-03-17   176386          239230     302074              7172               291                  4        0         0
80   Brazil 2020-03-18   179284          243161     307038              7290               428                  6        0         0
81   Brazil 2020-03-19   182231          247158     312085              7409               621                 11        0         0
82   Brazil 2020-03-20   185226          251220     317214              7531               904                 18        0         0
83   Brazil 2020-03-21   188271          255349     322427              7655              1128                 25        0         0
84   Brazil 2020-03-22   191364          259545     327726              7781              1546                 34        0         0
85   Brazil 2020-03-23   194510          263811     333112              7909              1891                 46        0         0
86   Brazil 2020-03-24   197707          268147     338587              8039              2201                 57        0         0
87   Brazil 2020-03-25   200956          272554     344152              8171              2433                 77        0         0
88   Brazil 2020-03-26   204258          277033     349808              8305              2915                 92        0         0
89   Brazil 2020-03-27   207615          281586     355557              8441              3417                114        0         0
90   Brazil 2020-03-28   211028          286214     361400              8580              3904                136        0         0
91   Brazil 2020-03-29   214496          290918     367340              8721              4256                159        0         0
92   Brazil 2020-03-30   218021          295699     373377              8865              4579                201        0         0
93   Brazil 2020-03-31   221604          300559     379514              9010              5717                241        0         0
94   Brazil 2020-04-01   225247          305499     385751              9158              6836                299        0         0
95   Brazil 2020-04-02   228949          310520     392091              9309              7910                359        0         0
96   Brazil 2020-04-03   232711          315623     398535              9462              9056                432        0         0
97   Brazil 2020-04-04   236536          320811     405086              9617             10278                486        0         0
98   Brazil 2020-04-05   240423          326083     411743              9775             11130                553        0         0
99   Brazil 2020-04-06   244375          331442     418509              9936             12056                667        0         0
100  Brazil 2020-04-07   248391          336890     425389             10099             13717                800        0         0
101  Brazil 2020-04-08   252474          342427     432380             10265             15927                941        0         0
102  Brazil 2020-04-09   256623          348054     439485             10434             17857               1056        0         0
103  Brazil 2020-04-10   260841          353775     446709             10606             19638               1124        0         0
104  Brazil 2020-04-11   265128          359589     454050             10780             20727               1223        0         0
105  Brazil 2020-04-12   269485          365499     461513             10957             22169               1328        0         0
106  Brazil 2020-04-13   273914          371506     469098             11137             23430               1532        0         0
107  Brazil 2020-04-14   278416          377612     476808             11320             25262               1736        0         0
108  Brazil 2020-04-15   282992          383818     484644             11506             28320               1924        0         0
109  Brazil 2020-04-16   287643          390126     492609             11695             30425               2141        0         0
110  Brazil 2020-04-17   292370          396537     500704             11887             33682               2347        0         0
111  Brazil 2020-04-18   297175          403055     508935             12083             36599               2462        0         0
112  Brazil 2020-04-19   302059          409679     517299             12281             38654               2575        0         0
113  Brazil 2020-04-20   307024          416412     525800             12483             40581               2741        0         0
114  Brazil 2020-04-21   312070          423256     534442             12688             43079               2906        0         0
115  Brazil 2020-04-22   317198          430212     543226             12897             45757               3313        0         0
116  Brazil 2020-04-23   322412          437283     552154             13109             49492               3670        0         0
117  Brazil 2020-04-24   327710          444469     561228             13324             52995               4016        0         0
118  Brazil 2020-04-25   333096          451774     570452             13543             58509               4205        0         0
119  Brazil 2020-04-26   338571          459199     579827             13766             61888               4543        0         0
120  Brazil 2020-04-27   344135          466746     589357             13992             66501               5017        0         0
121  Brazil 2020-04-28   349791          474417     599043             14222             71886               5466        0         0
122  Brazil 2020-04-29   355540          482214     608888             14456             78162               5901        0         0
123  Brazil 2020-04-30   361383          490139     618895             14694             85380               6329        0         0
124  Brazil 2020-05-01   367323          498195     629067             14935             91589               6750        0         0
125  Brazil 2020-05-02   373360          506383     639406             15180             96559               7025        0         0
126  Brazil 2020-05-03   379496          514705     649914             15430            101147               7321        0         0
127  Brazil 2020-05-04   385733          523165     660597             15684            107780               7921        0         0
128  Brazil 2020-05-05   392073          531763     671453             15941            114715               8536        0         0
129  Brazil 2020-05-06   398516          540502     682488             16203            125218               9146        0         0
130  Brazil 2020-05-07   405066          549386     693706             16470            135106               9897        0         0
131  Brazil 2020-05-08   411723          558415     705107             16740            145328              10627        0         0
132  Brazil 2020-05-09   418490          567592     716694             17015            155939              11123        0         0
133  Brazil 2020-05-10   425368          576921     728474             17295            162699              11519        0         0
134  Brazil 2020-05-11   432359          586403     740447             17579            168331              12400        0         0
135  Brazil 2020-05-12   439464          596040     752616             17868            177589              13149        0         0
136  Brazil 2020-05-13   446687          605836     764985             18162            188974              13993        0         0
137  Brazil 2020-05-14   454029          615793     777557             18460            202918              14817        0         0
138  Brazil 2020-05-15   461491          625914     790337             18764            218223              15633        0         0
139  Brazil 2020-05-16   469075          636201     803327             19072            233142              16118        0         0
140  Brazil 2020-05-17   476785          646657     816529             19386            241080              16792        0         0
141  Brazil 2020-05-18   484620          657284     829948             19704            254220              17971        0         0
142  Brazil 2020-05-19   492585          668087     843589             20028            271628              18859        0         0
143  Brazil 2020-05-20   500681          679067     857453             20357            291579              20047        0         0
144  Brazil 2020-05-21   508910          690228     871546             20692            310087              21048        0         0
145  Brazil 2020-05-22   517274          701572     885870             21032            330890              22013        0         0
146  Brazil 2020-05-23   525775          713102     900429             21378            347398              22666        0         0
147  Brazil 2020-05-24   534416          724822     915228             21729            363211              23473        0         0
148  Brazil 2020-05-25   543199          736734     930269             22086            374898              24512        0         0
149  Brazil 2020-05-26   552127          748843     945559             22449            391222              25598        0         0
150  Brazil 2020-05-27   561201          761150     961099             22818            411821              26754        0         0
151  Brazil 2020-05-28   570425          773660     976895             23193            438238              27878        0         0
152  Brazil 2020-05-29   579800          786375     992950             23574            465166              28834        0         0
153  Brazil 2020-05-30   589329          799299    1009269             23962            498440              29314        0         0
154  Brazil 2020-05-31   599014          812435    1025856             24355            514849              29937        0         0
155  Brazil 2020-06-01   608859          825788    1042717             24756            526447              31199        0         0
156  Brazil 2020-06-02   618866          839360    1059854             25163            555383              32548        0         0
157  Brazil 2020-06-03   629037          853155    1077273             25576            584016              34021        0         0
158  Brazil 2020-06-04   639375          867176    1094977             25996            614932              35026        0         0
159  Brazil 2020-06-05   649883          881428    1112973             26424            645762              35930        0         0
160  Brazil 2020-06-06   660564          895915    1131266             26858            672837              36455        0         0
161  Brazil 2020-06-07   671421          910639    1149857             27299            691758              37134        0         0
162  Brazil 2020-06-08   682456          925606    1168756             27748            707412              38406        0         0
163  Brazil 2020-06-09   693672          940818    1187964             28204            739503              39680        0         0
164  Brazil 2020-06-10   705073          956281    1207489             28668            772416              40919        0         0
165  Brazil 2020-06-11   716660          971997    1227334             29139            802828              41828        0         0
166  Brazil 2020-06-12   728439          987972    1247505             29618            828810              42720        0         0
167  Brazil 2020-06-13   740410         1004209    1268008             30104            850514              43332        0         0
168  Brazil 2020-06-14   752580         1020714    1288848             30599            867624              43959        0         0
169  Brazil 2020-06-15   764948         1037489    1310030             31102            888271              45241        0         0
170  Brazil 2020-06-16   777520         1054540    1331560             31613            923189              46510        0         0
171  Brazil 2020-06-17   790299         1071872    1353445             32133            955377              47748        0         0
172  Brazil 2020-06-18   803287         1089488    1375689             32661            978142              48954        0         0
173  Brazil 2020-06-19   816489         1107394    1398299             33198           1032913              49976        0         0
174  Brazil 2020-06-20   829908         1125594    1421280             33743           1067579              50617        0         0
175  Brazil 2020-06-21   843548         1144093    1444638             34298           1085038              51271        0         0
176  Brazil 2020-06-22   857412         1162897    1468382             34862           1106470              52645        0         0
177  Brazil 2020-06-23   871504         1182009    1492514             35435           1145906              53830        0         0
178  Brazil 2020-06-24   885826         1201435    1517044             36017           1188631              54971        0         0
179  Brazil 2020-06-25   900385         1221181    1541977             36609           1228114              55961        0         0
180  Brazil 2020-06-26   915183         1241251    1567319             37211           1274974              57070        0         0
181  Brazil 2020-06-27   930224         1261651    1593078             37822           1313667              57622        0         0
182  Brazil 2020-06-28   945513         1282387    1619261             38444           1344143              58314        0         0
183  Brazil 2020-06-29   961052         1303463    1645874             39076           1368195              59594        0         0
184  Brazil 2020-06-30   976847         1324885    1672923             39718           1402041              60632        0         0
185  Brazil 2020-07-01   992902         1346660    1700418             40371           1448753              61884        0         0
186  Brazil 2020-07-02  1009220         1368792    1728364             41034           1496858              63174        0         0
187  Brazil 2020-07-03  1025807         1391289    1756771             41708           1539081              64265        0         0
188  Brazil 2020-07-04  1042666         1414155    1785644             42394           1577004              64867        0         0
189  Brazil 2020-07-05  1059802         1437396    1814990             43091           1603055              65487        0         0
190  Brazil 2020-07-06  1077220         1461020    1844820             43799           1623284              66741        0         0
191  Brazil 2020-07-07  1094925         1485032    1875139             44519           1668589              67964        0         0
192  Brazil 2020-07-08  1112920         1509439    1905958             45250           1713160              69184        0         0
193  Brazil 2020-07-09  1131211         1534247    1937283             45994           1755779              70398        0         0
194  Brazil 2020-07-10  1149802         1559462    1969122             46750           1800827              71469        0         0
195  Brazil 2020-07-11  1168700         1585092    2001484             47518           1839850              72100        0         0
196  Brazil 2020-07-12  1187907         1611143    2034379             48299           1864681              72833        0         0
197  Brazil 2020-07-13  1207430         1637622    2067814             49093           1884967              74133        0         0
198  Brazil 2020-07-14  1227275         1664537    2101799             49900           1926824              75366        0         0
199  Brazil 2020-07-15  1247445         1691894    2136343             50720           1966748              76688        0         0
200  Brazil 2020-07-16  1267947         1719700    2171453             51554           2012151              77851        0         0
201  Brazil 2020-07-17  1288785         1747963    2207141             52401           2046328              78772        0         0
202  Brazil 2020-07-18  1309967         1776691    2243415             53262           2074860              79488        0         0
203  Brazil 2020-07-19  1331496         1805891    2280286             54138           2098389              80120        0         0
204  Brazil 2020-07-20  1353379         1835571    2317763             55027           2118646              81487        0         0
205  Brazil 2020-07-21  1375623         1865739    2355855             55932           2159654              82771        0         0
206  Brazil 2020-07-22  1398231         1896403    2394575             56851           2227514              84082        0         0
207  Brazil 2020-07-23  1421211         1927570    2433929             57785           2287475              85238        0         0
208  Brazil 2020-07-24  1444569         1959250    2473931             58735           2343366              86449        0         0
209  Brazil 2020-07-25  1468311         1991451    2514591             59700           2394513              87004        0         0
210  Brazil 2020-07-26  1492442         2024180    2555918             60681           2419091              87618        0         0
211  Brazil 2020-07-27  1516971         2057448    2597925             61679           2442375              88539        0         0
212  Brazil 2020-07-28  1541902         2091262    2640622             62692           2483191              90134        0         0
213  Brazil 2020-07-29  1567243         2125632    2684021             63723           2552265              91263        0         0
214  Brazil 2020-07-30  1593001         2160567    2728133             64770           2610102              92475        0         0
215  Brazil 2020-07-31  1619182         2196076    2772970             65835           2662485              93563        0         0
216  Brazil 2020-08-01  1645794         2232169    2818544             66917           2707877              94104        0         0
217  Brazil 2020-08-02  1672843         2268855    2864867             68016           2733677              94665        0         0
218  Brazil 2020-08-03  1700336         2306144    2911952             69134           2750318              95819        0         0
219  Brazil 2020-08-04  1728282         2344046    2959810             70270           2801921              97256        0         0
220  Brazil 2020-08-05  1756686         2382570    3008454             71425           2859073              98493        0         0
221  Brazil 2020-08-06  1785557         2421728    3057899             72599           2912212              99572        0         0
222  Brazil 2020-08-07  1814903         2461529    3108155             73792           2962442             100477        0         0
223  Brazil 2020-08-08  1844731         2501985    3159239             75005           3012412             101049        0         0
224  Brazil 2020-08-09  1875049         2543105    3211161             76238           3035422             101752        0         0
225  Brazil 2020-08-10  1905866         2584901    3263936             77491           3057470             103026        0         0
226  Brazil 2020-08-11  1937189         2627384    3317579             78764           3109630             104201        0         0
227  Brazil 2020-08-12  1969027         2670566    3372105             80059           3164785             105463        0         0
228  Brazil 2020-08-13  2001388         2714457    3427526             81375           3224876             106523        0         0
229  Brazil 2020-08-14  2034281         2759069    3483857             82712           3275520             107232        0         0
230  Brazil 2020-08-15  2067714         2804414    3541114             84072           3317096             107852        0         0
231  Brazil 2020-08-16  2101697         2850505    3599313             85453           3340197             108536        0         0
232  Brazil 2020-08-17  2136240         2897354    3658468             86858           3359570             109888        0         0
233  Brazil 2020-08-18  2171349         2944972    3718595             88285           3407354             111100        0         0
234  Brazil 2020-08-19  2207035         2993373    3779711             89736           3456652             112304        0         0
235  Brazil 2020-08-20  2243308         3042569    3841830             91211           3501975             113358        0         0
236  Brazil 2020-08-21  2280177         3092574    3904971             92710           3532330             114250        0         0
237  Brazil 2020-08-22  2317652         3143401    3969150             94234           3582362             114744        0         0
238  Brazil 2020-08-23  2355742         3195063    4034384             95783           3605783             115309        0         0
239  Brazil 2020-08-24  2394459         3247574    4100689             97357           3622861             116580        0         0
240  Brazil 2020-08-25  2433812         3300948    4168084             98957           3669995             117665        0         0
241  Brazil 2020-08-26  2473812         3355199    4236586            100583           3717156             118649        0         0
242  Brazil 2020-08-27  2514469         3410342    4306215            102236           3761391             119504        0         0
243  Brazil 2020-08-28  2555795         3466392    4376989            103916           3804803             120462        0         0
244  Brazil 2020-08-29  2597800         3523362    4448924            105624           3846153             120828        0         0
245  Brazil 2020-08-30  2640495         3581269    4522043            107360           3862311             121381        0         0
246  Brazil 2020-08-31  2683891         3640127    4596363            109125           3908272             122596        0         0
247  Brazil 2020-09-01  2728001         3699953    4671905            110918           3950931             123780        0         0
248  Brazil 2020-09-02  2772836         3760762    4748688            112741           3997865             124614        0         0
249  Brazil 2020-09-03  2818409         3822571    4826733            114594           4041638             125521        0         0
250  Brazil 2020-09-04  2864729         3885395    4906061            116477           4092832             126203        0         0
251  Brazil 2020-09-05  2911811         3949252    4986693            118392           4123000             126650        0         0
252  Brazil 2020-09-06  2959667         4014158    5068649            120338           4137521             126960        0         0
253  Brazil 2020-09-07  3008309         4080131    5151953            122315           4147794             127464        0         0
254  Brazil 2020-09-08  3057752         4147189    5236626            124326           4162073             128539        0         0
255  Brazil 2020-09-09  3108006         4215348    5322690            126369           4197889             129522        0         0
256  Brazil 2020-09-10  3159086         4284628    5410170            128446           4238446             130396        0         0
257  Brazil 2020-09-11  3211006         4355046    5499086            130557           4282164             131210        0         0
258  Brazil 2020-09-12  3263779         4426621    5589463            132703           4315687             131625        0         0
259  Brazil 2020-09-13  3317419         4499373    5681327            134883           4330455             132006        0         0
260  Brazil 2020-09-14  3371942         4573321    5774700            137100           4345610             133119        0         0
261  Brazil 2020-09-15  3427360         4648484    5869608            139354           4382263             134106        0         0
262  Brazil 2020-09-16  3483689         4724882    5966075            141644           4419083             134935        0         0
263  Brazil 2020-09-17  3540944         4802536    6064128            143972           4455386             135793        0         0
264  Brazil 2020-09-18  3599139         4881466    6163793            146338           4495183             136532        0         0
265  Brazil 2020-09-19  3658291         4961693    6265095            148743           4528240             136895        0         0
266  Brazil 2020-09-20  3718416         5043239    6368062            151188           4544629             137272        0         0
267  Brazil 2020-09-21  3779528         5126125    6472722            153672           4558068             138108        0         0
268  Brazil 2020-09-22  3841645         5210374    6579103            156198           4591604             138977        0         0
269  Brazil 2020-09-23  3904783         5296007    6687231            158765           4624885             139808        0         0
270  Brazil 2020-09-24  3968959         5383047    6797135            161375           4657702             140537        0         0
271  Brazil 2020-09-25  4034189         5471518    6908847            164027           4689613             141406        0         0
272  Brazil 2020-09-26  4100491         5561443    7022395            166723           4717991             141441        0         0
273  Brazil 2020-09-27  4167883         5652846    7137809            169463           4718115             141441        0         0
274  Brazil 2020-09-28  4236383         5745751    7255119            172248                NA                 NA        0         0
275  Brazil 2020-09-29  4306008         5840183    7374358            175079                NA                 NA        0         0
276  Brazil 2020-09-30  4376777         5936166    7495555            177956                NA                 NA        0         0
277  Brazil 2020-10-01  4448710         6033728    7618746            180881                NA                 NA        0         0
278  Brazil 2020-10-02  4521825         6132893    7743961            183854                NA                 NA        0         0
279  Brazil 2020-10-03  4596141         6233687    7871233            186875                NA                 NA        0         0
280  Brazil 2020-10-04  4671680         6336139    8000598            189947                NA                 NA        0         0
281  Brazil 2020-10-05  4748459         6440274    8132089            193068                NA                 NA        0         0
282  Brazil 2020-10-06  4826500         6546120    8265740            196241                NA                 NA        0         0
283  Brazil 2020-10-07  4905824         6653706    8401588            199467                NA                 NA        0         0

Fontes:
	OMS - https://ourworldindata.org/coronavirus-source-data
	Worldometers - https://www.worldometers.info/coronavirus