
 Brazil 
Projecao:  7  dias
Gerado em:  2020-05-30 20:55:09
RMSE(%):  9.9 , BIAS(%): 3.61

Taxa de Mortalidade 5.78 %

    country       dias otimista casos_estimados pessimista estimativa_mortes casos_confirmados mortes_confirmadas latitude longitude
141  Brazil 2020-05-18   224217          248887     273557             14398            254220              17971        0         0
142  Brazil 2020-05-19   237972          264155     290338             15281            271628              18859        0         0
143  Brazil 2020-05-20   252569          280359     308149             16218            291579              20047        0         0
144  Brazil 2020-05-21   268064          297558     327052             17213            310087              21048        0         0
145  Brazil 2020-05-22   284508          315812     347116             18269            330890              22013        0         0
146  Brazil 2020-05-23   301962          335186     368410             19390            347398              22666        0         0
147  Brazil 2020-05-24   320486          355748     391010             20579            363211              23473        0         0
148  Brazil 2020-05-25   340146          377572     414998             21842            374898              24512        0         0
149  Brazil 2020-05-26   361013          400734     440455             23182            391222              25598        0         0
150  Brazil 2020-05-27   383160          425318     467476             24604            411821              26754        0         0
151  Brazil 2020-05-28   406665          451409     496153             26113            438238              27878        0         0
152  Brazil 2020-05-29   431612          479101     526590             27715            465166              28834        0         0
153  Brazil 2020-05-30   458090          508492     558894             29415            498440              28834        0         0
154  Brazil 2020-05-31   486192          539686     593180             31220                NA                 NA        0         0
155  Brazil 2020-06-01   516017          572793     629569             33135                NA                 NA        0         0
156  Brazil 2020-06-02   547672          607931     668190             35168                NA                 NA        0         0
157  Brazil 2020-06-03   581269          645225     709181             37325                NA                 NA        0         0
158  Brazil 2020-06-04   616928          684807     752686             39615                NA                 NA        0         0
159  Brazil 2020-06-05   654774          726817     798860             42045                NA                 NA        0         0
160  Brazil 2020-06-06   694941          771404     847867             44625                NA                 NA        0         0

Total de casos no mundo:  6149733 2040106 844617 2004226 1107521 143748 8794 721 6149733

Estimados a partir dos dados da OMS:
    day       date      x   xest
1     1 2019-12-30      0     60
2     2 2019-12-31      0     63
3     3 2020-01-01      0     67
4     4 2020-01-02      0     71
5     5 2020-01-03      0     76
6     6 2020-01-04      0     80
7     7 2020-01-05      0     85
8     8 2020-01-06      0     91
9     9 2020-01-07      0     96
10   10 2020-01-08      0    102
11   11 2020-01-09      0    108
12   12 2020-01-10      0    115
13   13 2020-01-11      0    122
14   14 2020-01-12      0    129
15   15 2020-01-13      0    137
16   16 2020-01-14      0    146
17   17 2020-01-15      0    155
18   18 2020-01-16      0    164
19   19 2020-01-17      0    174
20   20 2020-01-18      0    185
21   21 2020-01-19      0    196
22   22 2020-01-20      0    208
23   23 2020-01-21      0    221
24   24 2020-01-22      0    235
25   25 2020-01-23      0    249
26   26 2020-01-24      0    265
27   27 2020-01-25      0    281
28   28 2020-01-26      0    298
29   29 2020-01-27      0    316
30   30 2020-01-28      0    336
31   31 2020-01-29      0    356
32   32 2020-01-30      0    378
33   33 2020-01-31      0    401
34   34 2020-02-01      0    426
35   35 2020-02-02      0    452
36   36 2020-02-03      0    480
37   37 2020-02-04      0    509
38   38 2020-02-05      0    540
39   39 2020-02-06      0    574
40   40 2020-02-07      0    609
41   41 2020-02-08      0    646
42   42 2020-02-09      0    686
43   43 2020-02-10      0    728
44   44 2020-02-11      0    772
45   45 2020-02-12      0    820
46   46 2020-02-13      0    870
47   47 2020-02-14      0    924
48   48 2020-02-15      0    980
49   49 2020-02-16      0   1040
50   50 2020-02-17      0   1104
51   51 2020-02-18      0   1172
52   52 2020-02-19      0   1244
53   53 2020-02-20      0   1320
54   54 2020-02-21      0   1401
55   55 2020-02-22      0   1487
56   56 2020-02-23      0   1578
57   57 2020-02-24      0   1675
58   58 2020-02-25      1   1778
59   59 2020-02-26      1   1887
60   60 2020-02-27      1   2003
61   61 2020-02-28      1   2125
62   62 2020-02-29      2   2256
63   63 2020-03-01      2   2394
64   64 2020-03-02      2   2541
65   65 2020-03-03      2   2697
66   66 2020-03-04      3   2862
67   67 2020-03-05      8   3038
68   68 2020-03-06     13   3224
69   69 2020-03-07     13   3422
70   70 2020-03-08     25   3632
71   71 2020-03-09     25   3855
72   72 2020-03-10     34   4091
73   73 2020-03-11     52   4342
74   74 2020-03-12     77   4609
75   75 2020-03-13     98   4892
76   76 2020-03-14    121   5192
77   77 2020-03-15    200   5510
78   78 2020-03-16    234   5848
79   79 2020-03-17    291   6207
80   80 2020-03-18    428   6588
81   81 2020-03-19    621   6992
82   82 2020-03-20    904   7421
83   83 2020-03-21   1128   7876
84   84 2020-03-22   1546   8359
85   85 2020-03-23   1891   8872
86   86 2020-03-24   2201   9416
87   87 2020-03-25   2433   9994
88   88 2020-03-26   2915  10607
89   89 2020-03-27   3417  11258
90   90 2020-03-28   3904  11948
91   91 2020-03-29   4256  12681
92   92 2020-03-30   4579  13459
93   93 2020-03-31   5717  14285
94   94 2020-04-01   6836  15161
95   95 2020-04-02   7910  16091
96   96 2020-04-03   9056  17078
97   97 2020-04-04  10278  18126
98   98 2020-04-05  11130  19238
99   99 2020-04-06  12056  20418
100 100 2020-04-07  13717  21671
101 101 2020-04-08  15927  23000
102 102 2020-04-09  17857  24411
103 103 2020-04-10  19638  25908
104 104 2020-04-11  20727  27498
105 105 2020-04-12  22169  29185
106 106 2020-04-13  23430  30975
107 107 2020-04-14  25262  32875
108 108 2020-04-15  28320  34892
109 109 2020-04-16  30425  37032
110 110 2020-04-17  33682  39304
111 111 2020-04-18  36599  41715
112 112 2020-04-19  38654  44274
113 113 2020-04-20  40581  46990
114 114 2020-04-21  43079  49873
115 115 2020-04-22  45757  52933
116 116 2020-04-23  49492  56180
117 117 2020-04-24  52995  59626
118 118 2020-04-25  58509  63284
119 119 2020-04-26  61888  67166
120 120 2020-04-27  66501  71286
121 121 2020-04-28  71886  75660
122 122 2020-04-29  78162  80301
123 123 2020-04-30  85380  85227
124 124 2020-05-01  91589  90455
125 125 2020-05-02  96559  96004
126 126 2020-05-03 101147 101894
127 127 2020-05-04 107780 108145
128 128 2020-05-05 114715 114779
129 129 2020-05-06 125218 121820
130 130 2020-05-07 135106 129293
131 131 2020-05-08 145328 137225
132 132 2020-05-09 155939 145643
133 133 2020-05-10 162699 154578
134 134 2020-05-11 168331 164060
135 135 2020-05-12 177589 174125
136 136 2020-05-13 188974 184806
137 137 2020-05-14 202918 196144
138 138 2020-05-15 218223 208176
139 139 2020-05-16 233142 220947
140 140 2020-05-17 241080 234501
141 141 2020-05-18 254220 248887
142 142 2020-05-19 271628 264155
143 143 2020-05-20 291579 280359
144 144 2020-05-21 310087 297558
145 145 2020-05-22 330890 315812
146 146 2020-05-23 347398 335186
147 147 2020-05-24 363211 355748
148 148 2020-05-25 374898 377572
149 149 2020-05-26 391222 400734
150 150 2020-05-27 411821 425318
151 151 2020-05-28 438238 451409
152 152 2020-05-29 465166 479101
153 153 2020-05-30 498440 508492

Intervalo de Confianca
       2.5%    97.5%
b  49.85365 63.37126
y0 16.56488 17.03054


Formula: x ~ SSexp(day, b, y0)

Parameters:
   Estimate Std. Error t value      Pr(>|t|)    
b  205.9655    53.9643   3.817       0.00511 ** 
y0  19.6859     0.6799  28.956 0.00000000219 ***
---
Signif. codes:  0 ‘***’ 0.001 ‘**’ 0.01 ‘*’ 0.05 ‘.’ 0.1 ‘ ’ 1

Residual standard error: 6169 on 8 degrees of freedom

Number of iterations to convergence: 20 
Achieved convergence tolerance: 0.0000000149

Considerando os casos dos últimos 10 dias, temos:
Número de dias para dobrar:  19.7
Razao de crescimento:  205.97

Todos os dados gerados
    country       dias otimista casos_estimados pessimista estimativa_mortes casos_confirmados mortes_confirmadas latitude longitude
1    Brazil 2019-12-30       54              60         66                 3                 0                  0        0         0
2    Brazil 2019-12-31       57              63         69                 4                 0                  0        0         0
3    Brazil 2020-01-01       60              67         74                 4                 0                  0        0         0
4    Brazil 2020-01-02       64              71         78                 4                 0                  0        0         0
5    Brazil 2020-01-03       68              76         84                 4                 0                  0        0         0
6    Brazil 2020-01-04       72              80         88                 5                 0                  0        0         0
7    Brazil 2020-01-05       77              85         93                 5                 0                  0        0         0
8    Brazil 2020-01-06       82              91        100                 5                 0                  0        0         0
9    Brazil 2020-01-07       86              96        106                 6                 0                  0        0         0
10   Brazil 2020-01-08       92             102        112                 6                 0                  0        0         0
11   Brazil 2020-01-09       97             108        119                 6                 0                  0        0         0
12   Brazil 2020-01-10      104             115        126                 7                 0                  0        0         0
13   Brazil 2020-01-11      110             122        134                 7                 0                  0        0         0
14   Brazil 2020-01-12      116             129        142                 7                 0                  0        0         0
15   Brazil 2020-01-13      123             137        151                 8                 0                  0        0         0
16   Brazil 2020-01-14      132             146        160                 8                 0                  0        0         0
17   Brazil 2020-01-15      140             155        170                 9                 0                  0        0         0
18   Brazil 2020-01-16      148             164        180                 9                 0                  0        0         0
19   Brazil 2020-01-17      157             174        191                10                 0                  0        0         0
20   Brazil 2020-01-18      167             185        203                11                 0                  0        0         0
21   Brazil 2020-01-19      177             196        215                11                 0                  0        0         0
22   Brazil 2020-01-20      187             208        229                12                 0                  0        0         0
23   Brazil 2020-01-21      199             221        243                13                 0                  0        0         0
24   Brazil 2020-01-22      212             235        258                14                 0                  0        0         0
25   Brazil 2020-01-23      224             249        274                14                 0                  0        0         0
26   Brazil 2020-01-24      239             265        291                15                 0                  0        0         0
27   Brazil 2020-01-25      253             281        309                16                 0                  0        0         0
28   Brazil 2020-01-26      268             298        328                17                 0                  0        0         0
29   Brazil 2020-01-27      285             316        347                18                 0                  0        0         0
30   Brazil 2020-01-28      303             336        369                19                 0                  0        0         0
31   Brazil 2020-01-29      321             356        391                21                 0                  0        0         0
32   Brazil 2020-01-30      341             378        415                22                 0                  0        0         0
33   Brazil 2020-01-31      361             401        441                23                 0                  0        0         0
34   Brazil 2020-02-01      384             426        468                25                 0                  0        0         0
35   Brazil 2020-02-02      407             452        497                26                 0                  0        0         0
36   Brazil 2020-02-03      432             480        528                28                 0                  0        0         0
37   Brazil 2020-02-04      459             509        559                29                 0                  0        0         0
38   Brazil 2020-02-05      486             540        594                31                 0                  0        0         0
39   Brazil 2020-02-06      517             574        631                33                 0                  0        0         0
40   Brazil 2020-02-07      549             609        669                35                 0                  0        0         0
41   Brazil 2020-02-08      582             646        710                37                 0                  0        0         0
42   Brazil 2020-02-09      618             686        754                40                 0                  0        0         0
43   Brazil 2020-02-10      656             728        800                42                 0                  0        0         0
44   Brazil 2020-02-11      695             772        849                45                 0                  0        0         0
45   Brazil 2020-02-12      739             820        901                47                 0                  0        0         0
46   Brazil 2020-02-13      784             870        956                50                 0                  0        0         0
47   Brazil 2020-02-14      832             924       1016                53                 0                  0        0         0
48   Brazil 2020-02-15      883             980       1077                57                 0                  0        0         0
49   Brazil 2020-02-16      937            1040       1143                60                 0                  0        0         0
50   Brazil 2020-02-17      995            1104       1213                64                 0                  0        0         0
51   Brazil 2020-02-18     1056            1172       1288                68                 0                  0        0         0
52   Brazil 2020-02-19     1121            1244       1367                72                 0                  0        0         0
53   Brazil 2020-02-20     1189            1320       1451                76                 0                  0        0         0
54   Brazil 2020-02-21     1262            1401       1540                81                 0                  0        0         0
55   Brazil 2020-02-22     1340            1487       1634                86                 0                  0        0         0
56   Brazil 2020-02-23     1422            1578       1734                91                 0                  0        0         0
57   Brazil 2020-02-24     1509            1675       1841                97                 0                  0        0         0
58   Brazil 2020-02-25     1602            1778       1954               103                 1                  0        0         0
59   Brazil 2020-02-26     1700            1887       2074               109                 1                  0        0         0
60   Brazil 2020-02-27     1804            2003       2202               116                 1                  0        0         0
61   Brazil 2020-02-28     1914            2125       2336               123                 1                  0        0         0
62   Brazil 2020-02-29     2032            2256       2480               131                 2                  0        0         0
63   Brazil 2020-03-01     2157            2394       2631               138                 2                  0        0         0
64   Brazil 2020-03-02     2289            2541       2793               147                 2                  0        0         0
65   Brazil 2020-03-03     2430            2697       2964               156                 2                  0        0         0
66   Brazil 2020-03-04     2578            2862       3146               166                 3                  0        0         0
67   Brazil 2020-03-05     2737            3038       3339               176                 8                  0        0         0
68   Brazil 2020-03-06     2904            3224       3544               187                13                  0        0         0
69   Brazil 2020-03-07     3083            3422       3761               198                13                  0        0         0
70   Brazil 2020-03-08     3272            3632       3992               210                25                  0        0         0
71   Brazil 2020-03-09     3473            3855       4237               223                25                  0        0         0
72   Brazil 2020-03-10     3685            4091       4497               237                34                  0        0         0
73   Brazil 2020-03-11     3912            4342       4772               251                52                  0        0         0
74   Brazil 2020-03-12     4152            4609       5066               267                77                  0        0         0
75   Brazil 2020-03-13     4407            4892       5377               283                98                  0        0         0
76   Brazil 2020-03-14     4677            5192       5707               300               121                  0        0         0
77   Brazil 2020-03-15     4964            5510       6056               319               200                  0        0         0
78   Brazil 2020-03-16     5268            5848       6428               338               234                  1        0         0
79   Brazil 2020-03-17     5592            6207       6822               359               291                  4        0         0
80   Brazil 2020-03-18     5935            6588       7241               381               428                  6        0         0
81   Brazil 2020-03-19     6299            6992       7685               404               621                 11        0         0
82   Brazil 2020-03-20     6685            7421       8157               429               904                 18        0         0
83   Brazil 2020-03-21     7095            7876       8657               456              1128                 25        0         0
84   Brazil 2020-03-22     7530            8359       9188               484              1546                 34        0         0
85   Brazil 2020-03-23     7993            8872       9751               513              1891                 46        0         0
86   Brazil 2020-03-24     8483            9416      10349               545              2201                 57        0         0
87   Brazil 2020-03-25     9003            9994      10985               578              2433                 77        0         0
88   Brazil 2020-03-26     9556           10607      11658               614              2915                 92        0         0
89   Brazil 2020-03-27    10142           11258      12374               651              3417                114        0         0
90   Brazil 2020-03-28    10764           11948      13132               691              3904                136        0         0
91   Brazil 2020-03-29    11424           12681      13938               734              4256                159        0         0
92   Brazil 2020-03-30    12125           13459      14793               779              4579                201        0         0
93   Brazil 2020-03-31    12869           14285      15701               826              5717                241        0         0
94   Brazil 2020-04-01    13658           15161      16664               877              6836                299        0         0
95   Brazil 2020-04-02    14496           16091      17686               931              7910                359        0         0
96   Brazil 2020-04-03    15385           17078      18771               988              9056                432        0         0
97   Brazil 2020-04-04    16329           18126      19923              1049             10278                486        0         0
98   Brazil 2020-04-05    17331           19238      21145              1113             11130                553        0         0
99   Brazil 2020-04-06    18394           20418      22442              1181             12056                667        0         0
100  Brazil 2020-04-07    19523           21671      23819              1254             13717                800        0         0
101  Brazil 2020-04-08    20720           23000      25280              1331             15927                941        0         0
102  Brazil 2020-04-09    21991           24411      26831              1412             17857               1056        0         0
103  Brazil 2020-04-10    23340           25908      28476              1499             19638               1124        0         0
104  Brazil 2020-04-11    24772           27498      30224              1591             20727               1223        0         0
105  Brazil 2020-04-12    26292           29185      32078              1688             22169               1328        0         0
106  Brazil 2020-04-13    27905           30975      34045              1792             23430               1532        0         0
107  Brazil 2020-04-14    29616           32875      36134              1902             25262               1736        0         0
108  Brazil 2020-04-15    31433           34892      38351              2018             28320               1924        0         0
109  Brazil 2020-04-16    33361           37032      40703              2142             30425               2141        0         0
110  Brazil 2020-04-17    35408           39304      43200              2274             33682               2347        0         0
111  Brazil 2020-04-18    37580           41715      45850              2413             36599               2462        0         0
112  Brazil 2020-04-19    39885           44274      48663              2561             38654               2575        0         0
113  Brazil 2020-04-20    42332           46990      51648              2718             40581               2741        0         0
114  Brazil 2020-04-21    44930           49873      54816              2885             43079               2906        0         0
115  Brazil 2020-04-22    47686           52933      58180              3062             45757               3313        0         0
116  Brazil 2020-04-23    50611           56180      61749              3250             49492               3670        0         0
117  Brazil 2020-04-24    53716           59626      65536              3449             52995               4016        0         0
118  Brazil 2020-04-25    57011           63284      69557              3661             58509               4205        0         0
119  Brazil 2020-04-26    60508           67166      73824              3885             61888               4543        0         0
120  Brazil 2020-04-27    64220           71286      78352              4124             66501               5017        0         0
121  Brazil 2020-04-28    68160           75660      83160              4377             71886               5466        0         0
122  Brazil 2020-04-29    72341           80301      88261              4645             78162               5901        0         0
123  Brazil 2020-04-30    76779           85227      93675              4930             85380               6329        0         0
124  Brazil 2020-05-01    81489           90455      99421              5233             91589               6750        0         0
125  Brazil 2020-05-02    86488           96004     105520              5554             96559               7025        0         0
126  Brazil 2020-05-03    91794          101894     111994              5894            101147               7321        0         0
127  Brazil 2020-05-04    97426          108145     118864              6256            107780               7921        0         0
128  Brazil 2020-05-05   103402          114779     126156              6640            114715               8536        0         0
129  Brazil 2020-05-06   109745          121820     133895              7047            125218               9146        0         0
130  Brazil 2020-05-07   116477          129293     142109              7479            135106               9897        0         0
131  Brazil 2020-05-08   123623          137225     150827              7938            145328              10627        0         0
132  Brazil 2020-05-09   131207          145643     160079              8425            155939              11123        0         0
133  Brazil 2020-05-10   139256          154578     169900              8942            162699              11519        0         0
134  Brazil 2020-05-11   147798          164060     180322              9491            168331              12400        0         0
135  Brazil 2020-05-12   156865          174125     191385             10073            177589              13149        0         0
136  Brazil 2020-05-13   166488          184806     203124             10691            188974              13993        0         0
137  Brazil 2020-05-14   176702          196144     215586             11347            202918              14817        0         0
138  Brazil 2020-05-15   187541          208176     228811             12043            218223              15633        0         0
139  Brazil 2020-05-16   199046          220947     242848             12781            233142              16118        0         0
140  Brazil 2020-05-17   211257          234501     257745             13566            241080              16792        0         0
141  Brazil 2020-05-18   224217          248887     273557             14398            254220              17971        0         0
142  Brazil 2020-05-19   237972          264155     290338             15281            271628              18859        0         0
143  Brazil 2020-05-20   252569          280359     308149             16218            291579              20047        0         0
144  Brazil 2020-05-21   268064          297558     327052             17213            310087              21048        0         0
145  Brazil 2020-05-22   284508          315812     347116             18269            330890              22013        0         0
146  Brazil 2020-05-23   301962          335186     368410             19390            347398              22666        0         0
147  Brazil 2020-05-24   320486          355748     391010             20579            363211              23473        0         0
148  Brazil 2020-05-25   340146          377572     414998             21842            374898              24512        0         0
149  Brazil 2020-05-26   361013          400734     440455             23182            391222              25598        0         0
150  Brazil 2020-05-27   383160          425318     467476             24604            411821              26754        0         0
151  Brazil 2020-05-28   406665          451409     496153             26113            438238              27878        0         0
152  Brazil 2020-05-29   431612          479101     526590             27715            465166              28834        0         0
153  Brazil 2020-05-30   458090          508492     558894             29415            498440              28834        0         0
154  Brazil 2020-05-31   486192          539686     593180             31220                NA                 NA        0         0
155  Brazil 2020-06-01   516017          572793     629569             33135                NA                 NA        0         0
156  Brazil 2020-06-02   547672          607931     668190             35168                NA                 NA        0         0
157  Brazil 2020-06-03   581269          645225     709181             37325                NA                 NA        0         0
158  Brazil 2020-06-04   616928          684807     752686             39615                NA                 NA        0         0
159  Brazil 2020-06-05   654774          726817     798860             42045                NA                 NA        0         0
160  Brazil 2020-06-06   694941          771404     847867             44625                NA                 NA        0         0

Fontes:
	OMS - https://ourworldindata.org/coronavirus-source-data
	Worldometers - https://www.worldometers.info/coronavirus