
 Brazil 
Projecao:  10  dias
Gerado em:  2020-07-04 20:42:56
RMSE(%):  17.8 , BIAS(%): 5.88

Taxa de Mortalidade 4.08 %

    country       dias otimista casos_estimados pessimista estimativa_mortes casos_confirmados mortes_confirmadas latitude longitude
179  Brazil 2020-06-25   998060         1214220    1430380             49515           1228114              55961        0         0
180  Brazil 2020-06-26  1036764         1261306    1485848             51435           1274974              57070        0         0
181  Brazil 2020-06-27  1076968         1310218    1543468             53430           1313667              57622        0         0
182  Brazil 2020-06-28  1118731         1361026    1603321             55502           1344143              58314        0         0
183  Brazil 2020-06-29  1162114         1413805    1665496             57654           1368195              59594        0         0
184  Brazil 2020-06-30  1207180         1468631    1730082             59890           1402041              60632        0         0
185  Brazil 2020-07-01  1253992         1525582    1797172             62212           1448753              61884        0         0
186  Brazil 2020-07-02  1302621         1584742    1866863             64625           1496858              63174        0         0
187  Brazil 2020-07-03  1353134         1646196    1939258             67131           1539081              64365        0         0
188  Brazil 2020-07-04  1405608         1710034    2014460             69734           1578376              64365        0         0
189  Brazil 2020-07-05  1460115         1776347    2092579             72438                NA                 NA        0         0
190  Brazil 2020-07-06  1516736         1845231    2173726             75247                NA                 NA        0         0
191  Brazil 2020-07-07  1575554         1916787    2258020             78165                NA                 NA        0         0
192  Brazil 2020-07-08  1636651         1991117    2345583             81196                NA                 NA        0         0
193  Brazil 2020-07-09  1700119         2068330    2436541             84345                NA                 NA        0         0
194  Brazil 2020-07-10  1766047         2148537    2531027             87616                NA                 NA        0         0
195  Brazil 2020-07-11  1834532         2231855    2629178             91013                NA                 NA        0         0
196  Brazil 2020-07-12  1905673         2318403    2731133             94543                NA                 NA        0         0
197  Brazil 2020-07-13  1979572         2408308    2837044             98209                NA                 NA        0         0
198  Brazil 2020-07-14  2056338         2501699    2947060            102017                NA                 NA        0         0

Total de casos no mundo:  11367639 3428063 2469471 2466363 2526923 466094 10004 721 11367639

Estimados a partir dos dados da OMS:
    day       date       x    xest
1     1 2019-12-30       0    1391
2     2 2019-12-31       0    1445
3     3 2020-01-01       0    1501
4     4 2020-01-02       0    1559
5     5 2020-01-03       0    1619
6     6 2020-01-04       0    1682
7     7 2020-01-05       0    1747
8     8 2020-01-06       0    1815
9     9 2020-01-07       0    1885
10   10 2020-01-08       0    1958
11   11 2020-01-09       0    2034
12   12 2020-01-10       0    2113
13   13 2020-01-11       0    2195
14   14 2020-01-12       0    2280
15   15 2020-01-13       0    2369
16   16 2020-01-14       0    2461
17   17 2020-01-15       0    2556
18   18 2020-01-16       0    2655
19   19 2020-01-17       0    2758
20   20 2020-01-18       0    2865
21   21 2020-01-19       0    2976
22   22 2020-01-20       0    3092
23   23 2020-01-21       0    3211
24   24 2020-01-22       0    3336
25   25 2020-01-23       0    3465
26   26 2020-01-24       0    3600
27   27 2020-01-25       0    3739
28   28 2020-01-26       0    3884
29   29 2020-01-27       0    4035
30   30 2020-01-28       0    4191
31   31 2020-01-29       0    4354
32   32 2020-01-30       0    4523
33   33 2020-01-31       0    4698
34   34 2020-02-01       0    4880
35   35 2020-02-02       0    5070
36   36 2020-02-03       0    5266
37   37 2020-02-04       0    5470
38   38 2020-02-05       0    5683
39   39 2020-02-06       0    5903
40   40 2020-02-07       0    6132
41   41 2020-02-08       0    6370
42   42 2020-02-09       0    6617
43   43 2020-02-10       0    6873
44   44 2020-02-11       0    7140
45   45 2020-02-12       0    7417
46   46 2020-02-13       0    7704
47   47 2020-02-14       0    8003
48   48 2020-02-15       0    8313
49   49 2020-02-16       0    8636
50   50 2020-02-17       0    8971
51   51 2020-02-18       0    9319
52   52 2020-02-19       0    9680
53   53 2020-02-20       0   10055
54   54 2020-02-21       0   10445
55   55 2020-02-22       0   10850
56   56 2020-02-23       0   11271
57   57 2020-02-24       0   11708
58   58 2020-02-25       1   12162
59   59 2020-02-26       1   12634
60   60 2020-02-27       1   13124
61   61 2020-02-28       1   13633
62   62 2020-02-29       2   14161
63   63 2020-03-01       2   14710
64   64 2020-03-02       2   15281
65   65 2020-03-03       2   15873
66   66 2020-03-04       3   16489
67   67 2020-03-05       8   17128
68   68 2020-03-06      13   17793
69   69 2020-03-07      13   18483
70   70 2020-03-08      25   19199
71   71 2020-03-09      25   19944
72   72 2020-03-10      34   20717
73   73 2020-03-11      52   21521
74   74 2020-03-12      77   22355
75   75 2020-03-13      98   23222
76   76 2020-03-14     121   24123
77   77 2020-03-15     200   25058
78   78 2020-03-16     234   26030
79   79 2020-03-17     291   27039
80   80 2020-03-18     428   28088
81   81 2020-03-19     621   29177
82   82 2020-03-20     904   30308
83   83 2020-03-21    1128   31484
84   84 2020-03-22    1546   32705
85   85 2020-03-23    1891   33973
86   86 2020-03-24    2201   35290
87   87 2020-03-25    2433   36659
88   88 2020-03-26    2915   38080
89   89 2020-03-27    3417   39557
90   90 2020-03-28    3904   41091
91   91 2020-03-29    4256   42684
92   92 2020-03-30    4579   44340
93   93 2020-03-31    5717   46059
94   94 2020-04-01    6836   47845
95   95 2020-04-02    7910   49701
96   96 2020-04-03    9056   51628
97   97 2020-04-04   10278   53630
98   98 2020-04-05   11130   55710
99   99 2020-04-06   12056   57870
100 100 2020-04-07   13717   60114
101 101 2020-04-08   15927   62445
102 102 2020-04-09   17857   64867
103 103 2020-04-10   19638   67382
104 104 2020-04-11   20727   69995
105 105 2020-04-12   22169   72710
106 106 2020-04-13   23430   75529
107 107 2020-04-14   25262   78458
108 108 2020-04-15   28320   81501
109 109 2020-04-16   30425   84661
110 110 2020-04-17   33682   87944
111 111 2020-04-18   36599   91355
112 112 2020-04-19   38654   94897
113 113 2020-04-20   40581   98577
114 114 2020-04-21   43079  102400
115 115 2020-04-22   45757  106371
116 116 2020-04-23   49492  110496
117 117 2020-04-24   52995  114781
118 118 2020-04-25   58509  119232
119 119 2020-04-26   61888  123855
120 120 2020-04-27   66501  128658
121 121 2020-04-28   71886  133648
122 122 2020-04-29   78162  138830
123 123 2020-04-30   85380  144214
124 124 2020-05-01   91589  149806
125 125 2020-05-02   96559  155616
126 126 2020-05-03  101147  161650
127 127 2020-05-04  107780  167919
128 128 2020-05-05  114715  174431
129 129 2020-05-06  125218  181195
130 130 2020-05-07  135106  188221
131 131 2020-05-08  145328  195520
132 132 2020-05-09  155939  203102
133 133 2020-05-10  162699  210978
134 134 2020-05-11  168331  219160
135 135 2020-05-12  177589  227658
136 136 2020-05-13  188974  236487
137 137 2020-05-14  202918  245657
138 138 2020-05-15  218223  255184
139 139 2020-05-16  233142  265079
140 140 2020-05-17  241080  275359
141 141 2020-05-18  254220  286037
142 142 2020-05-19  271628  297129
143 143 2020-05-20  291579  308651
144 144 2020-05-21  310087  320620
145 145 2020-05-22  330890  333054
146 146 2020-05-23  347398  345969
147 147 2020-05-24  363211  359385
148 148 2020-05-25  374898  373322
149 149 2020-05-26  391222  387799
150 150 2020-05-27  411821  402837
151 151 2020-05-28  438238  418458
152 152 2020-05-29  465166  434686
153 153 2020-05-30  498440  451542
154 154 2020-05-31  514849  469052
155 155 2020-06-01  526447  487242
156 156 2020-06-02  555383  506136
157 157 2020-06-03  584016  525764
158 158 2020-06-04  614932  546152
159 159 2020-06-05  645762  567331
160 160 2020-06-06  672837  589332
161 161 2020-06-07  691758  612185
162 162 2020-06-08  707412  635925
163 163 2020-06-09  739503  660585
164 164 2020-06-10  772416  686202
165 165 2020-06-11  802828  712812
166 166 2020-06-12  828810  740454
167 167 2020-06-13  850514  769168
168 168 2020-06-14  867624  798995
169 169 2020-06-15  888271  829979
170 170 2020-06-16  923189  862164
171 171 2020-06-17  955377  895598
172 172 2020-06-18  978142  930328
173 173 2020-06-19 1032913  966405
174 174 2020-06-20 1067579 1003881
175 175 2020-06-21 1085038 1042810
176 176 2020-06-22 1106470 1083249
177 177 2020-06-23 1145906 1125256
178 178 2020-06-24 1188631 1168892
179 179 2020-06-25 1228114 1214220
180 180 2020-06-26 1274974 1261306
181 181 2020-06-27 1313667 1310218
182 182 2020-06-28 1344143 1361026
183 183 2020-06-29 1368195 1413805
184 184 2020-06-30 1402041 1468631
185 185 2020-07-01 1448753 1525582
186 186 2020-07-02 1496858 1584742
187 187 2020-07-03 1539081 1646196
188 188 2020-07-04 1578376 1710034

Intervalo de Confianca
         2.5%      97.5%
b  1138.94642 1566.96677
y0   25.66532   26.91826


Formula: x ~ SSexp(day, b, y0)

Parameters:
    Estimate Std. Error t value        Pr(>|t|)    
b  9491.5072  1069.7174   8.873 0.0000205711410 ***
y0   36.7709     0.8283  44.392 0.0000000000732 ***
---
Signif. codes:  0 ‘***’ 0.001 ‘**’ 0.01 ‘*’ 0.05 ‘.’ 0.1 ‘ ’ 1

Residual standard error: 7753 on 8 degrees of freedom

Number of iterations to convergence: 24 
Achieved convergence tolerance: 0.0000000149

Considerando os casos dos últimos 10 dias, temos:
Número de dias para dobrar:  36.8
Razao de crescimento:  9491.51

Todos os dados gerados
    country       dias otimista casos_estimados pessimista estimativa_mortes casos_confirmados mortes_confirmadas latitude longitude
1    Brazil 2019-12-30     1143            1391       1639                57                 0                  0        0         0
2    Brazil 2019-12-31     1188            1445       1702                59                 0                  0        0         0
3    Brazil 2020-01-01     1234            1501       1768                61                 0                  0        0         0
4    Brazil 2020-01-02     1281            1559       1837                64                 0                  0        0         0
5    Brazil 2020-01-03     1331            1619       1907                66                 0                  0        0         0
6    Brazil 2020-01-04     1383            1682       1981                69                 0                  0        0         0
7    Brazil 2020-01-05     1436            1747       2058                71                 0                  0        0         0
8    Brazil 2020-01-06     1492            1815       2138                74                 0                  0        0         0
9    Brazil 2020-01-07     1549            1885       2221                77                 0                  0        0         0
10   Brazil 2020-01-08     1609            1958       2307                80                 0                  0        0         0
11   Brazil 2020-01-09     1672            2034       2396                83                 0                  0        0         0
12   Brazil 2020-01-10     1737            2113       2489                86                 0                  0        0         0
13   Brazil 2020-01-11     1804            2195       2586                90                 0                  0        0         0
14   Brazil 2020-01-12     1874            2280       2686                93                 0                  0        0         0
15   Brazil 2020-01-13     1947            2369       2791                97                 0                  0        0         0
16   Brazil 2020-01-14     2023            2461       2899               100                 0                  0        0         0
17   Brazil 2020-01-15     2101            2556       3011               104                 0                  0        0         0
18   Brazil 2020-01-16     2182            2655       3128               108                 0                  0        0         0
19   Brazil 2020-01-17     2267            2758       3249               112                 0                  0        0         0
20   Brazil 2020-01-18     2355            2865       3375               117                 0                  0        0         0
21   Brazil 2020-01-19     2446            2976       3506               121                 0                  0        0         0
22   Brazil 2020-01-20     2542            3092       3642               126                 0                  0        0         0
23   Brazil 2020-01-21     2639            3211       3783               131                 0                  0        0         0
24   Brazil 2020-01-22     2742            3336       3930               136                 0                  0        0         0
25   Brazil 2020-01-23     2848            3465       4082               141                 0                  0        0         0
26   Brazil 2020-01-24     2959            3600       4241               147                 0                  0        0         0
27   Brazil 2020-01-25     3073            3739       4405               152                 0                  0        0         0
28   Brazil 2020-01-26     3193            3884       4575               158                 0                  0        0         0
29   Brazil 2020-01-27     3317            4035       4753               165                 0                  0        0         0
30   Brazil 2020-01-28     3445            4191       4937               171                 0                  0        0         0
31   Brazil 2020-01-29     3579            4354       5129               178                 0                  0        0         0
32   Brazil 2020-01-30     3718            4523       5328               184                 0                  0        0         0
33   Brazil 2020-01-31     3862            4698       5534               192                 0                  0        0         0
34   Brazil 2020-02-01     4011            4880       5749               199                 0                  0        0         0
35   Brazil 2020-02-02     4167            5070       5973               207                 0                  0        0         0
36   Brazil 2020-02-03     4329            5266       6203               215                 0                  0        0         0
37   Brazil 2020-02-04     4496            5470       6444               223                 0                  0        0         0
38   Brazil 2020-02-05     4671            5683       6695               232                 0                  0        0         0
39   Brazil 2020-02-06     4852            5903       6954               241                 0                  0        0         0
40   Brazil 2020-02-07     5040            6132       7224               250                 0                  0        0         0
41   Brazil 2020-02-08     5236            6370       7504               260                 0                  0        0         0
42   Brazil 2020-02-09     5439            6617       7795               270                 0                  0        0         0
43   Brazil 2020-02-10     5649            6873       8097               280                 0                  0        0         0
44   Brazil 2020-02-11     5869            7140       8411               291                 0                  0        0         0
45   Brazil 2020-02-12     6097            7417       8737               302                 0                  0        0         0
46   Brazil 2020-02-13     6333            7704       9075               314                 0                  0        0         0
47   Brazil 2020-02-14     6578            8003       9428               326                 0                  0        0         0
48   Brazil 2020-02-15     6833            8313       9793               339                 0                  0        0         0
49   Brazil 2020-02-16     7099            8636      10173               352                 0                  0        0         0
50   Brazil 2020-02-17     7374            8971      10568               366                 0                  0        0         0
51   Brazil 2020-02-18     7660            9319      10978               380                 0                  0        0         0
52   Brazil 2020-02-19     7957            9680      11403               395                 0                  0        0         0
53   Brazil 2020-02-20     8265           10055      11845               410                 0                  0        0         0
54   Brazil 2020-02-21     8586           10445      12304               426                 0                  0        0         0
55   Brazil 2020-02-22     8918           10850      12782               442                 0                  0        0         0
56   Brazil 2020-02-23     9264           11271      13278               460                 0                  0        0         0
57   Brazil 2020-02-24     9624           11708      13792               477                 0                  0        0         0
58   Brazil 2020-02-25     9997           12162      14327               496                 1                  0        0         0
59   Brazil 2020-02-26    10385           12634      14883               515                 1                  0        0         0
60   Brazil 2020-02-27    10788           13124      15460               535                 1                  0        0         0
61   Brazil 2020-02-28    11206           13633      16060               556                 1                  0        0         0
62   Brazil 2020-02-29    11640           14161      16682               577                 2                  0        0         0
63   Brazil 2020-03-01    12091           14710      17329               600                 2                  0        0         0
64   Brazil 2020-03-02    12561           15281      18001               623                 2                  0        0         0
65   Brazil 2020-03-03    13047           15873      18699               647                 2                  0        0         0
66   Brazil 2020-03-04    13554           16489      19424               672                 3                  0        0         0
67   Brazil 2020-03-05    14079           17128      20177               698                 8                  0        0         0
68   Brazil 2020-03-06    14625           17793      20961               726                13                  0        0         0
69   Brazil 2020-03-07    15193           18483      21773               754                13                  0        0         0
70   Brazil 2020-03-08    15781           19199      22617               783                25                  0        0         0
71   Brazil 2020-03-09    16393           19944      23495               813                25                  0        0         0
72   Brazil 2020-03-10    17029           20717      24405               845                34                  0        0         0
73   Brazil 2020-03-11    17690           21521      25352               878                52                  0        0         0
74   Brazil 2020-03-12    18375           22355      26335               912                77                  0        0         0
75   Brazil 2020-03-13    19088           23222      27356               947                98                  0        0         0
76   Brazil 2020-03-14    19829           24123      28417               984               121                  0        0         0
77   Brazil 2020-03-15    20597           25058      29519              1022               200                  0        0         0
78   Brazil 2020-03-16    21396           26030      30664              1061               234                  1        0         0
79   Brazil 2020-03-17    22225           27039      31853              1103               291                  4        0         0
80   Brazil 2020-03-18    23088           28088      33088              1145               428                  6        0         0
81   Brazil 2020-03-19    23983           29177      34371              1190               621                 11        0         0
82   Brazil 2020-03-20    24912           30308      35704              1236               904                 18        0         0
83   Brazil 2020-03-21    25879           31484      37089              1284              1128                 25        0         0
84   Brazil 2020-03-22    26883           32705      38527              1334              1546                 34        0         0
85   Brazil 2020-03-23    27925           33973      40021              1385              1891                 46        0         0
86   Brazil 2020-03-24    29008           35290      41572              1439              2201                 57        0         0
87   Brazil 2020-03-25    30133           36659      43185              1495              2433                 77        0         0
88   Brazil 2020-03-26    31301           38080      44859              1553              2915                 92        0         0
89   Brazil 2020-03-27    32515           39557      46599              1613              3417                114        0         0
90   Brazil 2020-03-28    33776           41091      48406              1676              3904                136        0         0
91   Brazil 2020-03-29    35085           42684      50283              1741              4256                159        0         0
92   Brazil 2020-03-30    36446           44340      52234              1808              4579                201        0         0
93   Brazil 2020-03-31    37859           46059      54259              1878              5717                241        0         0
94   Brazil 2020-04-01    39327           47845      56363              1951              6836                299        0         0
95   Brazil 2020-04-02    40853           49701      58549              2027              7910                359        0         0
96   Brazil 2020-04-03    42437           51628      60819              2105              9056                432        0         0
97   Brazil 2020-04-04    44083           53630      63177              2187             10278                486        0         0
98   Brazil 2020-04-05    45792           55710      65628              2272             11130                553        0         0
99   Brazil 2020-04-06    47568           57870      68172              2360             12056                667        0         0
100  Brazil 2020-04-07    49412           60114      70816              2451             13717                800        0         0
101  Brazil 2020-04-08    51328           62445      73562              2546             15927                941        0         0
102  Brazil 2020-04-09    53319           64867      76415              2645             17857               1056        0         0
103  Brazil 2020-04-10    55386           67382      79378              2748             19638               1124        0         0
104  Brazil 2020-04-11    57534           69995      82456              2854             20727               1223        0         0
105  Brazil 2020-04-12    59766           72710      85654              2965             22169               1328        0         0
106  Brazil 2020-04-13    62083           75529      88975              3080             23430               1532        0         0
107  Brazil 2020-04-14    64491           78458      92425              3199             25262               1736        0         0
108  Brazil 2020-04-15    66992           81501      96010              3324             28320               1924        0         0
109  Brazil 2020-04-16    69589           84661      99733              3452             30425               2141        0         0
110  Brazil 2020-04-17    72288           87944     103600              3586             33682               2347        0         0
111  Brazil 2020-04-18    75092           91355     107618              3725             36599               2462        0         0
112  Brazil 2020-04-19    78003           94897     111791              3870             38654               2575        0         0
113  Brazil 2020-04-20    81028           98577     116126              4020             40581               2741        0         0
114  Brazil 2020-04-21    84170          102400     120630              4176             43079               2906        0         0
115  Brazil 2020-04-22    87434          106371     125308              4338             45757               3313        0         0
116  Brazil 2020-04-23    90825          110496     130167              4506             49492               3670        0         0
117  Brazil 2020-04-24    94347          114781     135215              4681             52995               4016        0         0
118  Brazil 2020-04-25    98006          119232     140458              4862             58509               4205        0         0
119  Brazil 2020-04-26   101806          123855     145904              5051             61888               4543        0         0
120  Brazil 2020-04-27   105754          128658     151562              5247             66501               5017        0         0
121  Brazil 2020-04-28   109856          133648     157440              5450             71886               5466        0         0
122  Brazil 2020-04-29   114115          138830     163545              5661             78162               5901        0         0
123  Brazil 2020-04-30   118541          144214     169887              5881             85380               6329        0         0
124  Brazil 2020-05-01   123137          149806     176475              6109             91589               6750        0         0
125  Brazil 2020-05-02   127913          155616     183319              6346             96559               7025        0         0
126  Brazil 2020-05-03   132872          161650     190428              6592            101147               7321        0         0
127  Brazil 2020-05-04   138025          167919     197813              6848            107780               7921        0         0
128  Brazil 2020-05-05   143378          174431     205484              7113            114715               8536        0         0
129  Brazil 2020-05-06   148938          181195     213452              7389            125218               9146        0         0
130  Brazil 2020-05-07   154713          188221     221729              7676            135106               9897        0         0
131  Brazil 2020-05-08   160713          195520     230327              7973            145328              10627        0         0
132  Brazil 2020-05-09   166945          203102     239259              8282            155939              11123        0         0
133  Brazil 2020-05-10   173419          210978     248537              8604            162699              11519        0         0
134  Brazil 2020-05-11   180144          219160     258176              8937            168331              12400        0         0
135  Brazil 2020-05-12   187130          227658     268186              9284            177589              13149        0         0
136  Brazil 2020-05-13   194387          236487     278587              9644            188974              13993        0         0
137  Brazil 2020-05-14   201924          245657     289390             10018            202918              14817        0         0
138  Brazil 2020-05-15   209755          255184     300613             10406            218223              15633        0         0
139  Brazil 2020-05-16   217889          265079     312269             10810            233142              16118        0         0
140  Brazil 2020-05-17   226339          275359     324379             11229            241080              16792        0         0
141  Brazil 2020-05-18   235116          286037     336958             11664            254220              17971        0         0
142  Brazil 2020-05-19   244233          297129     350025             12117            271628              18859        0         0
143  Brazil 2020-05-20   253704          308651     363598             12587            291579              20047        0         0
144  Brazil 2020-05-21   263542          320620     377698             13075            310087              21048        0         0
145  Brazil 2020-05-22   273763          333054     392345             13582            330890              22013        0         0
146  Brazil 2020-05-23   284378          345969     407560             14108            347398              22666        0         0
147  Brazil 2020-05-24   295406          359385     423364             14655            363211              23473        0         0
148  Brazil 2020-05-25   306862          373322     439782             15224            374898              24512        0         0
149  Brazil 2020-05-26   318762          387799     456836             15814            391222              25598        0         0
150  Brazil 2020-05-27   331123          402837     474551             16427            411821              26754        0         0
151  Brazil 2020-05-28   343963          418458     492953             17064            438238              27878        0         0
152  Brazil 2020-05-29   357302          434686     512070             17726            465166              28834        0         0
153  Brazil 2020-05-30   371157          451542     531927             18414            498440              29314        0         0
154  Brazil 2020-05-31   385550          469052     552554             19128            514849              29937        0         0
155  Brazil 2020-06-01   400501          487242     573983             19869            526447              31199        0         0
156  Brazil 2020-06-02   416032          506136     596240             20640            555383              32548        0         0
157  Brazil 2020-06-03   432166          525764     619362             21440            584016              34021        0         0
158  Brazil 2020-06-04   448924          546152     643380             22272            614932              35026        0         0
159  Brazil 2020-06-05   466333          567331     668329             23135            645762              35930        0         0
160  Brazil 2020-06-06   484417          589332     694247             24033            672837              36455        0         0
161  Brazil 2020-06-07   503202          612185     721168             24964            691758              37134        0         0
162  Brazil 2020-06-08   522715          635925     749135             25933            707412              38406        0         0
163  Brazil 2020-06-09   542985          660585     778185             26938            739503              39680        0         0
164  Brazil 2020-06-10   564042          686202     808362             27983            772416              40919        0         0
165  Brazil 2020-06-11   585915          712812     839709             29068            802828              41828        0         0
166  Brazil 2020-06-12   608636          740454     872272             30195            828810              42720        0         0
167  Brazil 2020-06-13   632238          769168     906098             31366            850514              43332        0         0
168  Brazil 2020-06-14   656755          798995     941235             32582            867624              43959        0         0
169  Brazil 2020-06-15   682223          829979     977735             33846            888271              45241        0         0
170  Brazil 2020-06-16   708679          862164    1015649             35158            923189              46510        0         0
171  Brazil 2020-06-17   736160          895598    1055036             36522            955377              47748        0         0
172  Brazil 2020-06-18   764708          930328    1095948             37938            978142              48954        0         0
173  Brazil 2020-06-19   794362          966405    1138448             39409           1032913              49976        0         0
174  Brazil 2020-06-20   825167         1003881    1182595             40938           1067579              50617        0         0
175  Brazil 2020-06-21   857165         1042810    1228455             42525           1085038              51271        0         0
176  Brazil 2020-06-22   890405         1083249    1276093             44174           1106470              52645        0         0
177  Brazil 2020-06-23   924934         1125256    1325578             45887           1145906              53830        0         0
178  Brazil 2020-06-24   960802         1168892    1376982             47667           1188631              54971        0         0
179  Brazil 2020-06-25   998060         1214220    1430380             49515           1228114              55961        0         0
180  Brazil 2020-06-26  1036764         1261306    1485848             51435           1274974              57070        0         0
181  Brazil 2020-06-27  1076968         1310218    1543468             53430           1313667              57622        0         0
182  Brazil 2020-06-28  1118731         1361026    1603321             55502           1344143              58314        0         0
183  Brazil 2020-06-29  1162114         1413805    1665496             57654           1368195              59594        0         0
184  Brazil 2020-06-30  1207180         1468631    1730082             59890           1402041              60632        0         0
185  Brazil 2020-07-01  1253992         1525582    1797172             62212           1448753              61884        0         0
186  Brazil 2020-07-02  1302621         1584742    1866863             64625           1496858              63174        0         0
187  Brazil 2020-07-03  1353134         1646196    1939258             67131           1539081              64365        0         0
188  Brazil 2020-07-04  1405608         1710034    2014460             69734           1578376              64365        0         0
189  Brazil 2020-07-05  1460115         1776347    2092579             72438                NA                 NA        0         0
190  Brazil 2020-07-06  1516736         1845231    2173726             75247                NA                 NA        0         0
191  Brazil 2020-07-07  1575554         1916787    2258020             78165                NA                 NA        0         0
192  Brazil 2020-07-08  1636651         1991117    2345583             81196                NA                 NA        0         0
193  Brazil 2020-07-09  1700119         2068330    2436541             84345                NA                 NA        0         0
194  Brazil 2020-07-10  1766047         2148537    2531027             87616                NA                 NA        0         0
195  Brazil 2020-07-11  1834532         2231855    2629178             91013                NA                 NA        0         0
196  Brazil 2020-07-12  1905673         2318403    2731133             94543                NA                 NA        0         0
197  Brazil 2020-07-13  1979572         2408308    2837044             98209                NA                 NA        0         0
198  Brazil 2020-07-14  2056338         2501699    2947060            102017                NA                 NA        0         0

Fontes:
	OMS - https://ourworldindata.org/coronavirus-source-data
	Worldometers - https://www.worldometers.info/coronavirus