
 Italy 
Projecao:  7  dias
Gerado em:  2020-06-12 19:26:14
RMSE(%):  41 , BIAS(%): 7.84

Taxa de Mortalidade 14.48 %

    country       dias otimista casos_estimados pessimista estimativa_mortes casos_confirmados mortes_confirmadas latitude longitude
154   Italy 2020-05-31   150663          255258     359853             36968            233019              33475 41.87194  12.56738
155   Italy 2020-06-01   153333          259782     366231             37623            233197              33530 41.87194  12.56738
156   Italy 2020-06-02   156050          264385     372720             38290            233515              33601 41.87194  12.56738
157   Italy 2020-06-03   158816          269070     379324             38968            233836              33689 41.87194  12.56738
158   Italy 2020-06-04   161630          273839     386048             39659            234013              33774 41.87194  12.56738
159   Italy 2020-06-05   164495          278692     392889             40362            234531              33846 41.87194  12.56738
160   Italy 2020-06-06   167409          283630     399851             41077            234801              33899 41.87194  12.56738
161   Italy 2020-06-07   170377          288657     406937             41805            234998              33964 41.87194  12.56738
162   Italy 2020-06-08   173396          293772     414148             42546            235278              34043 41.87194  12.56738
163   Italy 2020-06-09   176468          298978     421488             43300            235561              34114 41.87194  12.56738
164   Italy 2020-06-10   179595          304276     428957             44067            235763              34167 41.87194  12.56738
165   Italy 2020-06-11   182779          309669     436559             44848            236142              34223 41.87194  12.56738
166   Italy 2020-06-12   186017          315156     444295             45643            236305              34223 41.87194  12.56738
167   Italy 2020-06-13   189314          320741     452168             46451                NA                 NA 41.87194  12.56738
168   Italy 2020-06-14   192669          326425     460181             47275                NA                 NA 41.87194  12.56738
169   Italy 2020-06-15   196083          332210     468337             48112                NA                 NA 41.87194  12.56738
170   Italy 2020-06-16   199558          338097     476636             48965                NA                 NA 41.87194  12.56738
171   Italy 2020-06-17   203095          344089     485083             49833                NA                 NA 41.87194  12.56738
172   Italy 2020-06-18   206693          350186     493679             50716                NA                 NA 41.87194  12.56738
173   Italy 2020-06-19   210356          356392     502428             51615                NA                 NA 41.87194  12.56738

Total de casos no mundo:  7718680 2418825 1351250 2173542 1538625 226816 8901 721 7718680

Estimados a partir dos dados da OMS:
    day       date      x   xest
1     1 2019-12-30      0  17368
2     2 2019-12-31      0  17676
3     3 2020-01-01      0  17989
4     4 2020-01-02      0  18308
5     5 2020-01-03      0  18633
6     6 2020-01-04      0  18963
7     7 2020-01-05      0  19299
8     8 2020-01-06      0  19641
9     9 2020-01-07      0  19989
10   10 2020-01-08      0  20343
11   11 2020-01-09      0  20704
12   12 2020-01-10      0  21071
13   13 2020-01-11      0  21444
14   14 2020-01-12      0  21824
15   15 2020-01-13      0  22211
16   16 2020-01-14      0  22604
17   17 2020-01-15      0  23005
18   18 2020-01-16      0  23413
19   19 2020-01-17      0  23828
20   20 2020-01-18      0  24250
21   21 2020-01-19      0  24680
22   22 2020-01-20      0  25117
23   23 2020-01-21      0  25562
24   24 2020-01-22      0  26015
25   25 2020-01-23      0  26476
26   26 2020-01-24      0  26945
27   27 2020-01-25      0  27423
28   28 2020-01-26      0  27909
29   29 2020-01-27      0  28403
30   30 2020-01-28      0  28907
31   31 2020-01-29      0  29419
32   32 2020-01-30      3  29940
33   33 2020-01-31      3  30471
34   34 2020-02-01      3  31011
35   35 2020-02-02      3  31560
36   36 2020-02-03      3  32120
37   37 2020-02-04      3  32689
38   38 2020-02-05      3  33268
39   39 2020-02-06      3  33858
40   40 2020-02-07      3  34458
41   41 2020-02-08      3  35068
42   42 2020-02-09      3  35690
43   43 2020-02-10      3  36322
44   44 2020-02-11      3  36966
45   45 2020-02-12      3  37621
46   46 2020-02-13      3  38288
47   47 2020-02-14      3  38966
48   48 2020-02-15      3  39657
49   49 2020-02-16      3  40360
50   50 2020-02-17      3  41075
51   51 2020-02-18      3  41803
52   52 2020-02-19      3  42544
53   53 2020-02-20      3  43297
54   54 2020-02-21     17  44065
55   55 2020-02-22     79  44846
56   56 2020-02-23    132  45640
57   57 2020-02-24    229  46449
58   58 2020-02-25    322  47272
59   59 2020-02-26    400  48110
60   60 2020-02-27    650  48963
61   61 2020-02-28    888  49830
62   62 2020-02-29   1128  50713
63   63 2020-03-01   1689  51612
64   64 2020-03-02   2036  52527
65   65 2020-03-03   2502  53458
66   66 2020-03-04   3089  54405
67   67 2020-03-05   3858  55369
68   68 2020-03-06   4636  56350
69   69 2020-03-07   5883  57349
70   70 2020-03-08   7375  58365
71   71 2020-03-09   9172  59399
72   72 2020-03-10  10149  60452
73   73 2020-03-11  12462  61523
74   74 2020-03-12  15113  62614
75   75 2020-03-13  17660  63723
76   76 2020-03-14  21157  64853
77   77 2020-03-15  23980  66002
78   78 2020-03-16  27980  67171
79   79 2020-03-17  31506  68362
80   80 2020-03-18  35713  69573
81   81 2020-03-19  41035  70806
82   82 2020-03-20  47021  72061
83   83 2020-03-21  53578  73338
84   84 2020-03-22  59138  74638
85   85 2020-03-23  63927  75960
86   86 2020-03-24  69176  77306
87   87 2020-03-25  74386  78676
88   88 2020-03-26  80539  80071
89   89 2020-03-27  86498  81490
90   90 2020-03-28  92472  82934
91   91 2020-03-29  97689  84403
92   92 2020-03-30 101739  85899
93   93 2020-03-31 105792  87421
94   94 2020-04-01 110574  88971
95   95 2020-04-02 115242  90547
96   96 2020-04-03 119827  92152
97   97 2020-04-04 124632  93785
98   98 2020-04-05 128948  95447
99   99 2020-04-06 132547  97138
100 100 2020-04-07 135586  98860
101 101 2020-04-08 139422 100612
102 102 2020-04-09 143626 102395
103 103 2020-04-10 147577 104209
104 104 2020-04-11 152271 106056
105 105 2020-04-12 156363 107935
106 106 2020-04-13 159516 109848
107 107 2020-04-14 162488 111795
108 108 2020-04-15 165155 113776
109 109 2020-04-16 168941 115792
110 110 2020-04-17 172434 117844
111 111 2020-04-18 175925 119933
112 112 2020-04-19 178972 122058
113 113 2020-04-20 181228 124221
114 114 2020-04-21 183957 126422
115 115 2020-04-22 187327 128663
116 116 2020-04-23 189973 130943
117 117 2020-04-24 192994 133263
118 118 2020-04-25 195351 135625
119 119 2020-04-26 197675 138028
120 120 2020-04-27 199414 140474
121 121 2020-04-28 201505 142964
122 122 2020-04-29 203591 145497
123 123 2020-04-30 205463 148076
124 124 2020-05-01 207428 150700
125 125 2020-05-02 209328 153371
126 126 2020-05-03 210717 156088
127 127 2020-05-04 211938 158855
128 128 2020-05-05 213013 161670
129 129 2020-05-06 214457 164535
130 130 2020-05-07 215858 167450
131 131 2020-05-08 217185 170418
132 132 2020-05-09 218268 173438
133 133 2020-05-10 219070 176511
134 134 2020-05-11 219814 179639
135 135 2020-05-12 221216 182823
136 136 2020-05-13 222104 186063
137 137 2020-05-14 223096 189360
138 138 2020-05-15 223885 192716
139 139 2020-05-16 224760 196131
140 140 2020-05-17 225435 199607
141 141 2020-05-18 225886 203144
142 142 2020-05-19 226699 206744
143 143 2020-05-20 227364 210408
144 144 2020-05-21 228006 214136
145 145 2020-05-22 228658 217931
146 146 2020-05-23 229327 221793
147 147 2020-05-24 229858 225724
148 148 2020-05-25 230158 229724
149 149 2020-05-26 230555 233795
150 150 2020-05-27 231139 237938
151 151 2020-05-28 231732 242155
152 152 2020-05-29 232248 246446
153 153 2020-05-30 232664 250813
154 154 2020-05-31 233019 255258
155 155 2020-06-01 233197 259782
156 156 2020-06-02 233515 264385
157 157 2020-06-03 233836 269070
158 158 2020-06-04 234013 273839
159 159 2020-06-05 234531 278692
160 160 2020-06-06 234801 283630
161 161 2020-06-07 234998 288657
162 162 2020-06-08 235278 293772
163 163 2020-06-09 235561 298978
164 164 2020-06-10 235763 304276
165 165 2020-06-11 236142 309669
166 166 2020-06-12 236305 315156

Intervalo de Confianca
         2.5%       97.5%
b  13792.6240 20783.09517
y0    52.4943    61.85939


Formula: x ~ SSexp(day, b, y0)

Parameters:
    Estimate Std. Error t value            Pr(>|t|)    
b  194277.13    1177.71  164.96 0.00000000000000204 ***
y0    846.36      26.88   31.49 0.00000000112638793 ***
---
Signif. codes:  0 ‘***’ 0.001 ‘**’ 0.01 ‘*’ 0.05 ‘.’ 0.1 ‘ ’ 1

Residual standard error: 80.14 on 8 degrees of freedom

Number of iterations to convergence: 54 
Achieved convergence tolerance: 0.0000000149

Considerando os casos dos últimos 10 dias, temos:
Número de dias para dobrar:  846.4
Razao de crescimento:  194277.1

Todos os dados gerados
    country       dias otimista casos_estimados pessimista estimativa_mortes casos_confirmados mortes_confirmadas latitude longitude
1     Italy 2019-12-30    10251           17368      24485              2515                 0                  0 41.87194  12.56738
2     Italy 2019-12-31    10433           17676      24919              2560                 0                  0 41.87194  12.56738
3     Italy 2020-01-01    10618           17989      25360              2605                 0                  0 41.87194  12.56738
4     Italy 2020-01-02    10806           18308      25810              2651                 0                  0 41.87194  12.56738
5     Italy 2020-01-03    10998           18633      26268              2699                 0                  0 41.87194  12.56738
6     Italy 2020-01-04    11193           18963      26733              2746                 0                  0 41.87194  12.56738
7     Italy 2020-01-05    11391           19299      27207              2795                 0                  0 41.87194  12.56738
8     Italy 2020-01-06    11593           19641      27689              2845                 0                  0 41.87194  12.56738
9     Italy 2020-01-07    11798           19989      28180              2895                 0                  0 41.87194  12.56738
10    Italy 2020-01-08    12007           20343      28679              2946                 0                  0 41.87194  12.56738
11    Italy 2020-01-09    12220           20704      29188              2998                 0                  0 41.87194  12.56738
12    Italy 2020-01-10    12437           21071      29705              3052                 0                  0 41.87194  12.56738
13    Italy 2020-01-11    12657           21444      30231              3106                 0                  0 41.87194  12.56738
14    Italy 2020-01-12    12881           21824      30767              3161                 0                  0 41.87194  12.56738
15    Italy 2020-01-13    13110           22211      31312              3217                 0                  0 41.87194  12.56738
16    Italy 2020-01-14    13342           22604      31866              3274                 0                  0 41.87194  12.56738
17    Italy 2020-01-15    13578           23005      32432              3332                 0                  0 41.87194  12.56738
18    Italy 2020-01-16    13819           23413      33007              3391                 0                  0 41.87194  12.56738
19    Italy 2020-01-17    14064           23828      33592              3451                 0                  0 41.87194  12.56738
20    Italy 2020-01-18    14313           24250      34187              3512                 0                  0 41.87194  12.56738
21    Italy 2020-01-19    14567           24680      34793              3574                 0                  0 41.87194  12.56738
22    Italy 2020-01-20    14825           25117      35409              3638                 0                  0 41.87194  12.56738
23    Italy 2020-01-21    15088           25562      36036              3702                 0                  0 41.87194  12.56738
24    Italy 2020-01-22    15355           26015      36675              3768                 0                  0 41.87194  12.56738
25    Italy 2020-01-23    15627           26476      37325              3834                 0                  0 41.87194  12.56738
26    Italy 2020-01-24    15904           26945      37986              3902                 0                  0 41.87194  12.56738
27    Italy 2020-01-25    16186           27423      38660              3972                 0                  0 41.87194  12.56738
28    Italy 2020-01-26    16473           27909      39345              4042                 0                  0 41.87194  12.56738
29    Italy 2020-01-27    16765           28403      40041              4113                 0                  0 41.87194  12.56738
30    Italy 2020-01-28    17062           28907      40752              4186                 0                  0 41.87194  12.56738
31    Italy 2020-01-29    17364           29419      41474              4261                 0                  0 41.87194  12.56738
32    Italy 2020-01-30    17672           29940      42208              4336                 3                  0 41.87194  12.56738
33    Italy 2020-01-31    17985           30471      42957              4413                 3                  0 41.87194  12.56738
34    Italy 2020-02-01    18304           31011      43718              4491                 3                  0 41.87194  12.56738
35    Italy 2020-02-02    18628           31560      44492              4571                 3                  0 41.87194  12.56738
36    Italy 2020-02-03    18958           32120      45282              4652                 3                  0 41.87194  12.56738
37    Italy 2020-02-04    19294           32689      46084              4734                 3                  0 41.87194  12.56738
38    Italy 2020-02-05    19636           33268      46900              4818                 3                  0 41.87194  12.56738
39    Italy 2020-02-06    19984           33858      47732              4904                 3                  0 41.87194  12.56738
40    Italy 2020-02-07    20338           34458      48578              4990                 3                  0 41.87194  12.56738
41    Italy 2020-02-08    20698           35068      49438              5079                 3                  0 41.87194  12.56738
42    Italy 2020-02-09    21066           35690      50314              5169                 3                  0 41.87194  12.56738
43    Italy 2020-02-10    21439           36322      51205              5260                 3                  0 41.87194  12.56738
44    Italy 2020-02-11    21819           36966      52113              5354                 3                  0 41.87194  12.56738
45    Italy 2020-02-12    22205           37621      53037              5448                 3                  0 41.87194  12.56738
46    Italy 2020-02-13    22599           38288      53977              5545                 3                  0 41.87194  12.56738
47    Italy 2020-02-14    22999           38966      54933              5643                 3                  0 41.87194  12.56738
48    Italy 2020-02-15    23407           39657      55907              5743                 3                  0 41.87194  12.56738
49    Italy 2020-02-16    23822           40360      56898              5845                 3                  0 41.87194  12.56738
50    Italy 2020-02-17    24244           41075      57906              5949                 3                  0 41.87194  12.56738
51    Italy 2020-02-18    24674           41803      58932              6054                 3                  0 41.87194  12.56738
52    Italy 2020-02-19    25111           42544      59977              6161                 3                  0 41.87194  12.56738
53    Italy 2020-02-20    25556           43297      61038              6271                 3                  0 41.87194  12.56738
54    Italy 2020-02-21    26009           44065      62121              6382                17                  2 41.87194  12.56738
55    Italy 2020-02-22    26470           44846      63222              6495                79                  2 41.87194  12.56738
56    Italy 2020-02-23    26938           45640      64342              6610               132                  6 41.87194  12.56738
57    Italy 2020-02-24    27416           46449      65482              6727               229                 11 41.87194  12.56738
58    Italy 2020-02-25    27902           47272      66642              6846               322                 12 41.87194  12.56738
59    Italy 2020-02-26    28396           48110      67824              6968               400                 17 41.87194  12.56738
60    Italy 2020-02-27    28900           48963      69026              7091               650                 21 41.87194  12.56738
61    Italy 2020-02-28    29412           49830      70248              7217               888                 29 41.87194  12.56738
62    Italy 2020-02-29    29933           50713      71493              7345              1128                 35 41.87194  12.56738
63    Italy 2020-03-01    30463           51612      72761              7475              1689                 52 41.87194  12.56738
64    Italy 2020-03-02    31003           52527      74051              7607              2036                 80 41.87194  12.56738
65    Italy 2020-03-03    31553           53458      75363              7742              2502                107 41.87194  12.56738
66    Italy 2020-03-04    32112           54405      76698              7879              3089                148 41.87194  12.56738
67    Italy 2020-03-05    32681           55369      78057              8019              3858                197 41.87194  12.56738
68    Italy 2020-03-06    33260           56350      79440              8161              4636                233 41.87194  12.56738
69    Italy 2020-03-07    33850           57349      80848              8306              5883                366 41.87194  12.56738
70    Italy 2020-03-08    34449           58365      82281              8453              7375                464 41.87194  12.56738
71    Italy 2020-03-09    35060           59399      83738              8602              9172                631 41.87194  12.56738
72    Italy 2020-03-10    35681           60452      85223              8755             10149                827 41.87194  12.56738
73    Italy 2020-03-11    36313           61523      86733              8910             12462               1016 41.87194  12.56738
74    Italy 2020-03-12    36957           62614      88271              9068             15113               1268 41.87194  12.56738
75    Italy 2020-03-13    37612           63723      89834              9229             17660               1441 41.87194  12.56738
76    Italy 2020-03-14    38279           64853      91427              9392             21157               1811 41.87194  12.56738
77    Italy 2020-03-15    38957           66002      93047              9559             23980               2158 41.87194  12.56738
78    Italy 2020-03-16    39647           67171      94695              9728             27980               2505 41.87194  12.56738
79    Italy 2020-03-17    40350           68362      96374              9901             31506               2978 41.87194  12.56738
80    Italy 2020-03-18    41065           69573      98081             10076             35713               3407 41.87194  12.56738
81    Italy 2020-03-19    41792           70806      99820             10255             41035               4032 41.87194  12.56738
82    Italy 2020-03-20    42533           72061     101589             10436             47021               4827 41.87194  12.56738
83    Italy 2020-03-21    43287           73338     103389             10621             53578               5476 41.87194  12.56738
84    Italy 2020-03-22    44054           74638     105222             10809             59138               6077 41.87194  12.56738
85    Italy 2020-03-23    44835           75960     107085             11001             63927               6820 41.87194  12.56738
86    Italy 2020-03-24    45629           77306     108983             11196             69176               7505 41.87194  12.56738
87    Italy 2020-03-25    46438           78676     110914             11394             74386               8165 41.87194  12.56738
88    Italy 2020-03-26    47261           80071     112881             11596             80539               9136 41.87194  12.56738
89    Italy 2020-03-27    48099           81490     114881             11802             86498              10023 41.87194  12.56738
90    Italy 2020-03-28    48951           82934     116917             12011             92472              10781 41.87194  12.56738
91    Italy 2020-03-29    49818           84403     118988             12224             97689              11591 41.87194  12.56738
92    Italy 2020-03-30    50701           85899     121097             12440            101739              12430 41.87194  12.56738
93    Italy 2020-03-31    51599           87421     123243             12661            105792              13157 41.87194  12.56738
94    Italy 2020-04-01    52514           88971     125428             12885            110574              13917 41.87194  12.56738
95    Italy 2020-04-02    53444           90547     127650             13114            115242              14681 41.87194  12.56738
96    Italy 2020-04-03    54392           92152     129912             13346            119827              15362 41.87194  12.56738
97    Italy 2020-04-04    55356           93785     132214             13582            124632              15889 41.87194  12.56738
98    Italy 2020-04-05    56337           95447     134557             13823            128948              16525 41.87194  12.56738
99    Italy 2020-04-06    57335           97138     136941             14068            132547              17129 41.87194  12.56738
100   Italy 2020-04-07    58351           98860     139369             14317            135586              17669 41.87194  12.56738
101   Italy 2020-04-08    59385          100612     141839             14571            139422              18281 41.87194  12.56738
102   Italy 2020-04-09    60437          102395     144353             14829            143626              18851 41.87194  12.56738
103   Italy 2020-04-10    61508          104209     146910             15092            147577              19470 41.87194  12.56738
104   Italy 2020-04-11    62598          106056     149514             15360            152271              19901 41.87194  12.56738
105   Italy 2020-04-12    63707          107935     152163             15632            156363              20465 41.87194  12.56738
106   Italy 2020-04-13    64837          109848     154859             15909            159516              21069 41.87194  12.56738
107   Italy 2020-04-14    65986          111795     157604             16191            162488              21647 41.87194  12.56738
108   Italy 2020-04-15    67155          113776     160397             16478            165155              22172 41.87194  12.56738
109   Italy 2020-04-16    68345          115792     163239             16770            168941              22747 41.87194  12.56738
110   Italy 2020-04-17    69556          117844     166132             17067            172434              23227 41.87194  12.56738
111   Italy 2020-04-18    70789          119933     169077             17369            175925              23660 41.87194  12.56738
112   Italy 2020-04-19    72043          122058     172073             17677            178972              24114 41.87194  12.56738
113   Italy 2020-04-20    73320          124221     175122             17990            181228              24648 41.87194  12.56738
114   Italy 2020-04-21    74619          126422     178225             18309            183957              25085 41.87194  12.56738
115   Italy 2020-04-22    75942          128663     181384             18634            187327              25549 41.87194  12.56738
116   Italy 2020-04-23    77288          130943     184598             18964            189973              25969 41.87194  12.56738
117   Italy 2020-04-24    78657          133263     187869             19300            192994              26384 41.87194  12.56738
118   Italy 2020-04-25    80051          135625     191199             19642            195351              26644 41.87194  12.56738
119   Italy 2020-04-26    81469          138028     194587             19990            197675              26977 41.87194  12.56738
120   Italy 2020-04-27    82913          140474     198035             20344            199414              27359 41.87194  12.56738
121   Italy 2020-04-28    84383          142964     201545             20705            201505              27682 41.87194  12.56738
122   Italy 2020-04-29    85878          145497     205116             21072            203591              27967 41.87194  12.56738
123   Italy 2020-04-30    87400          148076     208752             21445            205463              28236 41.87194  12.56738
124   Italy 2020-05-01    88949          150700     212451             21825            207428              28710 41.87194  12.56738
125   Italy 2020-05-02    90525          153371     216217             22212            209328              28884 41.87194  12.56738
126   Italy 2020-05-03    92129          156088     220047             22606            210717              29079 41.87194  12.56738
127   Italy 2020-05-04    93762          158855     223948             23006            211938              29315 41.87194  12.56738
128   Italy 2020-05-05    95424          161670     227916             23414            213013              29684 41.87194  12.56738
129   Italy 2020-05-06    97115          164535     231955             23829            214457              29958 41.87194  12.56738
130   Italy 2020-05-07    98835          167450     236065             24251            215858              30201 41.87194  12.56738
131   Italy 2020-05-08   100587          170418     240249             24681            217185              30395 41.87194  12.56738
132   Italy 2020-05-09   102370          173438     244506             25118            218268              30560 41.87194  12.56738
133   Italy 2020-05-10   104184          176511     248838             25563            219070              30739 41.87194  12.56738
134   Italy 2020-05-11   106030          179639     253248             26016            219814              30911 41.87194  12.56738
135   Italy 2020-05-12   107909          182823     257737             26477            221216              31106 41.87194  12.56738
136   Italy 2020-05-13   109822          186063     262304             26947            222104              31368 41.87194  12.56738
137   Italy 2020-05-14   111768          189360     266952             27424            223096              31610 41.87194  12.56738
138   Italy 2020-05-15   113748          192716     271684             27910            223885              31763 41.87194  12.56738
139   Italy 2020-05-16   115764          196131     276498             28405            224760              31908 41.87194  12.56738
140   Italy 2020-05-17   117816          199607     281398             28908            225435              32007 41.87194  12.56738
141   Italy 2020-05-18   119903          203144     286385             29420            225886              32169 41.87194  12.56738
142   Italy 2020-05-19   122028          206744     291460             29942            226699              32330 41.87194  12.56738
143   Italy 2020-05-20   124191          210408     296625             30472            227364              32486 41.87194  12.56738
144   Italy 2020-05-21   126391          214136     301881             31012            228006              32616 41.87194  12.56738
145   Italy 2020-05-22   128631          217931     307231             31562            228658              32735 41.87194  12.56738
146   Italy 2020-05-23   130911          221793     312675             32121            229327              32785 41.87194  12.56738
147   Italy 2020-05-24   133231          225724     318217             32691            229858              32877 41.87194  12.56738
148   Italy 2020-05-25   135592          229724     323856             33270            230158              32955 41.87194  12.56738
149   Italy 2020-05-26   137995          233795     329595             33859            230555              33072 41.87194  12.56738
150   Italy 2020-05-27   140440          237938     335436             34460            231139              33142 41.87194  12.56738
151   Italy 2020-05-28   142929          242155     341381             35070            231732              33229 41.87194  12.56738
152   Italy 2020-05-29   145462          246446     347430             35692            232248              33340 41.87194  12.56738
153   Italy 2020-05-30   148040          250813     353586             36324            232664              33415 41.87194  12.56738
154   Italy 2020-05-31   150663          255258     359853             36968            233019              33475 41.87194  12.56738
155   Italy 2020-06-01   153333          259782     366231             37623            233197              33530 41.87194  12.56738
156   Italy 2020-06-02   156050          264385     372720             38290            233515              33601 41.87194  12.56738
157   Italy 2020-06-03   158816          269070     379324             38968            233836              33689 41.87194  12.56738
158   Italy 2020-06-04   161630          273839     386048             39659            234013              33774 41.87194  12.56738
159   Italy 2020-06-05   164495          278692     392889             40362            234531              33846 41.87194  12.56738
160   Italy 2020-06-06   167409          283630     399851             41077            234801              33899 41.87194  12.56738
161   Italy 2020-06-07   170377          288657     406937             41805            234998              33964 41.87194  12.56738
162   Italy 2020-06-08   173396          293772     414148             42546            235278              34043 41.87194  12.56738
163   Italy 2020-06-09   176468          298978     421488             43300            235561              34114 41.87194  12.56738
164   Italy 2020-06-10   179595          304276     428957             44067            235763              34167 41.87194  12.56738
165   Italy 2020-06-11   182779          309669     436559             44848            236142              34223 41.87194  12.56738
166   Italy 2020-06-12   186017          315156     444295             45643            236305              34223 41.87194  12.56738
167   Italy 2020-06-13   189314          320741     452168             46451                NA                 NA 41.87194  12.56738
168   Italy 2020-06-14   192669          326425     460181             47275                NA                 NA 41.87194  12.56738
169   Italy 2020-06-15   196083          332210     468337             48112                NA                 NA 41.87194  12.56738
170   Italy 2020-06-16   199558          338097     476636             48965                NA                 NA 41.87194  12.56738
171   Italy 2020-06-17   203095          344089     485083             49833                NA                 NA 41.87194  12.56738
172   Italy 2020-06-18   206693          350186     493679             50716                NA                 NA 41.87194  12.56738
173   Italy 2020-06-19   210356          356392     502428             51615                NA                 NA 41.87194  12.56738

Fontes:
	OMS - https://ourworldindata.org/coronavirus-source-data
	Worldometers - https://www.worldometers.info/coronavirus