
 Brazil 
Projecao:  10  dias
Gerado em:  2020-08-14 20:42:48
RMSE(%):  21.3 , BIAS(%): 7.04

Taxa de Mortalidade 3.25 %

    country       dias otimista casos_estimados pessimista estimativa_mortes casos_confirmados mortes_confirmadas latitude longitude
220  Brazil 2020-08-05  2313130         2939642    3566154             95545           2859073              98493        0         0
221  Brazil 2020-08-06  2370243         3012225    3654207             97904           2912212              99572        0         0
222  Brazil 2020-08-07  2428767         3086600    3744433            100321           2962442             100477        0         0
223  Brazil 2020-08-08  2488736         3162812    3836888            102798           3012412             101049        0         0
224  Brazil 2020-08-09  2550187         3240906    3931625            105336           3035422             101752        0         0
225  Brazil 2020-08-10  2613154         3320928    4028702            107937           3057470             103026        0         0
226  Brazil 2020-08-11  2677676         3402926    4128176            110602           3109630             104201        0         0
227  Brazil 2020-08-12  2743791         3486948    4230105            113333           3164785             105463        0         0
228  Brazil 2020-08-13  2811538         3573045    4334552            116131           3224876             106571        0         0
229  Brazil 2020-08-14  2880959         3661268    4441577            118999           3278895             106571        0         0
230  Brazil 2020-08-15  2952093         3751669    4551245            121937                NA                 NA        0         0
231  Brazil 2020-08-16  3024984         3844302    4663620            124948                NA                 NA        0         0
232  Brazil 2020-08-17  3099675         3939223    4778771            128033                NA                 NA        0         0
233  Brazil 2020-08-18  3176209         4036487    4896765            131194                NA                 NA        0         0
234  Brazil 2020-08-19  3254634         4136153    5017672            134434                NA                 NA        0         0
235  Brazil 2020-08-20  3334994         4238279    5141564            137753                NA                 NA        0         0
236  Brazil 2020-08-21  3417340         4342928    5268516            141154                NA                 NA        0         0
237  Brazil 2020-08-22  3501718         4450160    5398602            144640                NA                 NA        0         0
238  Brazil 2020-08-23  3588180         4560040    5531900            148211                NA                 NA        0         0
239  Brazil 2020-08-24  3676776         4672633    5668490            151870                NA                 NA        0         0

Total de casos no mundo:  21334903 6447588 5145581 5486523 3128619 1101065 24806 721 21334903

Estimados a partir dos dados da OMS:
    day       date       x    xest
1     1 2019-12-30       0   14074
2     2 2019-12-31       0   14422
3     3 2020-01-01       0   14778
4     4 2020-01-02       0   15143
5     5 2020-01-03       0   15517
6     6 2020-01-04       0   15900
7     7 2020-01-05       0   16292
8     8 2020-01-06       0   16695
9     9 2020-01-07       0   17107
10   10 2020-01-08       0   17529
11   11 2020-01-09       0   17962
12   12 2020-01-10       0   18406
13   13 2020-01-11       0   18860
14   14 2020-01-12       0   19326
15   15 2020-01-13       0   19803
16   16 2020-01-14       0   20292
17   17 2020-01-15       0   20793
18   18 2020-01-16       0   21306
19   19 2020-01-17       0   21832
20   20 2020-01-18       0   22371
21   21 2020-01-19       0   22924
22   22 2020-01-20       0   23490
23   23 2020-01-21       0   24070
24   24 2020-01-22       0   24664
25   25 2020-01-23       0   25273
26   26 2020-01-24       0   25897
27   27 2020-01-25       0   26536
28   28 2020-01-26       0   27192
29   29 2020-01-27       0   27863
30   30 2020-01-28       0   28551
31   31 2020-01-29       0   29256
32   32 2020-01-30       0   29978
33   33 2020-01-31       0   30719
34   34 2020-02-01       0   31477
35   35 2020-02-02       0   32254
36   36 2020-02-03       0   33051
37   37 2020-02-04       0   33867
38   38 2020-02-05       0   34703
39   39 2020-02-06       0   35560
40   40 2020-02-07       0   36438
41   41 2020-02-08       0   37337
42   42 2020-02-09       0   38259
43   43 2020-02-10       0   39204
44   44 2020-02-11       0   40172
45   45 2020-02-12       0   41164
46   46 2020-02-13       0   42180
47   47 2020-02-14       0   43222
48   48 2020-02-15       0   44289
49   49 2020-02-16       0   45383
50   50 2020-02-17       0   46503
51   51 2020-02-18       0   47651
52   52 2020-02-19       0   48828
53   53 2020-02-20       0   50034
54   54 2020-02-21       0   51269
55   55 2020-02-22       0   52535
56   56 2020-02-23       0   53832
57   57 2020-02-24       0   55161
58   58 2020-02-25       1   56523
59   59 2020-02-26       1   57919
60   60 2020-02-27       1   59349
61   61 2020-02-28       1   60814
62   62 2020-02-29       2   62316
63   63 2020-03-01       2   63854
64   64 2020-03-02       2   65431
65   65 2020-03-03       2   67047
66   66 2020-03-04       3   68702
67   67 2020-03-05       8   70399
68   68 2020-03-06      13   72137
69   69 2020-03-07      13   73918
70   70 2020-03-08      25   75743
71   71 2020-03-09      25   77613
72   72 2020-03-10      34   79530
73   73 2020-03-11      52   81493
74   74 2020-03-12      77   83505
75   75 2020-03-13      98   85567
76   76 2020-03-14     121   87680
77   77 2020-03-15     200   89845
78   78 2020-03-16     234   92063
79   79 2020-03-17     291   94336
80   80 2020-03-18     428   96666
81   81 2020-03-19     621   99053
82   82 2020-03-20     904  101498
83   83 2020-03-21    1128  104004
84   84 2020-03-22    1546  106572
85   85 2020-03-23    1891  109204
86   86 2020-03-24    2201  111900
87   87 2020-03-25    2433  114663
88   88 2020-03-26    2915  117494
89   89 2020-03-27    3417  120395
90   90 2020-03-28    3904  123368
91   91 2020-03-29    4256  126414
92   92 2020-03-30    4579  129535
93   93 2020-03-31    5717  132734
94   94 2020-04-01    6836  136011
95   95 2020-04-02    7910  139370
96   96 2020-04-03    9056  142811
97   97 2020-04-04   10278  146337
98   98 2020-04-05   11130  149950
99   99 2020-04-06   12056  153653
100 100 2020-04-07   13717  157446
101 101 2020-04-08   15927  161334
102 102 2020-04-09   17857  165318
103 103 2020-04-10   19638  169399
104 104 2020-04-11   20727  173582
105 105 2020-04-12   22169  177868
106 106 2020-04-13   23430  182260
107 107 2020-04-14   25262  186760
108 108 2020-04-15   28320  191371
109 109 2020-04-16   30425  196097
110 110 2020-04-17   33682  200938
111 111 2020-04-18   36599  205900
112 112 2020-04-19   38654  210984
113 113 2020-04-20   40581  216193
114 114 2020-04-21   43079  221531
115 115 2020-04-22   45757  227001
116 116 2020-04-23   49492  232606
117 117 2020-04-24   52995  238349
118 118 2020-04-25   58509  244235
119 119 2020-04-26   61888  250265
120 120 2020-04-27   66501  256444
121 121 2020-04-28   71886  262776
122 122 2020-04-29   78162  269265
123 123 2020-04-30   85380  275913
124 124 2020-05-01   91589  282726
125 125 2020-05-02   96559  289706
126 126 2020-05-03  101147  296860
127 127 2020-05-04  107780  304189
128 128 2020-05-05  114715  311700
129 129 2020-05-06  125218  319397
130 130 2020-05-07  135106  327283
131 131 2020-05-08  145328  335364
132 132 2020-05-09  155939  343644
133 133 2020-05-10  162699  352129
134 134 2020-05-11  168331  360824
135 135 2020-05-12  177589  369733
136 136 2020-05-13  188974  378862
137 137 2020-05-14  202918  388217
138 138 2020-05-15  218223  397802
139 139 2020-05-16  233142  407625
140 140 2020-05-17  241080  417689
141 141 2020-05-18  254220  428003
142 142 2020-05-19  271628  438570
143 143 2020-05-20  291579  449399
144 144 2020-05-21  310087  460496
145 145 2020-05-22  330890  471866
146 146 2020-05-23  347398  483517
147 147 2020-05-24  363211  495455
148 148 2020-05-25  374898  507689
149 149 2020-05-26  391222  520224
150 150 2020-05-27  411821  533069
151 151 2020-05-28  438238  546231
152 152 2020-05-29  465166  559718
153 153 2020-05-30  498440  573538
154 154 2020-05-31  514849  587700
155 155 2020-06-01  526447  602211
156 156 2020-06-02  555383  617080
157 157 2020-06-03  584016  632317
158 158 2020-06-04  614932  647929
159 159 2020-06-05  645762  663927
160 160 2020-06-06  672837  680321
161 161 2020-06-07  691758  697119
162 162 2020-06-08  707412  714331
163 163 2020-06-09  739503  731969
164 164 2020-06-10  772416  750042
165 165 2020-06-11  802828  768562
166 166 2020-06-12  828810  787538
167 167 2020-06-13  850514  806984
168 168 2020-06-14  867624  826909
169 169 2020-06-15  888271  847326
170 170 2020-06-16  923189  868248
171 171 2020-06-17  955377  889686
172 172 2020-06-18  978142  911653
173 173 2020-06-19 1032913  934163
174 174 2020-06-20 1067579  957229
175 175 2020-06-21 1085038  980864
176 176 2020-06-22 1106470 1005083
177 177 2020-06-23 1145906 1029899
178 178 2020-06-24 1188631 1055329
179 179 2020-06-25 1228114 1081386
180 180 2020-06-26 1274974 1108087
181 181 2020-06-27 1313667 1135447
182 182 2020-06-28 1344143 1163483
183 183 2020-06-29 1368195 1192210
184 184 2020-06-30 1402041 1221648
185 185 2020-07-01 1448753 1251812
186 186 2020-07-02 1496858 1282720
187 187 2020-07-03 1539081 1314392
188 188 2020-07-04 1577004 1346846
189 189 2020-07-05 1603055 1380101
190 190 2020-07-06 1623284 1414178
191 191 2020-07-07 1668589 1449096
192 192 2020-07-08 1713160 1484875
193 193 2020-07-09 1755779 1521539
194 194 2020-07-10 1800827 1559107
195 195 2020-07-11 1839850 1597604
196 196 2020-07-12 1864681 1637051
197 197 2020-07-13 1884967 1677471
198 198 2020-07-14 1926824 1718890
199 199 2020-07-15 1966748 1761332
200 200 2020-07-16 2012151 1804821
201 201 2020-07-17 2046328 1849384
202 202 2020-07-18 2074860 1895048
203 203 2020-07-19 2098389 1941839
204 204 2020-07-20 2118646 1989785
205 205 2020-07-21 2159654 2038915
206 206 2020-07-22 2227514 2089259
207 207 2020-07-23 2287475 2140845
208 208 2020-07-24 2343366 2193705
209 209 2020-07-25 2394513 2247870
210 210 2020-07-26 2419091 2303373
211 211 2020-07-27 2442375 2360246
212 212 2020-07-28 2483191 2418523
213 213 2020-07-29 2552265 2478240
214 214 2020-07-30 2610102 2539430
215 215 2020-07-31 2662485 2602132
216 216 2020-08-01 2707877 2666382
217 217 2020-08-02 2733677 2732218
218 218 2020-08-03 2750318 2799680
219 219 2020-08-04 2801921 2868807
220 220 2020-08-05 2859073 2939642
221 221 2020-08-06 2912212 3012225
222 222 2020-08-07 2962442 3086600
223 223 2020-08-08 3012412 3162812
224 224 2020-08-09 3035422 3240906
225 225 2020-08-10 3057470 3320928
226 226 2020-08-11 3109630 3402926
227 227 2020-08-12 3164785 3486948
228 228 2020-08-13 3224876 3573045
229 229 2020-08-14 3278895 3661268

Intervalo de Confianca
          2.5%       97.5%
b  11858.72768 15838.12393
y0    39.85843    42.17224


Formula: x ~ SSexp(day, b, y0)

Parameters:
    Estimate Std. Error t value      Pr(>|t|)    
b  119095.50   14099.00   8.447 0.00002946244 ***
y0     69.16       2.52  27.450 0.00000000334 ***
---
Signif. codes:  0 ‘***’ 0.001 ‘**’ 0.01 ‘*’ 0.05 ‘.’ 0.1 ‘ ’ 1

Residual standard error: 14630 on 8 degrees of freedom

Number of iterations to convergence: 35 
Achieved convergence tolerance: 0.0000000149

Considerando os casos dos últimos 10 dias, temos:
Número de dias para dobrar:  69.2
Razao de crescimento:  119095.5

Todos os dados gerados
    country       dias otimista casos_estimados pessimista estimativa_mortes casos_confirmados mortes_confirmadas latitude longitude
1    Brazil 2019-12-30    11074           14074      17074               457                 0                  0        0         0
2    Brazil 2019-12-31    11348           14422      17496               469                 0                  0        0         0
3    Brazil 2020-01-01    11628           14778      17928               480                 0                  0        0         0
4    Brazil 2020-01-02    11916           15143      18370               492                 0                  0        0         0
5    Brazil 2020-01-03    12210           15517      18824               504                 0                  0        0         0
6    Brazil 2020-01-04    12511           15900      19289               517                 0                  0        0         0
7    Brazil 2020-01-05    12820           16292      19764               530                 0                  0        0         0
8    Brazil 2020-01-06    13137           16695      20253               543                 0                  0        0         0
9    Brazil 2020-01-07    13461           17107      20753               556                 0                  0        0         0
10   Brazil 2020-01-08    13793           17529      21265               570                 0                  0        0         0
11   Brazil 2020-01-09    14134           17962      21790               584                 0                  0        0         0
12   Brazil 2020-01-10    14483           18406      22329               598                 0                  0        0         0
13   Brazil 2020-01-11    14840           18860      22880               613                 0                  0        0         0
14   Brazil 2020-01-12    15207           19326      23445               628                 0                  0        0         0
15   Brazil 2020-01-13    15582           19803      24024               644                 0                  0        0         0
16   Brazil 2020-01-14    15967           20292      24617               660                 0                  0        0         0
17   Brazil 2020-01-15    16361           20793      25225               676                 0                  0        0         0
18   Brazil 2020-01-16    16765           21306      25847               692                 0                  0        0         0
19   Brazil 2020-01-17    17179           21832      26485               710                 0                  0        0         0
20   Brazil 2020-01-18    17603           22371      27139               727                 0                  0        0         0
21   Brazil 2020-01-19    18038           22924      27810               745                 0                  0        0         0
22   Brazil 2020-01-20    18484           23490      28496               763                 0                  0        0         0
23   Brazil 2020-01-21    18940           24070      29200               782                 0                  0        0         0
24   Brazil 2020-01-22    19407           24664      29921               802                 0                  0        0         0
25   Brazil 2020-01-23    19887           25273      30659               821                 0                  0        0         0
26   Brazil 2020-01-24    20378           25897      31416               842                 0                  0        0         0
27   Brazil 2020-01-25    20881           26536      32191               862                 0                  0        0         0
28   Brazil 2020-01-26    21397           27192      32987               884                 0                  0        0         0
29   Brazil 2020-01-27    21925           27863      33801               906                 0                  0        0         0
30   Brazil 2020-01-28    22466           28551      34636               928                 0                  0        0         0
31   Brazil 2020-01-29    23021           29256      35491               951                 0                  0        0         0
32   Brazil 2020-01-30    23589           29978      36367               974                 0                  0        0         0
33   Brazil 2020-01-31    24172           30719      37266               998                 0                  0        0         0
34   Brazil 2020-02-01    24768           31477      38186              1023                 0                  0        0         0
35   Brazil 2020-02-02    25380           32254      39128              1048                 0                  0        0         0
36   Brazil 2020-02-03    26007           33051      40095              1074                 0                  0        0         0
37   Brazil 2020-02-04    26649           33867      41085              1101                 0                  0        0         0
38   Brazil 2020-02-05    27307           34703      42099              1128                 0                  0        0         0
39   Brazil 2020-02-06    27981           35560      43139              1156                 0                  0        0         0
40   Brazil 2020-02-07    28672           36438      44204              1184                 0                  0        0         0
41   Brazil 2020-02-08    29380           37337      45294              1214                 0                  0        0         0
42   Brazil 2020-02-09    30105           38259      46413              1243                 0                  0        0         0
43   Brazil 2020-02-10    30849           39204      47559              1274                 0                  0        0         0
44   Brazil 2020-02-11    31610           40172      48734              1306                 0                  0        0         0
45   Brazil 2020-02-12    32391           41164      49937              1338                 0                  0        0         0
46   Brazil 2020-02-13    33190           42180      51170              1371                 0                  0        0         0
47   Brazil 2020-02-14    34010           43222      52434              1405                 0                  0        0         0
48   Brazil 2020-02-15    34850           44289      53728              1439                 0                  0        0         0
49   Brazil 2020-02-16    35711           45383      55055              1475                 0                  0        0         0
50   Brazil 2020-02-17    36592           46503      56414              1511                 0                  0        0         0
51   Brazil 2020-02-18    37495           47651      57807              1549                 0                  0        0         0
52   Brazil 2020-02-19    38422           48828      59234              1587                 0                  0        0         0
53   Brazil 2020-02-20    39370           50034      60698              1626                 0                  0        0         0
54   Brazil 2020-02-21    40342           51269      62196              1666                 0                  0        0         0
55   Brazil 2020-02-22    41338           52535      63732              1707                 0                  0        0         0
56   Brazil 2020-02-23    42359           53832      65305              1750                 0                  0        0         0
57   Brazil 2020-02-24    43405           55161      66917              1793                 0                  0        0         0
58   Brazil 2020-02-25    44477           56523      68569              1837                 1                  0        0         0
59   Brazil 2020-02-26    45575           57919      70263              1882                 1                  0        0         0
60   Brazil 2020-02-27    46700           59349      71998              1929                 1                  0        0         0
61   Brazil 2020-02-28    47853           60814      73775              1977                 1                  0        0         0
62   Brazil 2020-02-29    49035           62316      75597              2025                 2                  0        0         0
63   Brazil 2020-03-01    50245           63854      77463              2075                 2                  0        0         0
64   Brazil 2020-03-02    51486           65431      79376              2127                 2                  0        0         0
65   Brazil 2020-03-03    52758           67047      81336              2179                 2                  0        0         0
66   Brazil 2020-03-04    54060           68702      83344              2233                 3                  0        0         0
67   Brazil 2020-03-05    55395           70399      85403              2288                 8                  0        0         0
68   Brazil 2020-03-06    56763           72137      87511              2345                13                  0        0         0
69   Brazil 2020-03-07    58164           73918      89672              2402                13                  0        0         0
70   Brazil 2020-03-08    59600           75743      91886              2462                25                  0        0         0
71   Brazil 2020-03-09    61072           77613      94154              2523                25                  0        0         0
72   Brazil 2020-03-10    62580           79530      96480              2585                34                  0        0         0
73   Brazil 2020-03-11    64125           81493      98861              2649                52                  0        0         0
74   Brazil 2020-03-12    65708           83505     101302              2714                77                  0        0         0
75   Brazil 2020-03-13    67330           85567     103804              2781                98                  0        0         0
76   Brazil 2020-03-14    68993           87680     106367              2850               121                  0        0         0
77   Brazil 2020-03-15    70697           89845     108993              2920               200                  0        0         0
78   Brazil 2020-03-16    72442           92063     111684              2992               234                  1        0         0
79   Brazil 2020-03-17    74231           94336     114441              3066               291                  4        0         0
80   Brazil 2020-03-18    76064           96666     117268              3142               428                  6        0         0
81   Brazil 2020-03-19    77942           99053     120164              3219               621                 11        0         0
82   Brazil 2020-03-20    79866          101498     123130              3299               904                 18        0         0
83   Brazil 2020-03-21    81838          104004     126170              3380              1128                 25        0         0
84   Brazil 2020-03-22    83859          106572     129285              3464              1546                 34        0         0
85   Brazil 2020-03-23    85930          109204     132478              3549              1891                 46        0         0
86   Brazil 2020-03-24    88051          111900     135749              3637              2201                 57        0         0
87   Brazil 2020-03-25    90225          114663     139101              3727              2433                 77        0         0
88   Brazil 2020-03-26    92453          117494     142535              3819              2915                 92        0         0
89   Brazil 2020-03-27    94736          120395     146054              3913              3417                114        0         0
90   Brazil 2020-03-28    97075          123368     149661              4010              3904                136        0         0
91   Brazil 2020-03-29    99472          126414     153356              4109              4256                159        0         0
92   Brazil 2020-03-30   101928          129535     157142              4210              4579                201        0         0
93   Brazil 2020-03-31   104445          132734     161023              4314              5717                241        0         0
94   Brazil 2020-04-01   107024          136011     164998              4421              6836                299        0         0
95   Brazil 2020-04-02   109667          139370     169073              4530              7910                359        0         0
96   Brazil 2020-04-03   112374          142811     173248              4642              9056                432        0         0
97   Brazil 2020-04-04   115149          146337     177525              4756             10278                486        0         0
98   Brazil 2020-04-05   117992          149950     181908              4874             11130                553        0         0
99   Brazil 2020-04-06   120906          153653     186400              4994             12056                667        0         0
100  Brazil 2020-04-07   123890          157446     191002              5117             13717                800        0         0
101  Brazil 2020-04-08   126950          161334     195718              5244             15927                941        0         0
102  Brazil 2020-04-09   130085          165318     200551              5373             17857               1056        0         0
103  Brazil 2020-04-10   133296          169399     205502              5506             19638               1124        0         0
104  Brazil 2020-04-11   136587          173582     210577              5642             20727               1223        0         0
105  Brazil 2020-04-12   139960          177868     215776              5781             22169               1328        0         0
106  Brazil 2020-04-13   143416          182260     221104              5924             23430               1532        0         0
107  Brazil 2020-04-14   146957          186760     226563              6070             25262               1736        0         0
108  Brazil 2020-04-15   150585          191371     232157              6220             28320               1924        0         0
109  Brazil 2020-04-16   154304          196097     237890              6374             30425               2141        0         0
110  Brazil 2020-04-17   158113          200938     243763              6531             33682               2347        0         0
111  Brazil 2020-04-18   162017          205900     249783              6692             36599               2462        0         0
112  Brazil 2020-04-19   166018          210984     255950              6857             38654               2575        0         0
113  Brazil 2020-04-20   170117          216193     262269              7027             40581               2741        0         0
114  Brazil 2020-04-21   174317          221531     268745              7200             43079               2906        0         0
115  Brazil 2020-04-22   178621          227001     275381              7378             45757               3313        0         0
116  Brazil 2020-04-23   183032          232606     282180              7560             49492               3670        0         0
117  Brazil 2020-04-24   187551          238349     289147              7747             52995               4016        0         0
118  Brazil 2020-04-25   192182          244235     296288              7938             58509               4205        0         0
119  Brazil 2020-04-26   196927          250265     303603              8134             61888               4543        0         0
120  Brazil 2020-04-27   201789          256444     311099              8335             66501               5017        0         0
121  Brazil 2020-04-28   206772          262776     318780              8541             71886               5466        0         0
122  Brazil 2020-04-29   211878          269265     326652              8752             78162               5901        0         0
123  Brazil 2020-04-30   217109          275913     334717              8968             85380               6329        0         0
124  Brazil 2020-05-01   222470          282726     342982              9189             91589               6750        0         0
125  Brazil 2020-05-02   227962          289706     351450              9416             96559               7025        0         0
126  Brazil 2020-05-03   233592          296860     360128              9649            101147               7321        0         0
127  Brazil 2020-05-04   239359          304189     369019              9887            107780               7921        0         0
128  Brazil 2020-05-05   245269          311700     378131             10131            114715               8536        0         0
129  Brazil 2020-05-06   251325          319397     387469             10381            125218               9146        0         0
130  Brazil 2020-05-07   257531          327283     397035             10637            135106               9897        0         0
131  Brazil 2020-05-08   263889          335364     406839             10900            145328              10627        0         0
132  Brazil 2020-05-09   270405          343644     416883             11169            155939              11123        0         0
133  Brazil 2020-05-10   277081          352129     427177             11445            162699              11519        0         0
134  Brazil 2020-05-11   283923          360824     437725             11728            168331              12400        0         0
135  Brazil 2020-05-12   290934          369733     448532             12017            177589              13149        0         0
136  Brazil 2020-05-13   298117          378862     459607             12314            188974              13993        0         0
137  Brazil 2020-05-14   305478          388217     470956             12618            202918              14817        0         0
138  Brazil 2020-05-15   313020          397802     482584             12929            218223              15633        0         0
139  Brazil 2020-05-16   320750          407625     494500             13249            233142              16118        0         0
140  Brazil 2020-05-17   328669          417689     506709             13576            241080              16792        0         0
141  Brazil 2020-05-18   336785          428003     519221             13911            254220              17971        0         0
142  Brazil 2020-05-19   345100          438570     532040             14254            271628              18859        0         0
143  Brazil 2020-05-20   353621          449399     545177             14606            291579              20047        0         0
144  Brazil 2020-05-21   362353          460496     558639             14967            310087              21048        0         0
145  Brazil 2020-05-22   371299          471866     572433             15337            330890              22013        0         0
146  Brazil 2020-05-23   380467          483517     586567             15715            347398              22666        0         0
147  Brazil 2020-05-24   389861          495455     601049             16103            363211              23473        0         0
148  Brazil 2020-05-25   399488          507689     615890             16501            374898              24512        0         0
149  Brazil 2020-05-26   409351          520224     631097             16908            391222              25598        0         0
150  Brazil 2020-05-27   419458          533069     646680             17326            411821              26754        0         0
151  Brazil 2020-05-28   429815          546231     662647             17754            438238              27878        0         0
152  Brazil 2020-05-29   440428          559718     679008             18192            465166              28834        0         0
153  Brazil 2020-05-30   451302          573538     695774             18641            498440              29314        0         0
154  Brazil 2020-05-31   462446          587700     712954             19101            514849              29937        0         0
155  Brazil 2020-06-01   473865          602211     730557             19573            526447              31199        0         0
156  Brazil 2020-06-02   485565          617080     748595             20056            555383              32548        0         0
157  Brazil 2020-06-03   497554          632317     767080             20552            584016              34021        0         0
158  Brazil 2020-06-04   509839          647929     786019             21059            614932              35026        0         0
159  Brazil 2020-06-05   522427          663927     805427             21579            645762              35930        0         0
160  Brazil 2020-06-06   535327          680321     825315             22112            672837              36455        0         0
161  Brazil 2020-06-07   548545          697119     845693             22658            691758              37134        0         0
162  Brazil 2020-06-08   562089          714331     866573             23217            707412              38406        0         0
163  Brazil 2020-06-09   575968          731969     887970             23791            739503              39680        0         0
164  Brazil 2020-06-10   590189          750042     909895             24378            772416              40919        0         0
165  Brazil 2020-06-11   604762          768562     932362             24980            802828              41828        0         0
166  Brazil 2020-06-12   619694          787538     955382             25597            828810              42720        0         0
167  Brazil 2020-06-13   634995          806984     978973             26229            850514              43332        0         0
168  Brazil 2020-06-14   650674          826909    1003144             26876            867624              43959        0         0
169  Brazil 2020-06-15   666739          847326    1027913             27540            888271              45241        0         0
170  Brazil 2020-06-16   683202          868248    1053294             28220            923189              46510        0         0
171  Brazil 2020-06-17   700071          889686    1079301             28917            955377              47748        0         0
172  Brazil 2020-06-18   717357          911653    1105949             29631            978142              48954        0         0
173  Brazil 2020-06-19   735069          934163    1133257             30362           1032913              49976        0         0
174  Brazil 2020-06-20   753219          957229    1161239             31112           1067579              50617        0         0
175  Brazil 2020-06-21   771817          980864    1189911             31880           1085038              51271        0         0
176  Brazil 2020-06-22   790874         1005083    1219292             32667           1106470              52645        0         0
177  Brazil 2020-06-23   810401         1029899    1249397             33474           1145906              53830        0         0
178  Brazil 2020-06-24   830412         1055329    1280246             34300           1188631              54971        0         0
179  Brazil 2020-06-25   850915         1081386    1311857             35147           1228114              55961        0         0
180  Brazil 2020-06-26   871926         1108087    1344248             36015           1274974              57070        0         0
181  Brazil 2020-06-27   893454         1135447    1377440             36904           1313667              57622        0         0
182  Brazil 2020-06-28   915515         1163483    1411451             37816           1344143              58314        0         0
183  Brazil 2020-06-29   938120         1192210    1446300             38749           1368195              59594        0         0
184  Brazil 2020-06-30   961284         1221648    1482012             39706           1402041              60632        0         0
185  Brazil 2020-07-01   985019         1251812    1518605             40687           1448753              61884        0         0
186  Brazil 2020-07-02  1009340         1282720    1556100             41691           1496858              63174        0         0
187  Brazil 2020-07-03  1034262         1314392    1594522             42721           1539081              64265        0         0
188  Brazil 2020-07-04  1059799         1346846    1633893             43775           1577004              64867        0         0
189  Brazil 2020-07-05  1085966         1380101    1674236             44856           1603055              65487        0         0
190  Brazil 2020-07-06  1112781         1414178    1715575             45964           1623284              66741        0         0
191  Brazil 2020-07-07  1140257         1449096    1757935             47099           1668589              67964        0         0
192  Brazil 2020-07-08  1168410         1484875    1801340             48262           1713160              69184        0         0
193  Brazil 2020-07-09  1197260         1521539    1845818             49453           1755779              70398        0         0
194  Brazil 2020-07-10  1226822         1559107    1891392             50674           1800827              71469        0         0
195  Brazil 2020-07-11  1257114         1597604    1938094             51925           1839850              72100        0         0
196  Brazil 2020-07-12  1288154         1637051    1985948             53208           1864681              72833        0         0
197  Brazil 2020-07-13  1319959         1677471    2034983             54521           1884967              74133        0         0
198  Brazil 2020-07-14  1352551         1718890    2085229             55868           1926824              75366        0         0
199  Brazil 2020-07-15  1385947         1761332    2136717             57247           1966748              76688        0         0
200  Brazil 2020-07-16  1420168         1804821    2189474             58660           2012151              77851        0         0
201  Brazil 2020-07-17  1455233         1849384    2243535             60109           2046328              78772        0         0
202  Brazil 2020-07-18  1491165         1895048    2298931             61593           2074860              79488        0         0
203  Brazil 2020-07-19  1527984         1941839    2355694             63114           2098389              80120        0         0
204  Brazil 2020-07-20  1565711         1989785    2413859             64672           2118646              81487        0         0
205  Brazil 2020-07-21  1604370         2038915    2473460             66269           2159654              82771        0         0
206  Brazil 2020-07-22  1643985         2089259    2534533             67905           2227514              84082        0         0
207  Brazil 2020-07-23  1684577         2140845    2597113             69582           2287475              85238        0         0
208  Brazil 2020-07-24  1726171         2193705    2661239             71300           2343366              86449        0         0
209  Brazil 2020-07-25  1768792         2247870    2726948             73061           2394513              87004        0         0
210  Brazil 2020-07-26  1812466         2303373    2794280             74864           2419091              87618        0         0
211  Brazil 2020-07-27  1857218         2360246    2863274             76713           2442375              88539        0         0
212  Brazil 2020-07-28  1903074         2418523    2933972             78607           2483191              90134        0         0
213  Brazil 2020-07-29  1950064         2478240    3006416             80548           2552265              91263        0         0
214  Brazil 2020-07-30  1998213         2539430    3080647             82537           2610102              92475        0         0
215  Brazil 2020-07-31  2047552         2602132    3156712             84575           2662485              93563        0         0
216  Brazil 2020-08-01  2098108         2666382    3234656             86663           2707877              94104        0         0
217  Brazil 2020-08-02  2149913         2732218    3314523             88803           2733677              94665        0         0
218  Brazil 2020-08-03  2202997         2799680    3396363             90996           2750318              95819        0         0
219  Brazil 2020-08-04  2257391         2868807    3480223             93242           2801921              97256        0         0
220  Brazil 2020-08-05  2313130         2939642    3566154             95545           2859073              98493        0         0
221  Brazil 2020-08-06  2370243         3012225    3654207             97904           2912212              99572        0         0
222  Brazil 2020-08-07  2428767         3086600    3744433            100321           2962442             100477        0         0
223  Brazil 2020-08-08  2488736         3162812    3836888            102798           3012412             101049        0         0
224  Brazil 2020-08-09  2550187         3240906    3931625            105336           3035422             101752        0         0
225  Brazil 2020-08-10  2613154         3320928    4028702            107937           3057470             103026        0         0
226  Brazil 2020-08-11  2677676         3402926    4128176            110602           3109630             104201        0         0
227  Brazil 2020-08-12  2743791         3486948    4230105            113333           3164785             105463        0         0
228  Brazil 2020-08-13  2811538         3573045    4334552            116131           3224876             106571        0         0
229  Brazil 2020-08-14  2880959         3661268    4441577            118999           3278895             106571        0         0
230  Brazil 2020-08-15  2952093         3751669    4551245            121937                NA                 NA        0         0
231  Brazil 2020-08-16  3024984         3844302    4663620            124948                NA                 NA        0         0
232  Brazil 2020-08-17  3099675         3939223    4778771            128033                NA                 NA        0         0
233  Brazil 2020-08-18  3176209         4036487    4896765            131194                NA                 NA        0         0
234  Brazil 2020-08-19  3254634         4136153    5017672            134434                NA                 NA        0         0
235  Brazil 2020-08-20  3334994         4238279    5141564            137753                NA                 NA        0         0
236  Brazil 2020-08-21  3417340         4342928    5268516            141154                NA                 NA        0         0
237  Brazil 2020-08-22  3501718         4450160    5398602            144640                NA                 NA        0         0
238  Brazil 2020-08-23  3588180         4560040    5531900            148211                NA                 NA        0         0
239  Brazil 2020-08-24  3676776         4672633    5668490            151870                NA                 NA        0         0

Fontes:
	OMS - https://ourworldindata.org/coronavirus-source-data
	Worldometers - https://www.worldometers.info/coronavirus