
 Brazil 
Projecao:  10  dias
Gerado em:  2020-09-10 19:22:09
RMSE(%):  24.1 , BIAS(%): 7.55

Taxa de Mortalidade 3.06 %

    country       dias otimista casos_estimados pessimista estimativa_mortes casos_confirmados mortes_confirmadas latitude longitude
247  Brazil 2020-09-01  3179679         4187533    5195387            127966           3950931             123780        0         0
248  Brazil 2020-09-02  3240592         4267753    5294914            130418           3997865             124614        0         0
249  Brazil 2020-09-03  3302671         4349509    5396347            132916           4041638             125521        0         0
250  Brazil 2020-09-04  3365939         4432831    5499723            135462           4092832             126203        0         0
251  Brazil 2020-09-05  3430419         4517750    5605081            138057           4123000             126650        0         0
252  Brazil 2020-09-06  3496136         4604296    5712456            140702           4137521             126960        0         0
253  Brazil 2020-09-07  3563110         4692499    5821888            143397           4147794             127464        0         0
254  Brazil 2020-09-08  3631367         4782392    5933417            146144           4162073             128539        0         0
255  Brazil 2020-09-09  3700933         4874007    6047081            148944           4197889             129522        0         0
256  Brazil 2020-09-10  3771830         4967377    6162924            151797           4238446             129522        0         0
257  Brazil 2020-09-11  3844086         5062536    6280986            154705                NA                 NA        0         0
258  Brazil 2020-09-12  3917727         5159518    6401309            157669                NA                 NA        0         0
259  Brazil 2020-09-13  3992778         5258358    6523938            160689                NA                 NA        0         0
260  Brazil 2020-09-14  4069267         5359091    6648915            163768                NA                 NA        0         0
261  Brazil 2020-09-15  4147220         5461753    6776286            166905                NA                 NA        0         0
262  Brazil 2020-09-16  4226668         5566383    6906098            170102                NA                 NA        0         0
263  Brazil 2020-09-17  4307637         5673017    7038397            173361                NA                 NA        0         0
264  Brazil 2020-09-18  4390157         5781693    7173229            176682                NA                 NA        0         0
265  Brazil 2020-09-19  4474259         5892452    7310645            180067                NA                 NA        0         0
266  Brazil 2020-09-20  4559971         6005332    7450693            183516                NA                 NA        0         0

Total de casos no mundo:  28288753 7828134 8228319 6912589 3952928 1336397 29665 721 28288753

Estimados a partir dos dados da OMS:
    day       date       x    xest
1     1 2019-12-30       0   39326
2     2 2019-12-31       0   40079
3     3 2020-01-01       0   40847
4     4 2020-01-02       0   41629
5     5 2020-01-03       0   42427
6     6 2020-01-04       0   43239
7     7 2020-01-05       0   44068
8     8 2020-01-06       0   44912
9     9 2020-01-07       0   45772
10   10 2020-01-08       0   46649
11   11 2020-01-09       0   47543
12   12 2020-01-10       0   48454
13   13 2020-01-11       0   49382
14   14 2020-01-12       0   50328
15   15 2020-01-13       0   51292
16   16 2020-01-14       0   52274
17   17 2020-01-15       0   53276
18   18 2020-01-16       0   54296
19   19 2020-01-17       0   55337
20   20 2020-01-18       0   56397
21   21 2020-01-19       0   57477
22   22 2020-01-20       0   58578
23   23 2020-01-21       0   59700
24   24 2020-01-22       0   60844
25   25 2020-01-23       0   62010
26   26 2020-01-24       0   63197
27   27 2020-01-25       0   64408
28   28 2020-01-26       0   65642
29   29 2020-01-27       0   66899
30   30 2020-01-28       0   68181
31   31 2020-01-29       0   69487
32   32 2020-01-30       0   70818
33   33 2020-01-31       0   72175
34   34 2020-02-01       0   73558
35   35 2020-02-02       0   74967
36   36 2020-02-03       0   76403
37   37 2020-02-04       0   77866
38   38 2020-02-05       0   79358
39   39 2020-02-06       0   80878
40   40 2020-02-07       0   82428
41   41 2020-02-08       0   84007
42   42 2020-02-09       0   85616
43   43 2020-02-10       0   87256
44   44 2020-02-11       0   88928
45   45 2020-02-12       0   90631
46   46 2020-02-13       0   92368
47   47 2020-02-14       0   94137
48   48 2020-02-15       0   95940
49   49 2020-02-16       0   97778
50   50 2020-02-17       0   99651
51   51 2020-02-18       0  101560
52   52 2020-02-19       0  103506
53   53 2020-02-20       0  105489
54   54 2020-02-21       0  107510
55   55 2020-02-22       0  109569
56   56 2020-02-23       0  111668
57   57 2020-02-24       0  113807
58   58 2020-02-25       1  115988
59   59 2020-02-26       1  118209
60   60 2020-02-27       1  120474
61   61 2020-02-28       1  122782
62   62 2020-02-29       2  125134
63   63 2020-03-01       2  127531
64   64 2020-03-02       2  129974
65   65 2020-03-03       2  132464
66   66 2020-03-04       3  135002
67   67 2020-03-05       8  137588
68   68 2020-03-06      13  140224
69   69 2020-03-07      13  142910
70   70 2020-03-08      25  145648
71   71 2020-03-09      25  148438
72   72 2020-03-10      34  151281
73   73 2020-03-11      52  154179
74   74 2020-03-12      77  157133
75   75 2020-03-13      98  160143
76   76 2020-03-14     121  163211
77   77 2020-03-15     200  166337
78   78 2020-03-16     234  169524
79   79 2020-03-17     291  172772
80   80 2020-03-18     428  176081
81   81 2020-03-19     621  179454
82   82 2020-03-20     904  182892
83   83 2020-03-21    1128  186396
84   84 2020-03-22    1546  189967
85   85 2020-03-23    1891  193606
86   86 2020-03-24    2201  197315
87   87 2020-03-25    2433  201094
88   88 2020-03-26    2915  204947
89   89 2020-03-27    3417  208873
90   90 2020-03-28    3904  212874
91   91 2020-03-29    4256  216952
92   92 2020-03-30    4579  221108
93   93 2020-03-31    5717  225344
94   94 2020-04-01    6836  229661
95   95 2020-04-02    7910  234060
96   96 2020-04-03    9056  238544
97   97 2020-04-04   10278  243114
98   98 2020-04-05   11130  247771
99   99 2020-04-06   12056  252518
100 100 2020-04-07   13717  257355
101 101 2020-04-08   15927  262285
102 102 2020-04-09   17857  267310
103 103 2020-04-10   19638  272431
104 104 2020-04-11   20727  277649
105 105 2020-04-12   22169  282968
106 106 2020-04-13   23430  288389
107 107 2020-04-14   25262  293914
108 108 2020-04-15   28320  299544
109 109 2020-04-16   30425  305282
110 110 2020-04-17   33682  311131
111 111 2020-04-18   36599  317091
112 112 2020-04-19   38654  323165
113 113 2020-04-20   40581  329356
114 114 2020-04-21   43079  335666
115 115 2020-04-22   45757  342096
116 116 2020-04-23   49492  348649
117 117 2020-04-24   52995  355328
118 118 2020-04-25   58509  362135
119 119 2020-04-26   61888  369072
120 120 2020-04-27   66501  376143
121 121 2020-04-28   71886  383348
122 122 2020-04-29   78162  390692
123 123 2020-04-30   85380  398176
124 124 2020-05-01   91589  405804
125 125 2020-05-02   96559  413578
126 126 2020-05-03  101147  421501
127 127 2020-05-04  107780  429576
128 128 2020-05-05  114715  437805
129 129 2020-05-06  125218  446192
130 130 2020-05-07  135106  454739
131 131 2020-05-08  145328  463451
132 132 2020-05-09  155939  472329
133 133 2020-05-10  162699  481377
134 134 2020-05-11  168331  490599
135 135 2020-05-12  177589  499997
136 136 2020-05-13  188974  509575
137 137 2020-05-14  202918  519337
138 138 2020-05-15  218223  529286
139 139 2020-05-16  233142  539425
140 140 2020-05-17  241080  549759
141 141 2020-05-18  254220  560291
142 142 2020-05-19  271628  571024
143 143 2020-05-20  291579  581963
144 144 2020-05-21  310087  593112
145 145 2020-05-22  330890  604474
146 146 2020-05-23  347398  616053
147 147 2020-05-24  363211  627855
148 148 2020-05-25  374898  639883
149 149 2020-05-26  391222  652141
150 150 2020-05-27  411821  664634
151 151 2020-05-28  438238  677366
152 152 2020-05-29  465166  690342
153 153 2020-05-30  498440  703567
154 154 2020-05-31  514849  717045
155 155 2020-06-01  526447  730781
156 156 2020-06-02  555383  744780
157 157 2020-06-03  584016  759048
158 158 2020-06-04  614932  773589
159 159 2020-06-05  645762  788408
160 160 2020-06-06  672837  803512
161 161 2020-06-07  691758  818904
162 162 2020-06-08  707412  834592
163 163 2020-06-09  739503  850580
164 164 2020-06-10  772416  866874
165 165 2020-06-11  802828  883481
166 166 2020-06-12  828810  900406
167 167 2020-06-13  850514  917654
168 168 2020-06-14  867624  935234
169 169 2020-06-15  888271  953150
170 170 2020-06-16  923189  971409
171 171 2020-06-17  955377  990018
172 172 2020-06-18  978142 1008984
173 173 2020-06-19 1032913 1028312
174 174 2020-06-20 1067579 1048012
175 175 2020-06-21 1085038 1068088
176 176 2020-06-22 1106470 1088549
177 177 2020-06-23 1145906 1109402
178 178 2020-06-24 1188631 1130655
179 179 2020-06-25 1228114 1152314
180 180 2020-06-26 1274974 1174389
181 181 2020-06-27 1313667 1196887
182 182 2020-06-28 1344143 1219815
183 183 2020-06-29 1368195 1243183
184 184 2020-06-30 1402041 1266998
185 185 2020-07-01 1448753 1291270
186 186 2020-07-02 1496858 1316006
187 187 2020-07-03 1539081 1341217
188 188 2020-07-04 1577004 1366910
189 189 2020-07-05 1603055 1393096
190 190 2020-07-06 1623284 1419783
191 191 2020-07-07 1668589 1446981
192 192 2020-07-08 1713160 1474701
193 193 2020-07-09 1755779 1502951
194 194 2020-07-10 1800827 1531743
195 195 2020-07-11 1839850 1561086
196 196 2020-07-12 1864681 1590991
197 197 2020-07-13 1884967 1621470
198 198 2020-07-14 1926824 1652532
199 199 2020-07-15 1966748 1684189
200 200 2020-07-16 2012151 1716452
201 201 2020-07-17 2046328 1749334
202 202 2020-07-18 2074860 1782846
203 203 2020-07-19 2098389 1816999
204 204 2020-07-20 2118646 1851807
205 205 2020-07-21 2159654 1887282
206 206 2020-07-22 2227514 1923436
207 207 2020-07-23 2287475 1960283
208 208 2020-07-24 2343366 1997835
209 209 2020-07-25 2394513 2036107
210 210 2020-07-26 2419091 2075113
211 211 2020-07-27 2442375 2114865
212 212 2020-07-28 2483191 2155379
213 213 2020-07-29 2552265 2196669
214 214 2020-07-30 2610102 2238750
215 215 2020-07-31 2662485 2281637
216 216 2020-08-01 2707877 2325346
217 217 2020-08-02 2733677 2369892
218 218 2020-08-03 2750318 2415292
219 219 2020-08-04 2801921 2461561
220 220 2020-08-05 2859073 2508716
221 221 2020-08-06 2912212 2556775
222 222 2020-08-07 2962442 2605755
223 223 2020-08-08 3012412 2655672
224 224 2020-08-09 3035422 2706547
225 225 2020-08-10 3057470 2758395
226 226 2020-08-11 3109630 2811237
227 227 2020-08-12 3164785 2865091
228 228 2020-08-13 3224876 2919977
229 229 2020-08-14 3275520 2975914
230 230 2020-08-15 3317096 3032923
231 231 2020-08-16 3340197 3091024
232 232 2020-08-17 3359570 3150238
233 233 2020-08-18 3407354 3210587
234 234 2020-08-19 3456652 3272091
235 235 2020-08-20 3501975 3334774
236 236 2020-08-21 3532330 3398657
237 237 2020-08-22 3582362 3463765
238 238 2020-08-23 3605783 3530119
239 239 2020-08-24 3622861 3597745
240 240 2020-08-25 3669995 3666666
241 241 2020-08-26 3717156 3736907
242 242 2020-08-27 3761391 3808494
243 243 2020-08-28 3804803 3881453
244 244 2020-08-29 3846153 3955809
245 245 2020-08-30 3862311 4031589
246 246 2020-08-31 3908272 4108821
247 247 2020-09-01 3950931 4187533
248 248 2020-09-02 3997865 4267753
249 249 2020-09-03 4041638 4349509
250 250 2020-09-04 4092832 4432831
251 251 2020-09-05 4123000 4517750
252 252 2020-09-06 4137521 4604296
253 253 2020-09-07 4147794 4692499
254 254 2020-09-08 4162073 4782392
255 255 2020-09-09 4197889 4874007
256 256 2020-09-10 4238446 4967377

Intervalo de Confianca
          2.5%       97.5%
b  33493.64727 44239.02003
y0    51.06173    54.39242


Formula: x ~ SSexp(day, b, y0)

Parameters:
    Estimate Std. Error t value   Pr(>|t|)    
b  703589.71   97493.23   7.217 0.00009095 ***
y0    142.53      11.19  12.741 0.00000136 ***
---
Signif. codes:  0 ‘***’ 0.001 ‘**’ 0.01 ‘*’ 0.05 ‘.’ 0.1 ‘ ’ 1

Residual standard error: 20550 on 8 degrees of freedom

Number of iterations to convergence: 39 
Achieved convergence tolerance: 0.0000000149

Considerando os casos dos últimos 10 dias, temos:
Número de dias para dobrar:  142.5
Razao de crescimento:  703589.7

Todos os dados gerados
    country       dias otimista casos_estimados pessimista estimativa_mortes casos_confirmados mortes_confirmadas latitude longitude
1    Brazil 2019-12-30    29861           39326      48791              1202                 0                  0        0         0
2    Brazil 2019-12-31    30433           40079      49725              1225                 0                  0        0         0
3    Brazil 2020-01-01    31016           40847      50678              1248                 0                  0        0         0
4    Brazil 2020-01-02    31610           41629      51648              1272                 0                  0        0         0
5    Brazil 2020-01-03    32216           42427      52638              1297                 0                  0        0         0
6    Brazil 2020-01-04    32832           43239      53646              1321                 0                  0        0         0
7    Brazil 2020-01-05    33462           44068      54674              1347                 0                  0        0         0
8    Brazil 2020-01-06    34103           44912      55721              1372                 0                  0        0         0
9    Brazil 2020-01-07    34756           45772      56788              1399                 0                  0        0         0
10   Brazil 2020-01-08    35422           46649      57876              1426                 0                  0        0         0
11   Brazil 2020-01-09    36100           47543      58986              1453                 0                  0        0         0
12   Brazil 2020-01-10    36792           48454      60116              1481                 0                  0        0         0
13   Brazil 2020-01-11    37497           49382      61267              1509                 0                  0        0         0
14   Brazil 2020-01-12    38215           50328      62441              1538                 0                  0        0         0
15   Brazil 2020-01-13    38947           51292      63637              1567                 0                  0        0         0
16   Brazil 2020-01-14    39693           52274      64855              1597                 0                  0        0         0
17   Brazil 2020-01-15    40454           53276      66098              1628                 0                  0        0         0
18   Brazil 2020-01-16    41228           54296      67364              1659                 0                  0        0         0
19   Brazil 2020-01-17    42019           55337      68655              1691                 0                  0        0         0
20   Brazil 2020-01-18    42823           56397      69971              1723                 0                  0        0         0
21   Brazil 2020-01-19    43643           57477      71311              1756                 0                  0        0         0
22   Brazil 2020-01-20    44479           58578      72677              1790                 0                  0        0         0
23   Brazil 2020-01-21    45331           59700      74069              1824                 0                  0        0         0
24   Brazil 2020-01-22    46200           60844      75488              1859                 0                  0        0         0
25   Brazil 2020-01-23    47085           62010      76935              1895                 0                  0        0         0
26   Brazil 2020-01-24    47987           63197      78407              1931                 0                  0        0         0
27   Brazil 2020-01-25    48906           64408      79910              1968                 0                  0        0         0
28   Brazil 2020-01-26    49843           65642      81441              2006                 0                  0        0         0
29   Brazil 2020-01-27    50798           66899      83000              2044                 0                  0        0         0
30   Brazil 2020-01-28    51771           68181      84591              2084                 0                  0        0         0
31   Brazil 2020-01-29    52763           69487      86211              2123                 0                  0        0         0
32   Brazil 2020-01-30    53774           70818      87862              2164                 0                  0        0         0
33   Brazil 2020-01-31    54804           72175      89546              2206                 0                  0        0         0
34   Brazil 2020-02-01    55854           73558      91262              2248                 0                  0        0         0
35   Brazil 2020-02-02    56924           74967      93010              2291                 0                  0        0         0
36   Brazil 2020-02-03    58014           76403      94792              2335                 0                  0        0         0
37   Brazil 2020-02-04    59125           77866      96607              2379                 0                  0        0         0
38   Brazil 2020-02-05    60258           79358      98458              2425                 0                  0        0         0
39   Brazil 2020-02-06    61412           80878     100344              2472                 0                  0        0         0
40   Brazil 2020-02-07    62589           82428     102267              2519                 0                  0        0         0
41   Brazil 2020-02-08    63788           84007     104226              2567                 0                  0        0         0
42   Brazil 2020-02-09    65010           85616     106222              2616                 0                  0        0         0
43   Brazil 2020-02-10    66255           87256     108257              2666                 0                  0        0         0
44   Brazil 2020-02-11    67525           88928     110331              2718                 0                  0        0         0
45   Brazil 2020-02-12    68818           90631     112444              2770                 0                  0        0         0
46   Brazil 2020-02-13    70137           92368     114599              2823                 0                  0        0         0
47   Brazil 2020-02-14    71480           94137     116794              2877                 0                  0        0         0
48   Brazil 2020-02-15    72849           95940     119031              2932                 0                  0        0         0
49   Brazil 2020-02-16    74245           97778     121311              2988                 0                  0        0         0
50   Brazil 2020-02-17    75667           99651     123635              3045                 0                  0        0         0
51   Brazil 2020-02-18    77117          101560     126003              3104                 0                  0        0         0
52   Brazil 2020-02-19    78594          103506     128418              3163                 0                  0        0         0
53   Brazil 2020-02-20    80100          105489     130878              3224                 0                  0        0         0
54   Brazil 2020-02-21    81635          107510     133385              3285                 0                  0        0         0
55   Brazil 2020-02-22    83198          109569     135940              3348                 0                  0        0         0
56   Brazil 2020-02-23    84792          111668     138544              3412                 0                  0        0         0
57   Brazil 2020-02-24    86416          113807     141198              3478                 0                  0        0         0
58   Brazil 2020-02-25    88072          115988     143904              3544                 1                  0        0         0
59   Brazil 2020-02-26    89758          118209     146660              3612                 1                  0        0         0
60   Brazil 2020-02-27    91478          120474     149470              3682                 1                  0        0         0
61   Brazil 2020-02-28    93231          122782     152333              3752                 1                  0        0         0
62   Brazil 2020-02-29    95017          125134     155251              3824                 2                  0        0         0
63   Brazil 2020-03-01    96837          127531     158225              3897                 2                  0        0         0
64   Brazil 2020-03-02    98692          129974     161256              3972                 2                  0        0         0
65   Brazil 2020-03-03   100583          132464     164345              4048                 2                  0        0         0
66   Brazil 2020-03-04   102510          135002     167494              4126                 3                  0        0         0
67   Brazil 2020-03-05   104473          137588     170703              4205                 8                  0        0         0
68   Brazil 2020-03-06   106475          140224     173973              4285                13                  0        0         0
69   Brazil 2020-03-07   108514          142910     177306              4367                13                  0        0         0
70   Brazil 2020-03-08   110593          145648     180703              4451                25                  0        0         0
71   Brazil 2020-03-09   112712          148438     184164              4536                25                  0        0         0
72   Brazil 2020-03-10   114871          151281     187691              4623                34                  0        0         0
73   Brazil 2020-03-11   117071          154179     191287              4712                52                  0        0         0
74   Brazil 2020-03-12   119314          157133     194952              4802                77                  0        0         0
75   Brazil 2020-03-13   121600          160143     198686              4894                98                  0        0         0
76   Brazil 2020-03-14   123929          163211     202493              4988               121                  0        0         0
77   Brazil 2020-03-15   126303          166337     206371              5083               200                  0        0         0
78   Brazil 2020-03-16   128723          169524     210325              5180               234                  1        0         0
79   Brazil 2020-03-17   131189          172772     214355              5280               291                  4        0         0
80   Brazil 2020-03-18   133702          176081     218460              5381               428                  6        0         0
81   Brazil 2020-03-19   136263          179454     222645              5484               621                 11        0         0
82   Brazil 2020-03-20   138874          182892     226910              5589               904                 18        0         0
83   Brazil 2020-03-21   141534          186396     231258              5696              1128                 25        0         0
84   Brazil 2020-03-22   144246          189967     235688              5805              1546                 34        0         0
85   Brazil 2020-03-23   147009          193606     240203              5916              1891                 46        0         0
86   Brazil 2020-03-24   149825          197315     244805              6030              2201                 57        0         0
87   Brazil 2020-03-25   152695          201094     249493              6145              2433                 77        0         0
88   Brazil 2020-03-26   155620          204947     254274              6263              2915                 92        0         0
89   Brazil 2020-03-27   158602          208873     259144              6383              3417                114        0         0
90   Brazil 2020-03-28   161640          212874     264108              6505              3904                136        0         0
91   Brazil 2020-03-29   164736          216952     269168              6630              4256                159        0         0
92   Brazil 2020-03-30   167892          221108     274324              6757              4579                201        0         0
93   Brazil 2020-03-31   171108          225344     279580              6886              5717                241        0         0
94   Brazil 2020-04-01   174386          229661     284936              7018              6836                299        0         0
95   Brazil 2020-04-02   177727          234060     290393              7153              7910                359        0         0
96   Brazil 2020-04-03   181131          238544     295957              7290              9056                432        0         0
97   Brazil 2020-04-04   184601          243114     301627              7429             10278                486        0         0
98   Brazil 2020-04-05   188138          247771     307404              7572             11130                553        0         0
99   Brazil 2020-04-06   191742          252518     313294              7717             12056                667        0         0
100  Brazil 2020-04-07   195415          257355     319295              7864             13717                800        0         0
101  Brazil 2020-04-08   199158          262285     325412              8015             15927                941        0         0
102  Brazil 2020-04-09   202974          267310     331646              8169             17857               1056        0         0
103  Brazil 2020-04-10   206862          272431     338000              8325             19638               1124        0         0
104  Brazil 2020-04-11   210825          277649     344473              8485             20727               1223        0         0
105  Brazil 2020-04-12   214863          282968     351073              8647             22169               1328        0         0
106  Brazil 2020-04-13   218980          288389     357798              8813             23430               1532        0         0
107  Brazil 2020-04-14   223175          293914     364653              8982             25262               1736        0         0
108  Brazil 2020-04-15   227450          299544     371638              9154             28320               1924        0         0
109  Brazil 2020-04-16   231807          305282     378757              9329             30425               2141        0         0
110  Brazil 2020-04-17   236248          311131     386014              9508             33682               2347        0         0
111  Brazil 2020-04-18   240774          317091     393408              9690             36599               2462        0         0
112  Brazil 2020-04-19   245386          323165     400944              9876             38654               2575        0         0
113  Brazil 2020-04-20   250087          329356     408625             10065             40581               2741        0         0
114  Brazil 2020-04-21   254878          335666     416454             10258             43079               2906        0         0
115  Brazil 2020-04-22   259760          342096     424432             10454             45757               3313        0         0
116  Brazil 2020-04-23   264736          348649     432562             10654             49492               3670        0         0
117  Brazil 2020-04-24   269808          355328     440848             10858             52995               4016        0         0
118  Brazil 2020-04-25   274976          362135     449294             11066             58509               4205        0         0
119  Brazil 2020-04-26   280244          369072     457900             11278             61888               4543        0         0
120  Brazil 2020-04-27   285613          376143     466673             11494             66501               5017        0         0
121  Brazil 2020-04-28   291084          383348     475612             11715             71886               5466        0         0
122  Brazil 2020-04-29   296660          390692     484724             11939             78162               5901        0         0
123  Brazil 2020-04-30   302343          398176     494009             12168             85380               6329        0         0
124  Brazil 2020-05-01   308135          405804     503473             12401             91589               6750        0         0
125  Brazil 2020-05-02   314038          413578     513118             12638             96559               7025        0         0
126  Brazil 2020-05-03   320054          421501     522948             12881            101147               7321        0         0
127  Brazil 2020-05-04   326186          429576     532966             13127            107780               7921        0         0
128  Brazil 2020-05-05   332434          437805     543176             13379            114715               8536        0         0
129  Brazil 2020-05-06   338803          446192     553581             13635            125218               9146        0         0
130  Brazil 2020-05-07   345293          454739     564185             13896            135106               9897        0         0
131  Brazil 2020-05-08   351908          463451     574994             14163            145328              10627        0         0
132  Brazil 2020-05-09   358649          472329     586009             14434            155939              11123        0         0
133  Brazil 2020-05-10   365519          481377     597235             14710            162699              11519        0         0
134  Brazil 2020-05-11   372522          490599     608676             14992            168331              12400        0         0
135  Brazil 2020-05-12   379658          499997     620336             15279            177589              13149        0         0
136  Brazil 2020-05-13   386931          509575     632219             15572            188974              13993        0         0
137  Brazil 2020-05-14   394343          519337     644331             15870            202918              14817        0         0
138  Brazil 2020-05-15   401898          529286     656674             16174            218223              15633        0         0
139  Brazil 2020-05-16   409596          539425     669254             16484            233142              16118        0         0
140  Brazil 2020-05-17   417443          549759     682075             16800            241080              16792        0         0
141  Brazil 2020-05-18   425440          560291     695142             17122            254220              17971        0         0
142  Brazil 2020-05-19   433590          571024     708458             17450            271628              18859        0         0
143  Brazil 2020-05-20   441896          581963     722030             17784            291579              20047        0         0
144  Brazil 2020-05-21   450362          593112     735862             18125            310087              21048        0         0
145  Brazil 2020-05-22   458989          604474     749959             18472            330890              22013        0         0
146  Brazil 2020-05-23   467782          616053     764324             18826            347398              22666        0         0
147  Brazil 2020-05-24   476743          627855     778967             19187            363211              23473        0         0
148  Brazil 2020-05-25   485876          639883     793890             19554            374898              24512        0         0
149  Brazil 2020-05-26   495184          652141     809098             19929            391222              25598        0         0
150  Brazil 2020-05-27   504670          664634     824598             20310            411821              26754        0         0
151  Brazil 2020-05-28   514338          677366     840394             20700            438238              27878        0         0
152  Brazil 2020-05-29   524191          690342     856493             21096            465166              28834        0         0
153  Brazil 2020-05-30   534233          703567     872901             21500            498440              29314        0         0
154  Brazil 2020-05-31   544467          717045     889623             21912            514849              29937        0         0
155  Brazil 2020-06-01   554897          730781     906665             22332            526447              31199        0         0
156  Brazil 2020-06-02   565527          744780     924033             22760            555383              32548        0         0
157  Brazil 2020-06-03   576361          759048     941735             23196            584016              34021        0         0
158  Brazil 2020-06-04   587402          773589     959776             23640            614932              35026        0         0
159  Brazil 2020-06-05   598654          788408     978162             24093            645762              35930        0         0
160  Brazil 2020-06-06   610123          803512     996901             24554            672837              36455        0         0
161  Brazil 2020-06-07   621810          818904    1015998             25025            691758              37134        0         0
162  Brazil 2020-06-08   633723          834592    1035461             25504            707412              38406        0         0
163  Brazil 2020-06-09   645863          850580    1055297             25993            739503              39680        0         0
164  Brazil 2020-06-10   658235          866874    1075513             26491            772416              40919        0         0
165  Brazil 2020-06-11   670845          883481    1096117             26998            802828              41828        0         0
166  Brazil 2020-06-12   683697          900406    1117115             27515            828810              42720        0         0
167  Brazil 2020-06-13   696793          917654    1138515             28042            850514              43332        0         0
168  Brazil 2020-06-14   710142          935234    1160326             28580            867624              43959        0         0
169  Brazil 2020-06-15   723746          953150    1182554             29127            888271              45241        0         0
170  Brazil 2020-06-16   737611          971409    1205207             29685            923189              46510        0         0
171  Brazil 2020-06-17   751741          990018    1228295             30254            955377              47748        0         0
172  Brazil 2020-06-18   766142         1008984    1251826             30833            978142              48954        0         0
173  Brazil 2020-06-19   780818         1028312    1275806             31424           1032913              49976        0         0
174  Brazil 2020-06-20   795777         1048012    1300247             32026           1067579              50617        0         0
175  Brazil 2020-06-21   811021         1068088    1325155             32640           1085038              51271        0         0
176  Brazil 2020-06-22   826557         1088549    1350541             33265           1106470              52645        0         0
177  Brazil 2020-06-23   842391         1109402    1376413             33902           1145906              53830        0         0
178  Brazil 2020-06-24   858529         1130655    1402781             34552           1188631              54971        0         0
179  Brazil 2020-06-25   874975         1152314    1429653             35213           1228114              55961        0         0
180  Brazil 2020-06-26   891737         1174389    1457041             35888           1274974              57070        0         0
181  Brazil 2020-06-27   908821         1196887    1484953             36575           1313667              57622        0         0
182  Brazil 2020-06-28   926230         1219815    1513400             37276           1344143              58314        0         0
183  Brazil 2020-06-29   943974         1243183    1542392             37990           1368195              59594        0         0
184  Brazil 2020-06-30   962057         1266998    1571939             38718           1402041              60632        0         0
185  Brazil 2020-07-01   980488         1291270    1602052             39460           1448753              61884        0         0
186  Brazil 2020-07-02   999270         1316006    1632742             40216           1496858              63174        0         0
187  Brazil 2020-07-03  1018413         1341217    1664021             40986           1539081              64265        0         0
188  Brazil 2020-07-04  1037923         1366910    1695897             41771           1577004              64867        0         0
189  Brazil 2020-07-05  1057806         1393096    1728386             42571           1603055              65487        0         0
190  Brazil 2020-07-06  1078070         1419783    1761496             43387           1623284              66741        0         0
191  Brazil 2020-07-07  1098722         1446981    1795240             44218           1668589              67964        0         0
192  Brazil 2020-07-08  1119770         1474701    1829632             45065           1713160              69184        0         0
193  Brazil 2020-07-09  1141221         1502951    1864681             45928           1755779              70398        0         0
194  Brazil 2020-07-10  1163084         1531743    1900402             46808           1800827              71469        0         0
195  Brazil 2020-07-11  1185364         1561086    1936808             47705           1839850              72100        0         0
196  Brazil 2020-07-12  1208072         1590991    1973910             48619           1864681              72833        0         0
197  Brazil 2020-07-13  1231215         1621470    2011725             49550           1884967              74133        0         0
198  Brazil 2020-07-14  1254801         1652532    2050263             50499           1926824              75366        0         0
199  Brazil 2020-07-15  1278839         1684189    2089539             51467           1966748              76688        0         0
200  Brazil 2020-07-16  1303337         1716452    2129567             52453           2012151              77851        0         0
201  Brazil 2020-07-17  1328305         1749334    2170363             53458           2046328              78772        0         0
202  Brazil 2020-07-18  1353751         1782846    2211941             54482           2074860              79488        0         0
203  Brazil 2020-07-19  1379684         1816999    2254314             55525           2098389              80120        0         0
204  Brazil 2020-07-20  1406115         1851807    2297499             56589           2118646              81487        0         0
205  Brazil 2020-07-21  1433052         1887282    2341512             57673           2159654              82771        0         0
206  Brazil 2020-07-22  1460504         1923436    2386368             58778           2227514              84082        0         0
207  Brazil 2020-07-23  1488483         1960283    2432083             59904           2287475              85238        0         0
208  Brazil 2020-07-24  1516997         1997835    2478673             61052           2343366              86449        0         0
209  Brazil 2020-07-25  1546057         2036107    2526157             62221           2394513              87004        0         0
210  Brazil 2020-07-26  1575675         2075113    2574551             63413           2419091              87618        0         0
211  Brazil 2020-07-27  1605860         2114865    2623870             64628           2442375              88539        0         0
212  Brazil 2020-07-28  1636623         2155379    2674135             65866           2483191              90134        0         0
213  Brazil 2020-07-29  1667975         2196669    2725363             67128           2552265              91263        0         0
214  Brazil 2020-07-30  1699928         2238750    2777572             68414           2610102              92475        0         0
215  Brazil 2020-07-31  1732493         2281637    2830781             69724           2662485              93563        0         0
216  Brazil 2020-08-01  1765682         2325346    2885010             71060           2707877              94104        0         0
217  Brazil 2020-08-02  1799507         2369892    2940277             72421           2733677              94665        0         0
218  Brazil 2020-08-03  1833980         2415292    2996604             73809           2750318              95819        0         0
219  Brazil 2020-08-04  1869113         2461561    3054009             75222           2801921              97256        0         0
220  Brazil 2020-08-05  1904919         2508716    3112513             76663           2859073              98493        0         0
221  Brazil 2020-08-06  1941411         2556775    3172139             78132           2912212              99572        0         0
222  Brazil 2020-08-07  1978603         2605755    3232907             79629           2962442             100477        0         0
223  Brazil 2020-08-08  2016506         2655672    3294838             81154           3012412             101049        0         0
224  Brazil 2020-08-09  2055136         2706547    3357958             82709           3035422             101752        0         0
225  Brazil 2020-08-10  2094505         2758395    3422285             84293           3057470             103026        0         0
226  Brazil 2020-08-11  2134629         2811237    3487845             85908           3109630             104201        0         0
227  Brazil 2020-08-12  2175522         2865091    3554660             87554           3164785             105463        0         0
228  Brazil 2020-08-13  2217198         2919977    3622756             89231           3224876             106523        0         0
229  Brazil 2020-08-14  2259672         2975914    3692156             90940           3275520             107232        0         0
230  Brazil 2020-08-15  2302960         3032923    3762886             92683           3317096             107852        0         0
231  Brazil 2020-08-16  2347077         3091024    3834971             94458           3340197             108536        0         0
232  Brazil 2020-08-17  2392040         3150238    3908436             96268           3359570             109888        0         0
233  Brazil 2020-08-18  2437864         3210587    3983310             98112           3407354             111100        0         0
234  Brazil 2020-08-19  2484565         3272091    4059617             99991           3456652             112304        0         0
235  Brazil 2020-08-20  2532162         3334774    4137386            101907           3501975             113358        0         0
236  Brazil 2020-08-21  2580669         3398657    4216645            103859           3532330             114250        0         0
237  Brazil 2020-08-22  2630107         3463765    4297423            105849           3582362             114744        0         0
238  Brazil 2020-08-23  2680491         3530119    4379747            107876           3605783             115309        0         0
239  Brazil 2020-08-24  2731841         3597745    4463649            109943           3622861             116580        0         0
240  Brazil 2020-08-25  2784174         3666666    4549158            112049           3669995             117665        0         0
241  Brazil 2020-08-26  2837509         3736907    4636305            114196           3717156             118649        0         0
242  Brazil 2020-08-27  2891867         3808494    4725121            116383           3761391             119504        0         0
243  Brazil 2020-08-28  2947266         3881453    4815640            118613           3804803             120462        0         0
244  Brazil 2020-08-29  3003726         3955809    4907892            120885           3846153             120828        0         0
245  Brazil 2020-08-30  3061267         4031589    5001911            123201           3862311             121381        0         0
246  Brazil 2020-08-31  3119911         4108821    5097731            125561           3908272             122596        0         0
247  Brazil 2020-09-01  3179679         4187533    5195387            127966           3950931             123780        0         0
248  Brazil 2020-09-02  3240592         4267753    5294914            130418           3997865             124614        0         0
249  Brazil 2020-09-03  3302671         4349509    5396347            132916           4041638             125521        0         0
250  Brazil 2020-09-04  3365939         4432831    5499723            135462           4092832             126203        0         0
251  Brazil 2020-09-05  3430419         4517750    5605081            138057           4123000             126650        0         0
252  Brazil 2020-09-06  3496136         4604296    5712456            140702           4137521             126960        0         0
253  Brazil 2020-09-07  3563110         4692499    5821888            143397           4147794             127464        0         0
254  Brazil 2020-09-08  3631367         4782392    5933417            146144           4162073             128539        0         0
255  Brazil 2020-09-09  3700933         4874007    6047081            148944           4197889             129522        0         0
256  Brazil 2020-09-10  3771830         4967377    6162924            151797           4238446             129522        0         0
257  Brazil 2020-09-11  3844086         5062536    6280986            154705                NA                 NA        0         0
258  Brazil 2020-09-12  3917727         5159518    6401309            157669                NA                 NA        0         0
259  Brazil 2020-09-13  3992778         5258358    6523938            160689                NA                 NA        0         0
260  Brazil 2020-09-14  4069267         5359091    6648915            163768                NA                 NA        0         0
261  Brazil 2020-09-15  4147220         5461753    6776286            166905                NA                 NA        0         0
262  Brazil 2020-09-16  4226668         5566383    6906098            170102                NA                 NA        0         0
263  Brazil 2020-09-17  4307637         5673017    7038397            173361                NA                 NA        0         0
264  Brazil 2020-09-18  4390157         5781693    7173229            176682                NA                 NA        0         0
265  Brazil 2020-09-19  4474259         5892452    7310645            180067                NA                 NA        0         0
266  Brazil 2020-09-20  4559971         6005332    7450693            183516                NA                 NA        0         0

Fontes:
	OMS - https://ourworldindata.org/coronavirus-source-data
	Worldometers - https://www.worldometers.info/coronavirus