
 Brazil 
Projecao:  7  dias
Gerado em:  2020-06-17 19:24:37
RMSE(%):  16.6 , BIAS(%): 5.17

Taxa de Mortalidade 4.87 %

    country       dias otimista casos_estimados pessimista estimativa_mortes casos_confirmados mortes_confirmadas latitude longitude
159  Brazil 2020-06-05   495541          594201     692861             28927            645762              35930        0         0
160  Brazil 2020-06-06   519362          622765     726168             30318            672837              36455        0         0
161  Brazil 2020-06-07   544328          652702     761076             31775            691758              37134        0         0
162  Brazil 2020-06-08   570495          684078     797661             33303            707412              38406        0         0
163  Brazil 2020-06-09   597919          716962     836005             34903            739503              39680        0         0
164  Brazil 2020-06-10   626661          751427     876193             36581            772416              40919        0         0
165  Brazil 2020-06-11   656785          787548     918311             38340            802828              41828        0         0
166  Brazil 2020-06-12   688357          825406     962455             40183            828810              42720        0         0
167  Brazil 2020-06-13   721447          865084    1008721             42114            850514              43332        0         0
168  Brazil 2020-06-14   756127          906669    1057211             44139            867624              43959        0         0
169  Brazil 2020-06-15   792475          950254    1108033             46261            888271              45241        0         0
170  Brazil 2020-06-16   830570          995933    1161296             48484            923189              46510        0         0
171  Brazil 2020-06-17   870496         1043808    1217120             50815            955377              46510        0         0
172  Brazil 2020-06-18   912341         1093985    1275629             53258                NA                 NA        0         0
173  Brazil 2020-06-19   956198         1146573    1336948             55818                NA                 NA        0         0
174  Brazil 2020-06-20  1002163         1201690    1401217             58501                NA                 NA        0         0
175  Brazil 2020-06-21  1050338         1259456    1468574             61313                NA                 NA        0         0
176  Brazil 2020-06-22  1100828         1319999    1539170             64261                NA                 NA        0         0
177  Brazil 2020-06-23  1153747         1383453    1613159             67350                NA                 NA        0         0
178  Brazil 2020-06-24  1209207         1449956    1690705             70587                NA                 NA        0         0

Total de casos no mundo:  8381851 2569794 1547599 2252387 1733193 269174 8983 721 8381851

Estimados a partir dos dados da OMS:
    day       date      x    xest
1     1 2019-12-30      0     357
2     2 2019-12-31      0     374
3     3 2020-01-01      0     392
4     4 2020-01-02      0     411
5     5 2020-01-03      0     430
6     6 2020-01-04      0     451
7     7 2020-01-05      0     473
8     8 2020-01-06      0     495
9     9 2020-01-07      0     519
10   10 2020-01-08      0     544
11   11 2020-01-09      0     570
12   12 2020-01-10      0     598
13   13 2020-01-11      0     626
14   14 2020-01-12      0     657
15   15 2020-01-13      0     688
16   16 2020-01-14      0     721
17   17 2020-01-15      0     756
18   18 2020-01-16      0     792
19   19 2020-01-17      0     830
20   20 2020-01-18      0     870
21   21 2020-01-19      0     912
22   22 2020-01-20      0     956
23   23 2020-01-21      0    1002
24   24 2020-01-22      0    1050
25   25 2020-01-23      0    1101
26   26 2020-01-24      0    1153
27   27 2020-01-25      0    1209
28   28 2020-01-26      0    1267
29   29 2020-01-27      0    1328
30   30 2020-01-28      0    1392
31   31 2020-01-29      0    1459
32   32 2020-01-30      0    1529
33   33 2020-01-31      0    1602
34   34 2020-02-01      0    1679
35   35 2020-02-02      0    1760
36   36 2020-02-03      0    1845
37   37 2020-02-04      0    1933
38   38 2020-02-05      0    2026
39   39 2020-02-06      0    2124
40   40 2020-02-07      0    2226
41   41 2020-02-08      0    2333
42   42 2020-02-09      0    2445
43   43 2020-02-10      0    2562
44   44 2020-02-11      0    2685
45   45 2020-02-12      0    2815
46   46 2020-02-13      0    2950
47   47 2020-02-14      0    3092
48   48 2020-02-15      0    3240
49   49 2020-02-16      0    3396
50   50 2020-02-17      0    3559
51   51 2020-02-18      0    3730
52   52 2020-02-19      0    3910
53   53 2020-02-20      0    4098
54   54 2020-02-21      0    4295
55   55 2020-02-22      0    4501
56   56 2020-02-23      0    4717
57   57 2020-02-24      0    4944
58   58 2020-02-25      1    5182
59   59 2020-02-26      1    5431
60   60 2020-02-27      1    5692
61   61 2020-02-28      1    5966
62   62 2020-02-29      2    6252
63   63 2020-03-01      2    6553
64   64 2020-03-02      2    6868
65   65 2020-03-03      2    7198
66   66 2020-03-04      3    7544
67   67 2020-03-05      8    7907
68   68 2020-03-06     13    8287
69   69 2020-03-07     13    8685
70   70 2020-03-08     25    9103
71   71 2020-03-09     25    9540
72   72 2020-03-10     34    9999
73   73 2020-03-11     52   10480
74   74 2020-03-12     77   10983
75   75 2020-03-13     98   11511
76   76 2020-03-14    121   12065
77   77 2020-03-15    200   12645
78   78 2020-03-16    234   13252
79   79 2020-03-17    291   13889
80   80 2020-03-18    428   14557
81   81 2020-03-19    621   15257
82   82 2020-03-20    904   15990
83   83 2020-03-21   1128   16759
84   84 2020-03-22   1546   17565
85   85 2020-03-23   1891   18409
86   86 2020-03-24   2201   19294
87   87 2020-03-25   2433   20221
88   88 2020-03-26   2915   21193
89   89 2020-03-27   3417   22212
90   90 2020-03-28   3904   23280
91   91 2020-03-29   4256   24399
92   92 2020-03-30   4579   25572
93   93 2020-03-31   5717   26801
94   94 2020-04-01   6836   28090
95   95 2020-04-02   7910   29440
96   96 2020-04-03   9056   30855
97   97 2020-04-04  10278   32338
98   98 2020-04-05  11130   33893
99   99 2020-04-06  12056   35522
100 100 2020-04-07  13717   37230
101 101 2020-04-08  15927   39019
102 102 2020-04-09  17857   40895
103 103 2020-04-10  19638   42861
104 104 2020-04-11  20727   44921
105 105 2020-04-12  22169   47081
106 106 2020-04-13  23430   49344
107 107 2020-04-14  25262   51716
108 108 2020-04-15  28320   54202
109 109 2020-04-16  30425   56807
110 110 2020-04-17  33682   59538
111 111 2020-04-18  36599   62400
112 112 2020-04-19  38654   65400
113 113 2020-04-20  40581   68543
114 114 2020-04-21  43079   71838
115 115 2020-04-22  45757   75292
116 116 2020-04-23  49492   78911
117 117 2020-04-24  52995   82704
118 118 2020-04-25  58509   86680
119 119 2020-04-26  61888   90847
120 120 2020-04-27  66501   95214
121 121 2020-04-28  71886   99791
122 122 2020-04-29  78162  104588
123 123 2020-04-30  85380  109616
124 124 2020-05-01  91589  114885
125 125 2020-05-02  96559  120407
126 126 2020-05-03 101147  126195
127 127 2020-05-04 107780  132262
128 128 2020-05-05 114715  138620
129 129 2020-05-06 125218  145283
130 130 2020-05-07 135106  152267
131 131 2020-05-08 145328  159587
132 132 2020-05-09 155939  167258
133 133 2020-05-10 162699  175298
134 134 2020-05-11 168331  183725
135 135 2020-05-12 177589  192557
136 136 2020-05-13 188974  201813
137 137 2020-05-14 202918  211515
138 138 2020-05-15 218223  221682
139 139 2020-05-16 233142  232339
140 140 2020-05-17 241080  243507
141 141 2020-05-18 254220  255213
142 142 2020-05-19 271628  267481
143 143 2020-05-20 291579  280339
144 144 2020-05-21 310087  293815
145 145 2020-05-22 330890  307939
146 146 2020-05-23 347398  322742
147 147 2020-05-24 363211  338257
148 148 2020-05-25 374898  354517
149 149 2020-05-26 391222  371559
150 150 2020-05-27 411821  389420
151 151 2020-05-28 438238  408140
152 152 2020-05-29 465166  427759
153 153 2020-05-30 498440  448322
154 154 2020-05-31 514849  469873
155 155 2020-06-01 526447  492460
156 156 2020-06-02 555383  516133
157 157 2020-06-03 584016  540944
158 158 2020-06-04 614932  566948
159 159 2020-06-05 645762  594201
160 160 2020-06-06 672837  622765
161 161 2020-06-07 691758  652702
162 162 2020-06-08 707412  684078
163 163 2020-06-09 739503  716962
164 164 2020-06-10 772416  751427
165 165 2020-06-11 802828  787548
166 166 2020-06-12 828810  825406
167 167 2020-06-13 850514  865084
168 168 2020-06-14 867624  906669
169 169 2020-06-15 888271  950254
170 170 2020-06-16 923189  995933
171 171 2020-06-17 955377 1043808

Intervalo de Confianca
        2.5%     97.5%
b  286.69340 402.25869
y0  20.82782  21.78071


Formula: x ~ SSexp(day, b, y0)

Parameters:
   Estimate Std. Error t value     Pr(>|t|)    
b  4576.004    905.411   5.054     0.000984 ***
y0   32.014      1.214  26.370 0.0000000046 ***
---
Signif. codes:  0 ‘***’ 0.001 ‘**’ 0.01 ‘*’ 0.05 ‘.’ 0.1 ‘ ’ 1

Residual standard error: 8917 on 8 degrees of freedom

Number of iterations to convergence: 17 
Achieved convergence tolerance: 0.0000000149

Considerando os casos dos últimos 10 dias, temos:
Número de dias para dobrar:  32
Razao de crescimento:  4576

Todos os dados gerados
    country       dias otimista casos_estimados pessimista estimativa_mortes casos_confirmados mortes_confirmadas latitude longitude
1    Brazil 2019-12-30      298             357        416                17                 0                  0        0         0
2    Brazil 2019-12-31      312             374        436                18                 0                  0        0         0
3    Brazil 2020-01-01      327             392        457                19                 0                  0        0         0
4    Brazil 2020-01-02      343             411        479                20                 0                  0        0         0
5    Brazil 2020-01-03      359             430        501                21                 0                  0        0         0
6    Brazil 2020-01-04      376             451        526                22                 0                  0        0         0
7    Brazil 2020-01-05      394             473        552                23                 0                  0        0         0
8    Brazil 2020-01-06      413             495        577                24                 0                  0        0         0
9    Brazil 2020-01-07      433             519        605                25                 0                  0        0         0
10   Brazil 2020-01-08      454             544        634                26                 0                  0        0         0
11   Brazil 2020-01-09      475             570        665                28                 0                  0        0         0
12   Brazil 2020-01-10      499             598        697                29                 0                  0        0         0
13   Brazil 2020-01-11      522             626        730                30                 0                  0        0         0
14   Brazil 2020-01-12      548             657        766                32                 0                  0        0         0
15   Brazil 2020-01-13      574             688        802                33                 0                  0        0         0
16   Brazil 2020-01-14      601             721        841                35                 0                  0        0         0
17   Brazil 2020-01-15      630             756        882                37                 0                  0        0         0
18   Brazil 2020-01-16      660             792        924                39                 0                  0        0         0
19   Brazil 2020-01-17      692             830        968                40                 0                  0        0         0
20   Brazil 2020-01-18      726             870       1014                42                 0                  0        0         0
21   Brazil 2020-01-19      761             912       1063                44                 0                  0        0         0
22   Brazil 2020-01-20      797             956       1115                47                 0                  0        0         0
23   Brazil 2020-01-21      836            1002       1168                49                 0                  0        0         0
24   Brazil 2020-01-22      876            1050       1224                51                 0                  0        0         0
25   Brazil 2020-01-23      918            1101       1284                54                 0                  0        0         0
26   Brazil 2020-01-24      962            1153       1344                56                 0                  0        0         0
27   Brazil 2020-01-25     1008            1209       1410                59                 0                  0        0         0
28   Brazil 2020-01-26     1057            1267       1477                62                 0                  0        0         0
29   Brazil 2020-01-27     1108            1328       1548                65                 0                  0        0         0
30   Brazil 2020-01-28     1161            1392       1623                68                 0                  0        0         0
31   Brazil 2020-01-29     1217            1459       1701                71                 0                  0        0         0
32   Brazil 2020-01-30     1275            1529       1783                74                 0                  0        0         0
33   Brazil 2020-01-31     1336            1602       1868                78                 0                  0        0         0
34   Brazil 2020-02-01     1400            1679       1958                82                 0                  0        0         0
35   Brazil 2020-02-02     1468            1760       2052                86                 0                  0        0         0
36   Brazil 2020-02-03     1539            1845       2151                90                 0                  0        0         0
37   Brazil 2020-02-04     1612            1933       2254                94                 0                  0        0         0
38   Brazil 2020-02-05     1690            2026       2362                99                 0                  0        0         0
39   Brazil 2020-02-06     1771            2124       2477               103                 0                  0        0         0
40   Brazil 2020-02-07     1856            2226       2596               108                 0                  0        0         0
41   Brazil 2020-02-08     1946            2333       2720               114                 0                  0        0         0
42   Brazil 2020-02-09     2039            2445       2851               119                 0                  0        0         0
43   Brazil 2020-02-10     2137            2562       2987               125                 0                  0        0         0
44   Brazil 2020-02-11     2239            2685       3131               131                 0                  0        0         0
45   Brazil 2020-02-12     2348            2815       3282               137                 0                  0        0         0
46   Brazil 2020-02-13     2460            2950       3440               144                 0                  0        0         0
47   Brazil 2020-02-14     2579            3092       3605               151                 0                  0        0         0
48   Brazil 2020-02-15     2702            3240       3778               158                 0                  0        0         0
49   Brazil 2020-02-16     2832            3396       3960               165                 0                  0        0         0
50   Brazil 2020-02-17     2968            3559       4150               173                 0                  0        0         0
51   Brazil 2020-02-18     3111            3730       4349               182                 0                  0        0         0
52   Brazil 2020-02-19     3261            3910       4559               190                 0                  0        0         0
53   Brazil 2020-02-20     3418            4098       4778               200                 0                  0        0         0
54   Brazil 2020-02-21     3582            4295       5008               209                 0                  0        0         0
55   Brazil 2020-02-22     3754            4501       5248               219                 0                  0        0         0
56   Brazil 2020-02-23     3934            4717       5500               230                 0                  0        0         0
57   Brazil 2020-02-24     4123            4944       5765               241                 0                  0        0         0
58   Brazil 2020-02-25     4322            5182       6042               252                 1                  0        0         0
59   Brazil 2020-02-26     4529            5431       6333               264                 1                  0        0         0
60   Brazil 2020-02-27     4747            5692       6637               277                 1                  0        0         0
61   Brazil 2020-02-28     4975            5966       6957               290                 1                  0        0         0
62   Brazil 2020-02-29     5214            6252       7290               304                 2                  0        0         0
63   Brazil 2020-03-01     5465            6553       7641               319                 2                  0        0         0
64   Brazil 2020-03-02     5728            6868       8008               334                 2                  0        0         0
65   Brazil 2020-03-03     6003            7198       8393               350                 2                  0        0         0
66   Brazil 2020-03-04     6291            7544       8797               367                 3                  0        0         0
67   Brazil 2020-03-05     6594            7907       9220               385                 8                  0        0         0
68   Brazil 2020-03-06     6911            8287       9663               403                13                  0        0         0
69   Brazil 2020-03-07     7243            8685      10127               423                13                  0        0         0
70   Brazil 2020-03-08     7592            9103      10614               443                25                  0        0         0
71   Brazil 2020-03-09     7956            9540      11124               464                25                  0        0         0
72   Brazil 2020-03-10     8339            9999      11659               487                34                  0        0         0
73   Brazil 2020-03-11     8740           10480      12220               510                52                  0        0         0
74   Brazil 2020-03-12     9159           10983      12807               535                77                  0        0         0
75   Brazil 2020-03-13     9600           11511      13422               560                98                  0        0         0
76   Brazil 2020-03-14    10062           12065      14068               587               121                  0        0         0
77   Brazil 2020-03-15    10545           12645      14745               616               200                  0        0         0
78   Brazil 2020-03-16    11052           13252      15452               645               234                  1        0         0
79   Brazil 2020-03-17    11583           13889      16195               676               291                  4        0         0
80   Brazil 2020-03-18    12140           14557      16974               709               428                  6        0         0
81   Brazil 2020-03-19    12724           15257      17790               743               621                 11        0         0
82   Brazil 2020-03-20    13335           15990      18645               778               904                 18        0         0
83   Brazil 2020-03-21    13976           16759      19542               816              1128                 25        0         0
84   Brazil 2020-03-22    14649           17565      20481               855              1546                 34        0         0
85   Brazil 2020-03-23    15352           18409      21466               896              1891                 46        0         0
86   Brazil 2020-03-24    16090           19294      22498               939              2201                 57        0         0
87   Brazil 2020-03-25    16864           20221      23578               984              2433                 77        0         0
88   Brazil 2020-03-26    17674           21193      24712              1032              2915                 92        0         0
89   Brazil 2020-03-27    18524           22212      25900              1081              3417                114        0         0
90   Brazil 2020-03-28    19415           23280      27145              1133              3904                136        0         0
91   Brazil 2020-03-29    20348           24399      28450              1188              4256                159        0         0
92   Brazil 2020-03-30    21326           25572      29818              1245              4579                201        0         0
93   Brazil 2020-03-31    22351           26801      31251              1305              5717                241        0         0
94   Brazil 2020-04-01    23426           28090      32754              1367              6836                299        0         0
95   Brazil 2020-04-02    24552           29440      34328              1433              7910                359        0         0
96   Brazil 2020-04-03    25732           30855      35978              1502              9056                432        0         0
97   Brazil 2020-04-04    26969           32338      37707              1574             10278                486        0         0
98   Brazil 2020-04-05    28265           33893      39521              1650             11130                553        0         0
99   Brazil 2020-04-06    29624           35522      41420              1729             12056                667        0         0
100  Brazil 2020-04-07    31048           37230      43412              1812             13717                800        0         0
101  Brazil 2020-04-08    32540           39019      45498              1900             15927                941        0         0
102  Brazil 2020-04-09    34105           40895      47685              1991             17857               1056        0         0
103  Brazil 2020-04-10    35744           42861      49978              2087             19638               1124        0         0
104  Brazil 2020-04-11    37462           44921      52380              2187             20727               1223        0         0
105  Brazil 2020-04-12    39264           47081      54898              2292             22169               1328        0         0
106  Brazil 2020-04-13    41151           49344      57537              2402             23430               1532        0         0
107  Brazil 2020-04-14    43129           51716      60303              2518             25262               1736        0         0
108  Brazil 2020-04-15    45202           54202      63202              2639             28320               1924        0         0
109  Brazil 2020-04-16    47375           56807      66239              2765             30425               2141        0         0
110  Brazil 2020-04-17    49652           59538      69424              2898             33682               2347        0         0
111  Brazil 2020-04-18    52039           62400      72761              3038             36599               2462        0         0
112  Brazil 2020-04-19    54541           65400      76259              3184             38654               2575        0         0
113  Brazil 2020-04-20    57162           68543      79924              3337             40581               2741        0         0
114  Brazil 2020-04-21    59910           71838      83766              3497             43079               2906        0         0
115  Brazil 2020-04-22    62791           75292      87793              3665             45757               3313        0         0
116  Brazil 2020-04-23    65809           78911      92013              3842             49492               3670        0         0
117  Brazil 2020-04-24    68972           82704      96436              4026             52995               4016        0         0
118  Brazil 2020-04-25    72288           86680     101072              4220             58509               4205        0         0
119  Brazil 2020-04-26    75763           90847     105931              4423             61888               4543        0         0
120  Brazil 2020-04-27    79405           95214     111023              4635             66501               5017        0         0
121  Brazil 2020-04-28    83222           99791     116360              4858             71886               5466        0         0
122  Brazil 2020-04-29    87222          104588     121954              5092             78162               5901        0         0
123  Brazil 2020-04-30    91416          109616     127816              5336             85380               6329        0         0
124  Brazil 2020-05-01    95810          114885     133960              5593             91589               6750        0         0
125  Brazil 2020-05-02   100415          120407     140399              5862             96559               7025        0         0
126  Brazil 2020-05-03   105242          126195     147148              6143            101147               7321        0         0
127  Brazil 2020-05-04   110301          132262     154223              6439            107780               7921        0         0
128  Brazil 2020-05-05   115604          138620     161636              6748            114715               8536        0         0
129  Brazil 2020-05-06   121160          145283     169406              7073            125218               9146        0         0
130  Brazil 2020-05-07   126985          152267     177549              7413            135106               9897        0         0
131  Brazil 2020-05-08   133089          159587     186085              7769            145328              10627        0         0
132  Brazil 2020-05-09   139487          167258     195029              8143            155939              11123        0         0
133  Brazil 2020-05-10   146192          175298     204404              8534            162699              11519        0         0
134  Brazil 2020-05-11   153220          183725     214230              8944            168331              12400        0         0
135  Brazil 2020-05-12   160585          192557     224529              9374            177589              13149        0         0
136  Brazil 2020-05-13   168304          201813     235322              9825            188974              13993        0         0
137  Brazil 2020-05-14   176395          211515     246635             10297            202918              14817        0         0
138  Brazil 2020-05-15   184874          221682     258490             10792            218223              15633        0         0
139  Brazil 2020-05-16   193762          232339     270916             11311            233142              16118        0         0
140  Brazil 2020-05-17   203075          243507     283939             11854            241080              16792        0         0
141  Brazil 2020-05-18   212838          255213     297588             12424            254220              17971        0         0
142  Brazil 2020-05-19   223069          267481     311893             13022            271628              18859        0         0
143  Brazil 2020-05-20   233792          280339     326886             13648            291579              20047        0         0
144  Brazil 2020-05-21   245030          293815     342600             14304            310087              21048        0         0
145  Brazil 2020-05-22   256809          307939     359069             14991            330890              22013        0         0
146  Brazil 2020-05-23   269154          322742     376330             15712            347398              22666        0         0
147  Brazil 2020-05-24   282093          338257     394421             16467            363211              23473        0         0
148  Brazil 2020-05-25   295654          354517     413380             17259            374898              24512        0         0
149  Brazil 2020-05-26   309866          371559     433252             18088            391222              25598        0         0
150  Brazil 2020-05-27   324761          389420     454079             18958            411821              26754        0         0
151  Brazil 2020-05-28   340373          408140     475907             19869            438238              27878        0         0
152  Brazil 2020-05-29   356735          427759     498783             20824            465166              28834        0         0
153  Brazil 2020-05-30   373883          448322     522761             21825            498440              29314        0         0
154  Brazil 2020-05-31   391856          469873     547890             22875            514849              29937        0         0
155  Brazil 2020-06-01   410693          492460     574227             23974            526447              31199        0         0
156  Brazil 2020-06-02   430435          516133     601831             25127            555383              32548        0         0
157  Brazil 2020-06-03   451126          540944     630762             26334            584016              34021        0         0
158  Brazil 2020-06-04   472813          566948     661083             27600            614932              35026        0         0
159  Brazil 2020-06-05   495541          594201     692861             28927            645762              35930        0         0
160  Brazil 2020-06-06   519362          622765     726168             30318            672837              36455        0         0
161  Brazil 2020-06-07   544328          652702     761076             31775            691758              37134        0         0
162  Brazil 2020-06-08   570495          684078     797661             33303            707412              38406        0         0
163  Brazil 2020-06-09   597919          716962     836005             34903            739503              39680        0         0
164  Brazil 2020-06-10   626661          751427     876193             36581            772416              40919        0         0
165  Brazil 2020-06-11   656785          787548     918311             38340            802828              41828        0         0
166  Brazil 2020-06-12   688357          825406     962455             40183            828810              42720        0         0
167  Brazil 2020-06-13   721447          865084    1008721             42114            850514              43332        0         0
168  Brazil 2020-06-14   756127          906669    1057211             44139            867624              43959        0         0
169  Brazil 2020-06-15   792475          950254    1108033             46261            888271              45241        0         0
170  Brazil 2020-06-16   830570          995933    1161296             48484            923189              46510        0         0
171  Brazil 2020-06-17   870496         1043808    1217120             50815            955377              46510        0         0
172  Brazil 2020-06-18   912341         1093985    1275629             53258                NA                 NA        0         0
173  Brazil 2020-06-19   956198         1146573    1336948             55818                NA                 NA        0         0
174  Brazil 2020-06-20  1002163         1201690    1401217             58501                NA                 NA        0         0
175  Brazil 2020-06-21  1050338         1259456    1468574             61313                NA                 NA        0         0
176  Brazil 2020-06-22  1100828         1319999    1539170             64261                NA                 NA        0         0
177  Brazil 2020-06-23  1153747         1383453    1613159             67350                NA                 NA        0         0
178  Brazil 2020-06-24  1209207         1449956    1690705             70587                NA                 NA        0         0

Fontes:
	OMS - https://ourworldindata.org/coronavirus-source-data
	Worldometers - https://www.worldometers.info/coronavirus