
 Italy 
Projecao:  7  dias
Gerado em:  2020-06-17 19:44:40
RMSE(%):  41.2 , BIAS(%): 7.55

Taxa de Mortalidade 14.48 %

    country       dias otimista casos_estimados pessimista estimativa_mortes casos_confirmados mortes_confirmadas latitude longitude
159   Italy 2020-06-05   153530          260942     368354             37796            234531              33846 41.87194  12.56738
160   Italy 2020-06-06   156069          265257     374445             38421            234801              33899 41.87194  12.56738
161   Italy 2020-06-07   158649          269642     380635             39056            234998              33964 41.87194  12.56738
162   Italy 2020-06-08   161273          274101     386929             39702            235278              34043 41.87194  12.56738
163   Italy 2020-06-09   163939          278633     393327             40358            235561              34114 41.87194  12.56738
164   Italy 2020-06-10   166650          283240     399830             41026            235763              34167 41.87194  12.56738
165   Italy 2020-06-11   169405          287923     406441             41704            236142              34223 41.87194  12.56738
166   Italy 2020-06-12   172206          292684     413162             42394            236305              34301 41.87194  12.56738
167   Italy 2020-06-13   175053          297523     419993             43094            236651              34345 41.87194  12.56738
168   Italy 2020-06-14   177947          302442     426937             43807            236989              34371 41.87194  12.56738
169   Italy 2020-06-15   180890          307443     433996             44531            237290              34405 41.87194  12.56738
170   Italy 2020-06-16   183881          312526     441171             45268            237500              34448 41.87194  12.56738
171   Italy 2020-06-17   186921          317693     448465             46016            237828              34448 41.87194  12.56738
172   Italy 2020-06-18   190011          322946     455881             46777                NA                 NA 41.87194  12.56738
173   Italy 2020-06-19   193153          328286     463419             47550                NA                 NA 41.87194  12.56738
174   Italy 2020-06-20   196347          333714     471081             48337                NA                 NA 41.87194  12.56738
175   Italy 2020-06-21   199594          339232     478870             49136                NA                 NA 41.87194  12.56738
176   Italy 2020-06-22   202894          344841     486788             49948                NA                 NA 41.87194  12.56738
177   Italy 2020-06-23   206248          350542     494836             50774                NA                 NA 41.87194  12.56738
178   Italy 2020-06-24   209658          356338     503018             51613                NA                 NA 41.87194  12.56738

Total de casos no mundo:  8382524 2569880 1547599 2252387 1733193 269761 8983 721 8382524

Estimados a partir dos dados da OMS:
    day       date      x   xest
1     1 2019-12-30      0  19555
2     2 2019-12-31      0  19879
3     3 2020-01-01      0  20207
4     4 2020-01-02      0  20542
5     5 2020-01-03      0  20881
6     6 2020-01-04      0  21226
7     7 2020-01-05      0  21577
8     8 2020-01-06      0  21934
9     9 2020-01-07      0  22297
10   10 2020-01-08      0  22665
11   11 2020-01-09      0  23040
12   12 2020-01-10      0  23421
13   13 2020-01-11      0  23808
14   14 2020-01-12      0  24202
15   15 2020-01-13      0  24602
16   16 2020-01-14      0  25009
17   17 2020-01-15      0  25423
18   18 2020-01-16      0  25843
19   19 2020-01-17      0  26270
20   20 2020-01-18      0  26705
21   21 2020-01-19      0  27146
22   22 2020-01-20      0  27595
23   23 2020-01-21      0  28051
24   24 2020-01-22      0  28515
25   25 2020-01-23      0  28986
26   26 2020-01-24      0  29466
27   27 2020-01-25      0  29953
28   28 2020-01-26      0  30448
29   29 2020-01-27      0  30952
30   30 2020-01-28      0  31463
31   31 2020-01-29      0  31984
32   32 2020-01-30      3  32512
33   33 2020-01-31      3  33050
34   34 2020-02-01      3  33596
35   35 2020-02-02      3  34152
36   36 2020-02-03      3  34717
37   37 2020-02-04      3  35291
38   38 2020-02-05      3  35874
39   39 2020-02-06      3  36467
40   40 2020-02-07      3  37070
41   41 2020-02-08      3  37683
42   42 2020-02-09      3  38306
43   43 2020-02-10      3  38940
44   44 2020-02-11      3  39583
45   45 2020-02-12      3  40238
46   46 2020-02-13      3  40903
47   47 2020-02-14      3  41580
48   48 2020-02-15      3  42267
49   49 2020-02-16      3  42966
50   50 2020-02-17      3  43676
51   51 2020-02-18      3  44398
52   52 2020-02-19      3  45133
53   53 2020-02-20      3  45879
54   54 2020-02-21     17  46637
55   55 2020-02-22     79  47408
56   56 2020-02-23    132  48192
57   57 2020-02-24    229  48989
58   58 2020-02-25    322  49799
59   59 2020-02-26    400  50622
60   60 2020-02-27    650  51459
61   61 2020-02-28    888  52310
62   62 2020-02-29   1128  53175
63   63 2020-03-01   1689  54054
64   64 2020-03-02   2036  54948
65   65 2020-03-03   2502  55857
66   66 2020-03-04   3089  56780
67   67 2020-03-05   3858  57719
68   68 2020-03-06   4636  58673
69   69 2020-03-07   5883  59644
70   70 2020-03-08   7375  60630
71   71 2020-03-09   9172  61632
72   72 2020-03-10  10149  62651
73   73 2020-03-11  12462  63687
74   74 2020-03-12  15113  64740
75   75 2020-03-13  17660  65811
76   76 2020-03-14  21157  66899
77   77 2020-03-15  23980  68005
78   78 2020-03-16  27980  69129
79   79 2020-03-17  31506  70272
80   80 2020-03-18  35713  71434
81   81 2020-03-19  41035  72615
82   82 2020-03-20  47021  73816
83   83 2020-03-21  53578  75036
84   84 2020-03-22  59138  76277
85   85 2020-03-23  63927  77538
86   86 2020-03-24  69176  78820
87   87 2020-03-25  74386  80123
88   88 2020-03-26  80539  81448
89   89 2020-03-27  86498  82795
90   90 2020-03-28  92472  84164
91   91 2020-03-29  97689  85555
92   92 2020-03-30 101739  86970
93   93 2020-03-31 105792  88408
94   94 2020-04-01 110574  89870
95   95 2020-04-02 115242  91356
96   96 2020-04-03 119827  92866
97   97 2020-04-04 124632  94402
98   98 2020-04-05 128948  95963
99   99 2020-04-06 132547  97549
100 100 2020-04-07 135586  99162
101 101 2020-04-08 139422 100802
102 102 2020-04-09 143626 102468
103 103 2020-04-10 147577 104163
104 104 2020-04-11 152271 105885
105 105 2020-04-12 156363 107636
106 106 2020-04-13 159516 109415
107 107 2020-04-14 162488 111224
108 108 2020-04-15 165155 113063
109 109 2020-04-16 168941 114933
110 110 2020-04-17 172434 116833
111 111 2020-04-18 175925 118765
112 112 2020-04-19 178972 120729
113 113 2020-04-20 181228 122725
114 114 2020-04-21 183957 124754
115 115 2020-04-22 187327 126817
116 116 2020-04-23 189973 128913
117 117 2020-04-24 192994 131045
118 118 2020-04-25 195351 133212
119 119 2020-04-26 197675 135414
120 120 2020-04-27 199414 137653
121 121 2020-04-28 201505 139929
122 122 2020-04-29 203591 142243
123 123 2020-04-30 205463 144595
124 124 2020-05-01 207428 146985
125 125 2020-05-02 209328 149416
126 126 2020-05-03 210717 151886
127 127 2020-05-04 211938 154397
128 128 2020-05-05 213013 156950
129 129 2020-05-06 214457 159545
130 130 2020-05-07 215858 162183
131 131 2020-05-08 217185 164865
132 132 2020-05-09 218268 167591
133 133 2020-05-10 219070 170362
134 134 2020-05-11 219814 173179
135 135 2020-05-12 221216 176042
136 136 2020-05-13 222104 178953
137 137 2020-05-14 223096 181911
138 138 2020-05-15 223885 184919
139 139 2020-05-16 224760 187977
140 140 2020-05-17 225435 191085
141 141 2020-05-18 225886 194244
142 142 2020-05-19 226699 197456
143 143 2020-05-20 227364 200721
144 144 2020-05-21 228006 204039
145 145 2020-05-22 228658 207413
146 146 2020-05-23 229327 210842
147 147 2020-05-24 229858 214329
148 148 2020-05-25 230158 217872
149 149 2020-05-26 230555 221475
150 150 2020-05-27 231139 225137
151 151 2020-05-28 231732 228859
152 152 2020-05-29 232248 232643
153 153 2020-05-30 232664 236490
154 154 2020-05-31 233019 240400
155 155 2020-06-01 233197 244375
156 156 2020-06-02 233515 248415
157 157 2020-06-03 233836 252523
158 158 2020-06-04 234013 256698
159 159 2020-06-05 234531 260942
160 160 2020-06-06 234801 265257
161 161 2020-06-07 234998 269642
162 162 2020-06-08 235278 274101
163 163 2020-06-09 235561 278633
164 164 2020-06-10 235763 283240
165 165 2020-06-11 236142 287923
166 166 2020-06-12 236305 292684
167 167 2020-06-13 236651 297523
168 168 2020-06-14 236989 302442
169 169 2020-06-15 237290 307443
170 170 2020-06-16 237500 312526
171 171 2020-06-17 237828 317693

Intervalo de Confianca
          2.5%      97.5%
b  15648.24912 23288.3041
y0    56.17146    66.3442


Formula: x ~ SSexp(day, b, y0)

Parameters:
    Estimate Std. Error t value             Pr(>|t|)    
b  193515.64     700.85  276.12 < 0.0000000000000002 ***
y0    829.54      14.96   55.44      0.0000000000124 ***
---
Signif. codes:  0 ‘***’ 0.001 ‘**’ 0.01 ‘*’ 0.05 ‘.’ 0.1 ‘ ’ 1

Residual standard error: 46.72 on 8 degrees of freedom

Number of iterations to convergence: 68 
Achieved convergence tolerance: 0.0000000149

Considerando os casos dos últimos 10 dias, temos:
Número de dias para dobrar:  829.5
Razao de crescimento:  193515.6

Todos os dados gerados
    country       dias otimista casos_estimados pessimista estimativa_mortes casos_confirmados mortes_confirmadas latitude longitude
1     Italy 2019-12-30    11506           19555      27604              2832                 0                  0 41.87194  12.56738
2     Italy 2019-12-31    11696           19879      28062              2879                 0                  0 41.87194  12.56738
3     Italy 2020-01-01    11889           20207      28525              2927                 0                  0 41.87194  12.56738
4     Italy 2020-01-02    12086           20542      28998              2975                 0                  0 41.87194  12.56738
5     Italy 2020-01-03    12286           20881      29476              3024                 0                  0 41.87194  12.56738
6     Italy 2020-01-04    12489           21226      29963              3074                 0                  0 41.87194  12.56738
7     Italy 2020-01-05    12695           21577      30459              3125                 0                  0 41.87194  12.56738
8     Italy 2020-01-06    12905           21934      30963              3177                 0                  0 41.87194  12.56738
9     Italy 2020-01-07    13119           22297      31475              3230                 0                  0 41.87194  12.56738
10    Italy 2020-01-08    13335           22665      31995              3283                 0                  0 41.87194  12.56738
11    Italy 2020-01-09    13556           23040      32524              3337                 0                  0 41.87194  12.56738
12    Italy 2020-01-10    13780           23421      33062              3392                 0                  0 41.87194  12.56738
13    Italy 2020-01-11    14008           23808      33608              3448                 0                  0 41.87194  12.56738
14    Italy 2020-01-12    14240           24202      34164              3506                 0                  0 41.87194  12.56738
15    Italy 2020-01-13    14475           24602      34729              3563                 0                  0 41.87194  12.56738
16    Italy 2020-01-14    14715           25009      35303              3622                 0                  0 41.87194  12.56738
17    Italy 2020-01-15    14958           25423      35888              3682                 0                  0 41.87194  12.56738
18    Italy 2020-01-16    15205           25843      36481              3743                 0                  0 41.87194  12.56738
19    Italy 2020-01-17    15456           26270      37084              3805                 0                  0 41.87194  12.56738
20    Italy 2020-01-18    15712           26705      37698              3868                 0                  0 41.87194  12.56738
21    Italy 2020-01-19    15972           27146      38320              3932                 0                  0 41.87194  12.56738
22    Italy 2020-01-20    16236           27595      38954              3997                 0                  0 41.87194  12.56738
23    Italy 2020-01-21    16504           28051      39598              4063                 0                  0 41.87194  12.56738
24    Italy 2020-01-22    16777           28515      40253              4130                 0                  0 41.87194  12.56738
25    Italy 2020-01-23    17054           28986      40918              4198                 0                  0 41.87194  12.56738
26    Italy 2020-01-24    17337           29466      41595              4268                 0                  0 41.87194  12.56738
27    Italy 2020-01-25    17623           29953      42283              4339                 0                  0 41.87194  12.56738
28    Italy 2020-01-26    17915           30448      42981              4410                 0                  0 41.87194  12.56738
29    Italy 2020-01-27    18211           30952      43693              4483                 0                  0 41.87194  12.56738
30    Italy 2020-01-28    18512           31463      44414              4557                 0                  0 41.87194  12.56738
31    Italy 2020-01-29    18818           31984      45150              4633                 0                  0 41.87194  12.56738
32    Italy 2020-01-30    19129           32512      45895              4709                 3                  0 41.87194  12.56738
33    Italy 2020-01-31    19446           33050      46654              4787                 3                  0 41.87194  12.56738
34    Italy 2020-02-01    19767           33596      47425              4866                 3                  0 41.87194  12.56738
35    Italy 2020-02-02    20094           34152      48210              4947                 3                  0 41.87194  12.56738
36    Italy 2020-02-03    20426           34717      49008              5029                 3                  0 41.87194  12.56738
37    Italy 2020-02-04    20764           35291      49818              5112                 3                  0 41.87194  12.56738
38    Italy 2020-02-05    21107           35874      50641              5196                 3                  0 41.87194  12.56738
39    Italy 2020-02-06    21456           36467      51478              5282                 3                  0 41.87194  12.56738
40    Italy 2020-02-07    21811           37070      52329              5369                 3                  0 41.87194  12.56738
41    Italy 2020-02-08    22172           37683      53194              5458                 3                  0 41.87194  12.56738
42    Italy 2020-02-09    22538           38306      54074              5548                 3                  0 41.87194  12.56738
43    Italy 2020-02-10    22911           38940      54969              5640                 3                  0 41.87194  12.56738
44    Italy 2020-02-11    23289           39583      55877              5733                 3                  0 41.87194  12.56738
45    Italy 2020-02-12    23675           40238      56801              5828                 3                  0 41.87194  12.56738
46    Italy 2020-02-13    24066           40903      57740              5925                 3                  0 41.87194  12.56738
47    Italy 2020-02-14    24464           41580      58696              6023                 3                  0 41.87194  12.56738
48    Italy 2020-02-15    24869           42267      59665              6122                 3                  0 41.87194  12.56738
49    Italy 2020-02-16    25280           42966      60652              6223                 3                  0 41.87194  12.56738
50    Italy 2020-02-17    25698           43676      61654              6326                 3                  0 41.87194  12.56738
51    Italy 2020-02-18    26122           44398      62674              6431                 3                  0 41.87194  12.56738
52    Italy 2020-02-19    26555           45133      63711              6537                 3                  0 41.87194  12.56738
53    Italy 2020-02-20    26994           45879      64764              6645                 3                  0 41.87194  12.56738
54    Italy 2020-02-21    27440           46637      65834              6755                17                  2 41.87194  12.56738
55    Italy 2020-02-22    27893           47408      66923              6867                79                  2 41.87194  12.56738
56    Italy 2020-02-23    28355           48192      68029              6980               132                  6 41.87194  12.56738
57    Italy 2020-02-24    28824           48989      69154              7096               229                 11 41.87194  12.56738
58    Italy 2020-02-25    29300           49799      70298              7213               322                 12 41.87194  12.56738
59    Italy 2020-02-26    29784           50622      71460              7332               400                 17 41.87194  12.56738
60    Italy 2020-02-27    30277           51459      72641              7454               650                 21 41.87194  12.56738
61    Italy 2020-02-28    30778           52310      73842              7577               888                 29 41.87194  12.56738
62    Italy 2020-02-29    31287           53175      75063              7702              1128                 35 41.87194  12.56738
63    Italy 2020-03-01    31804           54054      76304              7829              1689                 52 41.87194  12.56738
64    Italy 2020-03-02    32330           54948      77566              7959              2036                 80 41.87194  12.56738
65    Italy 2020-03-03    32865           55857      78849              8091              2502                107 41.87194  12.56738
66    Italy 2020-03-04    33408           56780      80152              8224              3089                148 41.87194  12.56738
67    Italy 2020-03-05    33960           57719      81478              8360              3858                197 41.87194  12.56738
68    Italy 2020-03-06    34521           58673      82825              8498              4636                233 41.87194  12.56738
69    Italy 2020-03-07    35093           59644      84195              8639              5883                366 41.87194  12.56738
70    Italy 2020-03-08    35673           60630      85587              8782              7375                464 41.87194  12.56738
71    Italy 2020-03-09    36262           61632      87002              8927              9172                631 41.87194  12.56738
72    Italy 2020-03-10    36862           62651      88440              9075             10149                827 41.87194  12.56738
73    Italy 2020-03-11    37471           63687      89903              9225             12462               1016 41.87194  12.56738
74    Italy 2020-03-12    38091           64740      91389              9377             15113               1268 41.87194  12.56738
75    Italy 2020-03-13    38721           65811      92901              9532             17660               1441 41.87194  12.56738
76    Italy 2020-03-14    39361           66899      94437              9690             21157               1811 41.87194  12.56738
77    Italy 2020-03-15    40012           68005      95998              9850             23980               2158 41.87194  12.56738
78    Italy 2020-03-16    40673           69129      97585             10013             27980               2505 41.87194  12.56738
79    Italy 2020-03-17    41346           70272      99198             10178             31506               2978 41.87194  12.56738
80    Italy 2020-03-18    42030           71434     100838             10347             35713               3407 41.87194  12.56738
81    Italy 2020-03-19    42724           72615     102506             10518             41035               4032 41.87194  12.56738
82    Italy 2020-03-20    43431           73816     104201             10692             47021               4827 41.87194  12.56738
83    Italy 2020-03-21    44149           75036     105923             10869             53578               5476 41.87194  12.56738
84    Italy 2020-03-22    44879           76277     107675             11048             59138               6077 41.87194  12.56738
85    Italy 2020-03-23    45621           77538     109455             11231             63927               6820 41.87194  12.56738
86    Italy 2020-03-24    46375           78820     111265             11417             69176               7505 41.87194  12.56738
87    Italy 2020-03-25    47142           80123     113104             11605             74386               8165 41.87194  12.56738
88    Italy 2020-03-26    47921           81448     114975             11797             80539               9136 41.87194  12.56738
89    Italy 2020-03-27    48714           82795     116876             11992             86498              10023 41.87194  12.56738
90    Italy 2020-03-28    49519           84164     118809             12191             92472              10781 41.87194  12.56738
91    Italy 2020-03-29    50338           85555     120772             12392             97689              11591 41.87194  12.56738
92    Italy 2020-03-30    51170           86970     122770             12597            101739              12430 41.87194  12.56738
93    Italy 2020-03-31    52017           88408     124799             12805            105792              13157 41.87194  12.56738
94    Italy 2020-04-01    52877           89870     126863             13017            110574              13917 41.87194  12.56738
95    Italy 2020-04-02    53751           91356     128961             13232            115242              14681 41.87194  12.56738
96    Italy 2020-04-03    54639           92866     131093             13451            119827              15362 41.87194  12.56738
97    Italy 2020-04-04    55543           94402     133261             13674            124632              15889 41.87194  12.56738
98    Italy 2020-04-05    56462           95963     135464             13900            128948              16525 41.87194  12.56738
99    Italy 2020-04-06    57395           97549     137703             14129            132547              17129 41.87194  12.56738
100   Italy 2020-04-07    58344           99162     139980             14363            135586              17669 41.87194  12.56738
101   Italy 2020-04-08    59309          100802     142295             14601            139422              18281 41.87194  12.56738
102   Italy 2020-04-09    60289          102468     144647             14842            143626              18851 41.87194  12.56738
103   Italy 2020-04-10    61286          104163     147040             15087            147577              19470 41.87194  12.56738
104   Italy 2020-04-11    62299          105885     149471             15337            152271              19901 41.87194  12.56738
105   Italy 2020-04-12    63330          107636     151942             15590            156363              20465 41.87194  12.56738
106   Italy 2020-04-13    64376          109415     154454             15848            159516              21069 41.87194  12.56738
107   Italy 2020-04-14    65441          111224     157007             16110            162488              21647 41.87194  12.56738
108   Italy 2020-04-15    66523          113063     159603             16377            165155              22172 41.87194  12.56738
109   Italy 2020-04-16    67623          114933     162243             16647            168941              22747 41.87194  12.56738
110   Italy 2020-04-17    68741          116833     164925             16923            172434              23227 41.87194  12.56738
111   Italy 2020-04-18    69878          118765     167652             17202            175925              23660 41.87194  12.56738
112   Italy 2020-04-19    71033          120729     170425             17487            178972              24114 41.87194  12.56738
113   Italy 2020-04-20    72208          122725     173242             17776            181228              24648 41.87194  12.56738
114   Italy 2020-04-21    73401          124754     176107             18070            183957              25085 41.87194  12.56738
115   Italy 2020-04-22    74615          126817     179019             18369            187327              25549 41.87194  12.56738
116   Italy 2020-04-23    75848          128913     181978             18672            189973              25969 41.87194  12.56738
117   Italy 2020-04-24    77103          131045     184987             18981            192994              26384 41.87194  12.56738
118   Italy 2020-04-25    78378          133212     188046             19295            195351              26644 41.87194  12.56738
119   Italy 2020-04-26    79673          135414     191155             19614            197675              26977 41.87194  12.56738
120   Italy 2020-04-27    80991          137653     194315             19938            199414              27359 41.87194  12.56738
121   Italy 2020-04-28    82330          139929     197528             20268            201505              27682 41.87194  12.56738
122   Italy 2020-04-29    83691          142243     200795             20603            203591              27967 41.87194  12.56738
123   Italy 2020-04-30    85075          144595     204115             20944            205463              28236 41.87194  12.56738
124   Italy 2020-05-01    86481          146985     207489             21290            207428              28710 41.87194  12.56738
125   Italy 2020-05-02    87912          149416     210920             21642            209328              28884 41.87194  12.56738
126   Italy 2020-05-03    89365          151886     214407             22000            210717              29079 41.87194  12.56738
127   Italy 2020-05-04    90842          154397     217952             22364            211938              29315 41.87194  12.56738
128   Italy 2020-05-05    92345          156950     221555             22733            213013              29684 41.87194  12.56738
129   Italy 2020-05-06    93871          159545     225219             23109            214457              29958 41.87194  12.56738
130   Italy 2020-05-07    95423          162183     228943             23491            215858              30201 41.87194  12.56738
131   Italy 2020-05-08    97001          164865     232729             23880            217185              30395 41.87194  12.56738
132   Italy 2020-05-09    98605          167591     236577             24275            218268              30560 41.87194  12.56738
133   Italy 2020-05-10   100236          170362     240488             24676            219070              30739 41.87194  12.56738
134   Italy 2020-05-11   101893          173179     244465             25084            219814              30911 41.87194  12.56738
135   Italy 2020-05-12   103578          176042     248506             25499            221216              31106 41.87194  12.56738
136   Italy 2020-05-13   105290          178953     252616             25920            222104              31368 41.87194  12.56738
137   Italy 2020-05-14   107031          181911     256791             26349            223096              31610 41.87194  12.56738
138   Italy 2020-05-15   108801          184919     261037             26784            223885              31763 41.87194  12.56738
139   Italy 2020-05-16   110600          187977     265354             27227            224760              31908 41.87194  12.56738
140   Italy 2020-05-17   112428          191085     269742             27678            225435              32007 41.87194  12.56738
141   Italy 2020-05-18   114287          194244     274201             28135            225886              32169 41.87194  12.56738
142   Italy 2020-05-19   116177          197456     278735             28600            226699              32330 41.87194  12.56738
143   Italy 2020-05-20   118098          200721     283344             29073            227364              32486 41.87194  12.56738
144   Italy 2020-05-21   120050          204039     288028             29554            228006              32616 41.87194  12.56738
145   Italy 2020-05-22   122035          207413     292791             30043            228658              32735 41.87194  12.56738
146   Italy 2020-05-23   124053          210842     297631             30539            229327              32785 41.87194  12.56738
147   Italy 2020-05-24   126105          214329     302553             31044            229858              32877 41.87194  12.56738
148   Italy 2020-05-25   128189          217872     307555             31557            230158              32955 41.87194  12.56738
149   Italy 2020-05-26   130309          221475     312641             32079            230555              33072 41.87194  12.56738
150   Italy 2020-05-27   132464          225137     317810             32610            231139              33142 41.87194  12.56738
151   Italy 2020-05-28   134654          228859     323064             33149            231732              33229 41.87194  12.56738
152   Italy 2020-05-29   136880          232643     328406             33697            232248              33340 41.87194  12.56738
153   Italy 2020-05-30   139143          236490     333837             34254            232664              33415 41.87194  12.56738
154   Italy 2020-05-31   141444          240400     339356             34821            233019              33475 41.87194  12.56738
155   Italy 2020-06-01   143783          244375     344967             35396            233197              33530 41.87194  12.56738
156   Italy 2020-06-02   146160          248415     350670             35981            233515              33601 41.87194  12.56738
157   Italy 2020-06-03   148577          252523     356469             36576            233836              33689 41.87194  12.56738
158   Italy 2020-06-04   151033          256698     362363             37181            234013              33774 41.87194  12.56738
159   Italy 2020-06-05   153530          260942     368354             37796            234531              33846 41.87194  12.56738
160   Italy 2020-06-06   156069          265257     374445             38421            234801              33899 41.87194  12.56738
161   Italy 2020-06-07   158649          269642     380635             39056            234998              33964 41.87194  12.56738
162   Italy 2020-06-08   161273          274101     386929             39702            235278              34043 41.87194  12.56738
163   Italy 2020-06-09   163939          278633     393327             40358            235561              34114 41.87194  12.56738
164   Italy 2020-06-10   166650          283240     399830             41026            235763              34167 41.87194  12.56738
165   Italy 2020-06-11   169405          287923     406441             41704            236142              34223 41.87194  12.56738
166   Italy 2020-06-12   172206          292684     413162             42394            236305              34301 41.87194  12.56738
167   Italy 2020-06-13   175053          297523     419993             43094            236651              34345 41.87194  12.56738
168   Italy 2020-06-14   177947          302442     426937             43807            236989              34371 41.87194  12.56738
169   Italy 2020-06-15   180890          307443     433996             44531            237290              34405 41.87194  12.56738
170   Italy 2020-06-16   183881          312526     441171             45268            237500              34448 41.87194  12.56738
171   Italy 2020-06-17   186921          317693     448465             46016            237828              34448 41.87194  12.56738
172   Italy 2020-06-18   190011          322946     455881             46777                NA                 NA 41.87194  12.56738
173   Italy 2020-06-19   193153          328286     463419             47550                NA                 NA 41.87194  12.56738
174   Italy 2020-06-20   196347          333714     471081             48337                NA                 NA 41.87194  12.56738
175   Italy 2020-06-21   199594          339232     478870             49136                NA                 NA 41.87194  12.56738
176   Italy 2020-06-22   202894          344841     486788             49948                NA                 NA 41.87194  12.56738
177   Italy 2020-06-23   206248          350542     494836             50774                NA                 NA 41.87194  12.56738
178   Italy 2020-06-24   209658          356338     503018             51613                NA                 NA 41.87194  12.56738

Fontes:
	OMS - https://ourworldindata.org/coronavirus-source-data
	Worldometers - https://www.worldometers.info/coronavirus