
 Brazil 
Projecao:  7  dias
Gerado em:  2020-04-30 22:51:54
RMSE(%):  14.4 , BIAS(%): 4.58

Taxa de Mortalidade 6.89 %

    country       dias otimista casos_estimados pessimista estimativa_mortes casos_confirmados mortes_confirmadas latitude longitude
111  Brazil 2020-04-18    28397           33155      37913              2284             36599               2462        0         0
112  Brazil 2020-04-19    30769           35925      41081              2475             38654               2575        0         0
113  Brazil 2020-04-20    33339           38926      44513              2681             40581               2741        0         0
114  Brazil 2020-04-21    36125           42178      48231              2905             43079               2906        0         0
115  Brazil 2020-04-22    39142           45701      52260              3148             45757               3313        0         0
116  Brazil 2020-04-23    42412           49519      56626              3411             49492               3670        0         0
117  Brazil 2020-04-24    45955           53655      61355              3696             52995               4016        0         0
118  Brazil 2020-04-25    49793           58137      66481              4005             58509               4205        0         0
119  Brazil 2020-04-26    53953           62994      72035              4339             61888               4543        0         0
120  Brazil 2020-04-27    58460           68256      78052              4702             66501               5017        0         0
121  Brazil 2020-04-28    63344           73958      84572              5095             71886               5466        0         0
122  Brazil 2020-04-29    68635           80136      91637              5520             78162               6006        0         0
123  Brazil 2020-04-30    74369           86831      99293              5981             87187               6006        0         0
124  Brazil 2020-05-01    80581           94084     107587              6481                NA                 NA        0         0
125  Brazil 2020-05-02    87313          101944     116575              7023                NA                 NA        0         0
126  Brazil 2020-05-03    94607          110460     126313              7609                NA                 NA        0         0
127  Brazil 2020-05-04   102510          119687     136864              8245                NA                 NA        0         0
128  Brazil 2020-05-05   111074          129686     148298              8934                NA                 NA        0         0
129  Brazil 2020-05-06   120352          140519     160686              9680                NA                 NA        0         0
130  Brazil 2020-05-07   130406          152258     174110             10489                NA                 NA        0         0

Total de casos no mundo:  3307691 1186693 1373444 520063 178638 8347 39785 721 3307691

Estimados a partir dos dados da OMS:
    day       date     x  xest
1     1 2019-12-30     0     5
2     2 2019-12-31     0     5
3     3 2020-01-01     0     6
4     4 2020-01-02     0     6
5     5 2020-01-03     0     7
6     6 2020-01-04     0     7
7     7 2020-01-05     0     8
8     8 2020-01-06     0     9
9     9 2020-01-07     0     9
10   10 2020-01-08     0    10
11   11 2020-01-09     0    11
12   12 2020-01-10     0    12
13   13 2020-01-11     0    13
14   14 2020-01-12     0    14
15   15 2020-01-13     0    15
16   16 2020-01-14     0    16
17   17 2020-01-15     0    18
18   18 2020-01-16     0    19
19   19 2020-01-17     0    21
20   20 2020-01-18     0    22
21   21 2020-01-19     0    24
22   22 2020-01-20     0    26
23   23 2020-01-21     0    28
24   24 2020-01-22     0    31
25   25 2020-01-23     0    33
26   26 2020-01-24     0    36
27   27 2020-01-25     0    39
28   28 2020-01-26     0    43
29   29 2020-01-27     0    46
30   30 2020-01-28     0    50
31   31 2020-01-29     0    54
32   32 2020-01-30     0    59
33   33 2020-01-31     0    63
34   34 2020-02-01     0    69
35   35 2020-02-02     0    75
36   36 2020-02-03     0    81
37   37 2020-02-04     0    88
38   38 2020-02-05     0    95
39   39 2020-02-06     0   103
40   40 2020-02-07     0   111
41   41 2020-02-08     0   121
42   42 2020-02-09     0   131
43   43 2020-02-10     0   142
44   44 2020-02-11     0   153
45   45 2020-02-12     0   166
46   46 2020-02-13     0   180
47   47 2020-02-14     0   195
48   48 2020-02-15     0   212
49   49 2020-02-16     0   229
50   50 2020-02-17     0   248
51   51 2020-02-18     0   269
52   52 2020-02-19     0   292
53   53 2020-02-20     0   316
54   54 2020-02-21     0   342
55   55 2020-02-22     0   371
56   56 2020-02-23     0   402
57   57 2020-02-24     0   436
58   58 2020-02-25     1   472
59   59 2020-02-26     1   511
60   60 2020-02-27     1   554
61   61 2020-02-28     1   600
62   62 2020-02-29     2   650
63   63 2020-03-01     2   705
64   64 2020-03-02     2   764
65   65 2020-03-03     2   827
66   66 2020-03-04     3   897
67   67 2020-03-05     8   971
68   68 2020-03-06    13  1053
69   69 2020-03-07    13  1141
70   70 2020-03-08    25  1236
71   71 2020-03-09    25  1339
72   72 2020-03-10    34  1451
73   73 2020-03-11    52  1572
74   74 2020-03-12    77  1703
75   75 2020-03-13    98  1846
76   76 2020-03-14   121  2000
77   77 2020-03-15   200  2167
78   78 2020-03-16   234  2348
79   79 2020-03-17   291  2544
80   80 2020-03-18   428  2757
81   81 2020-03-19   621  2987
82   82 2020-03-20   904  3237
83   83 2020-03-21  1128  3507
84   84 2020-03-22  1546  3800
85   85 2020-03-23  1891  4117
86   86 2020-03-24  2201  4461
87   87 2020-03-25  2433  4834
88   88 2020-03-26  2915  5238
89   89 2020-03-27  3417  5675
90   90 2020-03-28  3904  6149
91   91 2020-03-29  4256  6663
92   92 2020-03-30  4579  7220
93   93 2020-03-31  5717  7823
94   94 2020-04-01  6836  8476
95   95 2020-04-02  7910  9184
96   96 2020-04-03  9056  9952
97   97 2020-04-04 10278 10783
98   98 2020-04-05 11130 11684
99   99 2020-04-06 12056 12660
100 100 2020-04-07 13717 13717
101 101 2020-04-08 15927 14863
102 102 2020-04-09 17857 16105
103 103 2020-04-10 19638 17450
104 104 2020-04-11 20727 18908
105 105 2020-04-12 22169 20487
106 106 2020-04-13 23430 22199
107 107 2020-04-14 25262 24053
108 108 2020-04-15 28320 26063
109 109 2020-04-16 30425 28240
110 110 2020-04-17 33682 30599
111 111 2020-04-18 36599 33155
112 112 2020-04-19 38654 35925
113 113 2020-04-20 40581 38926
114 114 2020-04-21 43079 42178
115 115 2020-04-22 45757 45701
116 116 2020-04-23 49492 49519
117 117 2020-04-24 52995 53655
118 118 2020-04-25 58509 58137
119 119 2020-04-26 61888 62994
120 120 2020-04-27 66501 68256
121 121 2020-04-28 71886 73958
122 122 2020-04-29 78162 80136
123 123 2020-04-30 87187 86831

Intervalo de Confianca
        2.5%     97.5%
b   3.672564  5.480942
y0 12.202030 12.731723


Formula: x ~ SSexp(day, b, y0)

Parameters:
   Estimate Std. Error t value       Pr(>|t|)    
b    5.6555     1.2550   4.506        0.00199 ** 
y0  12.7837     0.3028  42.219 0.000000000109 ***
---
Signif. codes:  0 ‘***’ 0.001 ‘**’ 0.01 ‘*’ 0.05 ‘.’ 0.1 ‘ ’ 1

Residual standard error: 999.6 on 8 degrees of freedom

Number of iterations to convergence: 8 
Achieved convergence tolerance: 0.0000000149

Considerando os casos dos últimos 10 dias, temos:
Número de dias para dobrar:  5.7
Razao de crescimento:  5.66

Todos os dados gerados
    country       dias otimista casos_estimados pessimista estimativa_mortes casos_confirmados mortes_confirmadas latitude longitude
1    Brazil 2019-12-30        4               5          6                 0                 0                  0        0         0
2    Brazil 2019-12-31        4               5          6                 0                 0                  0        0         0
3    Brazil 2020-01-01        5               6          7                 0                 0                  0        0         0
4    Brazil 2020-01-02        5               6          7                 0                 0                  0        0         0
5    Brazil 2020-01-03        6               7          8                 0                 0                  0        0         0
6    Brazil 2020-01-04        6               7          8                 0                 0                  0        0         0
7    Brazil 2020-01-05        7               8          9                 1                 0                  0        0         0
8    Brazil 2020-01-06        8               9         10                 1                 0                  0        0         0
9    Brazil 2020-01-07        8               9         10                 1                 0                  0        0         0
10   Brazil 2020-01-08        9              10         11                 1                 0                  0        0         0
11   Brazil 2020-01-09        9              11         13                 1                 0                  0        0         0
12   Brazil 2020-01-10       10              12         14                 1                 0                  0        0         0
13   Brazil 2020-01-11       11              13         15                 1                 0                  0        0         0
14   Brazil 2020-01-12       12              14         16                 1                 0                  0        0         0
15   Brazil 2020-01-13       13              15         17                 1                 0                  0        0         0
16   Brazil 2020-01-14       14              16         18                 1                 0                  0        0         0
17   Brazil 2020-01-15       15              18         21                 1                 0                  0        0         0
18   Brazil 2020-01-16       16              19         22                 1                 0                  0        0         0
19   Brazil 2020-01-17       18              21         24                 1                 0                  0        0         0
20   Brazil 2020-01-18       19              22         25                 2                 0                  0        0         0
21   Brazil 2020-01-19       21              24         27                 2                 0                  0        0         0
22   Brazil 2020-01-20       22              26         30                 2                 0                  0        0         0
23   Brazil 2020-01-21       24              28         32                 2                 0                  0        0         0
24   Brazil 2020-01-22       27              31         35                 2                 0                  0        0         0
25   Brazil 2020-01-23       28              33         38                 2                 0                  0        0         0
26   Brazil 2020-01-24       31              36         41                 2                 0                  0        0         0
27   Brazil 2020-01-25       33              39         45                 3                 0                  0        0         0
28   Brazil 2020-01-26       37              43         49                 3                 0                  0        0         0
29   Brazil 2020-01-27       39              46         53                 3                 0                  0        0         0
30   Brazil 2020-01-28       43              50         57                 3                 0                  0        0         0
31   Brazil 2020-01-29       46              54         62                 4                 0                  0        0         0
32   Brazil 2020-01-30       51              59         67                 4                 0                  0        0         0
33   Brazil 2020-01-31       54              63         72                 4                 0                  0        0         0
34   Brazil 2020-02-01       59              69         79                 5                 0                  0        0         0
35   Brazil 2020-02-02       64              75         86                 5                 0                  0        0         0
36   Brazil 2020-02-03       69              81         93                 6                 0                  0        0         0
37   Brazil 2020-02-04       75              88        101                 6                 0                  0        0         0
38   Brazil 2020-02-05       81              95        109                 7                 0                  0        0         0
39   Brazil 2020-02-06       88             103        118                 7                 0                  0        0         0
40   Brazil 2020-02-07       95             111        127                 8                 0                  0        0         0
41   Brazil 2020-02-08      104             121        138                 8                 0                  0        0         0
42   Brazil 2020-02-09      112             131        150                 9                 0                  0        0         0
43   Brazil 2020-02-10      122             142        162                10                 0                  0        0         0
44   Brazil 2020-02-11      131             153        175                11                 0                  0        0         0
45   Brazil 2020-02-12      142             166        190                11                 0                  0        0         0
46   Brazil 2020-02-13      154             180        206                12                 0                  0        0         0
47   Brazil 2020-02-14      167             195        223                13                 0                  0        0         0
48   Brazil 2020-02-15      182             212        242                15                 0                  0        0         0
49   Brazil 2020-02-16      196             229        262                16                 0                  0        0         0
50   Brazil 2020-02-17      212             248        284                17                 0                  0        0         0
51   Brazil 2020-02-18      230             269        308                19                 0                  0        0         0
52   Brazil 2020-02-19      250             292        334                20                 0                  0        0         0
53   Brazil 2020-02-20      271             316        361                22                 0                  0        0         0
54   Brazil 2020-02-21      293             342        391                24                 0                  0        0         0
55   Brazil 2020-02-22      318             371        424                26                 0                  0        0         0
56   Brazil 2020-02-23      344             402        460                28                 0                  0        0         0
57   Brazil 2020-02-24      373             436        499                30                 0                  0        0         0
58   Brazil 2020-02-25      404             472        540                33                 1                  0        0         0
59   Brazil 2020-02-26      438             511        584                35                 1                  0        0         0
60   Brazil 2020-02-27      474             554        634                38                 1                  0        0         0
61   Brazil 2020-02-28      514             600        686                41                 1                  0        0         0
62   Brazil 2020-02-29      557             650        743                45                 2                  0        0         0
63   Brazil 2020-03-01      604             705        806                49                 2                  0        0         0
64   Brazil 2020-03-02      654             764        874                53                 2                  0        0         0
65   Brazil 2020-03-03      708             827        946                57                 2                  0        0         0
66   Brazil 2020-03-04      768             897       1026                62                 3                  0        0         0
67   Brazil 2020-03-05      832             971       1110                67                 8                  0        0         0
68   Brazil 2020-03-06      902            1053       1204                73                13                  0        0         0
69   Brazil 2020-03-07      977            1141       1305                79                13                  0        0         0
70   Brazil 2020-03-08     1059            1236       1413                85                25                  0        0         0
71   Brazil 2020-03-09     1147            1339       1531                92                25                  0        0         0
72   Brazil 2020-03-10     1243            1451       1659               100                34                  0        0         0
73   Brazil 2020-03-11     1346            1572       1798               108                52                  0        0         0
74   Brazil 2020-03-12     1459            1703       1947               117                77                  0        0         0
75   Brazil 2020-03-13     1581            1846       2111               127                98                  0        0         0
76   Brazil 2020-03-14     1713            2000       2287               138               121                  0        0         0
77   Brazil 2020-03-15     1856            2167       2478               149               200                  0        0         0
78   Brazil 2020-03-16     2011            2348       2685               162               234                  1        0         0
79   Brazil 2020-03-17     2179            2544       2909               175               291                  4        0         0
80   Brazil 2020-03-18     2361            2757       3153               190               428                  6        0         0
81   Brazil 2020-03-19     2558            2987       3416               206               621                 11        0         0
82   Brazil 2020-03-20     2772            3237       3702               223               904                 18        0         0
83   Brazil 2020-03-21     3004            3507       4010               242              1128                 25        0         0
84   Brazil 2020-03-22     3255            3800       4345               262              1546                 34        0         0
85   Brazil 2020-03-23     3526            4117       4708               284              1891                 46        0         0
86   Brazil 2020-03-24     3821            4461       5101               307              2201                 57        0         0
87   Brazil 2020-03-25     4140            4834       5528               333              2433                 77        0         0
88   Brazil 2020-03-26     4486            5238       5990               361              2915                 92        0         0
89   Brazil 2020-03-27     4861            5675       6489               391              3417                114        0         0
90   Brazil 2020-03-28     5267            6149       7031               424              3904                136        0         0
91   Brazil 2020-03-29     5707            6663       7619               459              4256                159        0         0
92   Brazil 2020-03-30     6184            7220       8256               497              4579                201        0         0
93   Brazil 2020-03-31     6700            7823       8946               539              5717                241        0         0
94   Brazil 2020-04-01     7260            8476       9692               584              6836                299        0         0
95   Brazil 2020-04-02     7866            9184      10502               633              7910                359        0         0
96   Brazil 2020-04-03     8524            9952      11380               686              9056                432        0         0
97   Brazil 2020-04-04     9235           10783      12331               743             10278                486        0         0
98   Brazil 2020-04-05    10007           11684      13361               805             11130                553        0         0
99   Brazil 2020-04-06    10843           12660      14477               872             12056                667        0         0
100  Brazil 2020-04-07    11748           13717      15686               945             13717                800        0         0
101  Brazil 2020-04-08    12730           14863      16996              1024             15927                941        0         0
102  Brazil 2020-04-09    13794           16105      18416              1109             17857               1056        0         0
103  Brazil 2020-04-10    14946           17450      19954              1202             19638               1124        0         0
104  Brazil 2020-04-11    16194           18908      21622              1303             20727               1223        0         0
105  Brazil 2020-04-12    17547           20487      23427              1411             22169               1328        0         0
106  Brazil 2020-04-13    19013           22199      25385              1529             23430               1532        0         0
107  Brazil 2020-04-14    20601           24053      27505              1657             25262               1736        0         0
108  Brazil 2020-04-15    22323           26063      29803              1795             28320               1924        0         0
109  Brazil 2020-04-16    24187           28240      32293              1945             30425               2141        0         0
110  Brazil 2020-04-17    26208           30599      34990              2108             33682               2347        0         0
111  Brazil 2020-04-18    28397           33155      37913              2284             36599               2462        0         0
112  Brazil 2020-04-19    30769           35925      41081              2475             38654               2575        0         0
113  Brazil 2020-04-20    33339           38926      44513              2681             40581               2741        0         0
114  Brazil 2020-04-21    36125           42178      48231              2905             43079               2906        0         0
115  Brazil 2020-04-22    39142           45701      52260              3148             45757               3313        0         0
116  Brazil 2020-04-23    42412           49519      56626              3411             49492               3670        0         0
117  Brazil 2020-04-24    45955           53655      61355              3696             52995               4016        0         0
118  Brazil 2020-04-25    49793           58137      66481              4005             58509               4205        0         0
119  Brazil 2020-04-26    53953           62994      72035              4339             61888               4543        0         0
120  Brazil 2020-04-27    58460           68256      78052              4702             66501               5017        0         0
121  Brazil 2020-04-28    63344           73958      84572              5095             71886               5466        0         0
122  Brazil 2020-04-29    68635           80136      91637              5520             78162               6006        0         0
123  Brazil 2020-04-30    74369           86831      99293              5981             87187               6006        0         0
124  Brazil 2020-05-01    80581           94084     107587              6481                NA                 NA        0         0
125  Brazil 2020-05-02    87313          101944     116575              7023                NA                 NA        0         0
126  Brazil 2020-05-03    94607          110460     126313              7609                NA                 NA        0         0
127  Brazil 2020-05-04   102510          119687     136864              8245                NA                 NA        0         0
128  Brazil 2020-05-05   111074          129686     148298              8934                NA                 NA        0         0
129  Brazil 2020-05-06   120352          140519     160686              9680                NA                 NA        0         0
130  Brazil 2020-05-07   130406          152258     174110             10489                NA                 NA        0         0

Fontes:
	OMS - https://ourworldindata.org/coronavirus-source-data
	Worldometers - https://www.worldometers.info/coronavirus