
 Brazil 
Projecao:  10  dias
Gerado em:  2020-08-17 20:02:02
RMSE(%):  21.5 , BIAS(%): 7.09

Taxa de Mortalidade 3.23 %

    country       dias otimista casos_estimados pessimista estimativa_mortes casos_confirmados mortes_confirmadas latitude longitude
223  Brazil 2020-08-08  2420006         3082673    3745340             99590           3012412             101049        0         0
224  Brazil 2020-08-09  2478084         3156654    3835224            101980           3035422             101752        0         0
225  Brazil 2020-08-10  2537556         3232411    3927266            104428           3057470             103026        0         0
226  Brazil 2020-08-11  2598455         3309986    4021517            106934           3109630             104201        0         0
227  Brazil 2020-08-12  2660816         3389423    4118030            109500           3164785             105463        0         0
228  Brazil 2020-08-13  2724673         3470766    4216859            112128           3224876             106523        0         0
229  Brazil 2020-08-14  2790062         3554061    4318060            114819           3275520             107232        0         0
230  Brazil 2020-08-15  2857021         3639355    4421689            117575           3317096             107852        0         0
231  Brazil 2020-08-16  2925587         3726696    4527805            120397           3340197             108536        0         0
232  Brazil 2020-08-17  2995798         3816133    4636468            123286           3359570             108536        0         0
233  Brazil 2020-08-18  3067695         3907717    4747739            126245                NA                 NA        0         0
234  Brazil 2020-08-19  3141317         4001499    4861681            129274                NA                 NA        0         0
235  Brazil 2020-08-20  3216705         4097531    4978357            132377                NA                 NA        0         0
236  Brazil 2020-08-21  3293903         4195868    5097833            135554                NA                 NA        0         0
237  Brazil 2020-08-22  3372954         4296565    5220176            138807                NA                 NA        0         0
238  Brazil 2020-08-23  3453901         4399678    5345455            142138                NA                 NA        0         0
239  Brazil 2020-08-24  3536792         4505267    5473742            145549                NA                 NA        0         0
240  Brazil 2020-08-25  3621672         4613389    5605106            149043                NA                 NA        0         0
241  Brazil 2020-08-26  3708589         4724106    5739623            152619                NA                 NA        0         0
242  Brazil 2020-08-27  3797591         4837480    5877369            156282                NA                 NA        0         0

Total de casos no mundo:  22028182 6610662 5318262 5737947 3203156 1131694 25740 721 22028182

Estimados a partir dos dados da OMS:
    day       date       x    xest
1     1 2019-12-30       0   15938
2     2 2019-12-31       0   16320
3     3 2020-01-01       0   16712
4     4 2020-01-02       0   17113
5     5 2020-01-03       0   17524
6     6 2020-01-04       0   17944
7     7 2020-01-05       0   18375
8     8 2020-01-06       0   18816
9     9 2020-01-07       0   19267
10   10 2020-01-08       0   19730
11   11 2020-01-09       0   20203
12   12 2020-01-10       0   20688
13   13 2020-01-11       0   21185
14   14 2020-01-12       0   21693
15   15 2020-01-13       0   22214
16   16 2020-01-14       0   22747
17   17 2020-01-15       0   23293
18   18 2020-01-16       0   23852
19   19 2020-01-17       0   24424
20   20 2020-01-18       0   25010
21   21 2020-01-19       0   25610
22   22 2020-01-20       0   26225
23   23 2020-01-21       0   26854
24   24 2020-01-22       0   27499
25   25 2020-01-23       0   28159
26   26 2020-01-24       0   28835
27   27 2020-01-25       0   29527
28   28 2020-01-26       0   30235
29   29 2020-01-27       0   30961
30   30 2020-01-28       0   31704
31   31 2020-01-29       0   32465
32   32 2020-01-30       0   33244
33   33 2020-01-31       0   34042
34   34 2020-02-01       0   34859
35   35 2020-02-02       0   35695
36   36 2020-02-03       0   36552
37   37 2020-02-04       0   37429
38   38 2020-02-05       0   38327
39   39 2020-02-06       0   39247
40   40 2020-02-07       0   40189
41   41 2020-02-08       0   41153
42   42 2020-02-09       0   42141
43   43 2020-02-10       0   43152
44   44 2020-02-11       0   44188
45   45 2020-02-12       0   45249
46   46 2020-02-13       0   46334
47   47 2020-02-14       0   47446
48   48 2020-02-15       0   48585
49   49 2020-02-16       0   49751
50   50 2020-02-17       0   50945
51   51 2020-02-18       0   52168
52   52 2020-02-19       0   53420
53   53 2020-02-20       0   54702
54   54 2020-02-21       0   56015
55   55 2020-02-22       0   57359
56   56 2020-02-23       0   58735
57   57 2020-02-24       0   60145
58   58 2020-02-25       1   61588
59   59 2020-02-26       1   63066
60   60 2020-02-27       1   64580
61   61 2020-02-28       1   66130
62   62 2020-02-29       2   67717
63   63 2020-03-01       2   69342
64   64 2020-03-02       2   71006
65   65 2020-03-03       2   72710
66   66 2020-03-04       3   74455
67   67 2020-03-05       8   76242
68   68 2020-03-06      13   78072
69   69 2020-03-07      13   79946
70   70 2020-03-08      25   81864
71   71 2020-03-09      25   83829
72   72 2020-03-10      34   85841
73   73 2020-03-11      52   87901
74   74 2020-03-12      77   90010
75   75 2020-03-13      98   92170
76   76 2020-03-14     121   94382
77   77 2020-03-15     200   96648
78   78 2020-03-16     234   98967
79   79 2020-03-17     291  101342
80   80 2020-03-18     428  103774
81   81 2020-03-19     621  106265
82   82 2020-03-20     904  108815
83   83 2020-03-21    1128  111426
84   84 2020-03-22    1546  114101
85   85 2020-03-23    1891  116839
86   86 2020-03-24    2201  119643
87   87 2020-03-25    2433  122514
88   88 2020-03-26    2915  125454
89   89 2020-03-27    3417  128465
90   90 2020-03-28    3904  131548
91   91 2020-03-29    4256  134705
92   92 2020-03-30    4579  137938
93   93 2020-03-31    5717  141249
94   94 2020-04-01    6836  144638
95   95 2020-04-02    7910  148110
96   96 2020-04-03    9056  151664
97   97 2020-04-04   10278  155304
98   98 2020-04-05   11130  159031
99   99 2020-04-06   12056  162848
100 100 2020-04-07   13717  166756
101 101 2020-04-08   15927  170758
102 102 2020-04-09   17857  174856
103 103 2020-04-10   19638  179052
104 104 2020-04-11   20727  183349
105 105 2020-04-12   22169  187749
106 106 2020-04-13   23430  192255
107 107 2020-04-14   25262  196869
108 108 2020-04-15   28320  201594
109 109 2020-04-16   30425  206432
110 110 2020-04-17   33682  211386
111 111 2020-04-18   36599  216459
112 112 2020-04-19   38654  221654
113 113 2020-04-20   40581  226974
114 114 2020-04-21   43079  232421
115 115 2020-04-22   45757  237999
116 116 2020-04-23   49492  243710
117 117 2020-04-24   52995  249559
118 118 2020-04-25   58509  255548
119 119 2020-04-26   61888  261681
120 120 2020-04-27   66501  267961
121 121 2020-04-28   71886  274392
122 122 2020-04-29   78162  280977
123 123 2020-04-30   85380  287721
124 124 2020-05-01   91589  294626
125 125 2020-05-02   96559  301696
126 126 2020-05-03  101147  308937
127 127 2020-05-04  107780  316351
128 128 2020-05-05  114715  323943
129 129 2020-05-06  125218  331717
130 130 2020-05-07  135106  339678
131 131 2020-05-08  145328  347830
132 132 2020-05-09  155939  356178
133 133 2020-05-10  162699  364726
134 134 2020-05-11  168331  373479
135 135 2020-05-12  177589  382442
136 136 2020-05-13  188974  391620
137 137 2020-05-14  202918  401019
138 138 2020-05-15  218223  410643
139 139 2020-05-16  233142  420498
140 140 2020-05-17  241080  430590
141 141 2020-05-18  254220  440923
142 142 2020-05-19  271628  451505
143 143 2020-05-20  291579  462341
144 144 2020-05-21  310087  473437
145 145 2020-05-22  330890  484799
146 146 2020-05-23  347398  496433
147 147 2020-05-24  363211  508347
148 148 2020-05-25  374898  520547
149 149 2020-05-26  391222  533040
150 150 2020-05-27  411821  545832
151 151 2020-05-28  438238  558932
152 152 2020-05-29  465166  572346
153 153 2020-05-30  498440  586081
154 154 2020-05-31  514849  600147
155 155 2020-06-01  526447  614550
156 156 2020-06-02  555383  629298
157 157 2020-06-03  584016  644401
158 158 2020-06-04  614932  659866
159 159 2020-06-05  645762  675702
160 160 2020-06-06  672837  691918
161 161 2020-06-07  691758  708524
162 162 2020-06-08  707412  725528
163 163 2020-06-09  739503  742940
164 164 2020-06-10  772416  760769
165 165 2020-06-11  802828  779027
166 166 2020-06-12  828810  797723
167 167 2020-06-13  850514  816868
168 168 2020-06-14  867624  836472
169 169 2020-06-15  888271  856546
170 170 2020-06-16  923189  877103
171 171 2020-06-17  955377  898152
172 172 2020-06-18  978142  919707
173 173 2020-06-19 1032913  941779
174 174 2020-06-20 1067579  964381
175 175 2020-06-21 1085038  987525
176 176 2020-06-22 1106470 1011225
177 177 2020-06-23 1145906 1035494
178 178 2020-06-24 1188631 1060345
179 179 2020-06-25 1228114 1085792
180 180 2020-06-26 1274974 1111850
181 181 2020-06-27 1313667 1138533
182 182 2020-06-28 1344143 1165857
183 183 2020-06-29 1368195 1193836
184 184 2020-06-30 1402041 1222487
185 185 2020-07-01 1448753 1251826
186 186 2020-07-02 1496858 1281869
187 187 2020-07-03 1539081 1312632
188 188 2020-07-04 1577004 1344134
189 189 2020-07-05 1603055 1376392
190 190 2020-07-06 1623284 1409424
191 191 2020-07-07 1668589 1443249
192 192 2020-07-08 1713160 1477886
193 193 2020-07-09 1755779 1513354
194 194 2020-07-10 1800827 1549673
195 195 2020-07-11 1839850 1586864
196 196 2020-07-12 1864681 1624947
197 197 2020-07-13 1884967 1663944
198 198 2020-07-14 1926824 1703877
199 199 2020-07-15 1966748 1744769
200 200 2020-07-16 2012151 1786642
201 201 2020-07-17 2046328 1829519
202 202 2020-07-18 2074860 1873426
203 203 2020-07-19 2098389 1918387
204 204 2020-07-20 2118646 1964426
205 205 2020-07-21 2159654 2011571
206 206 2020-07-22 2227514 2059846
207 207 2020-07-23 2287475 2109281
208 208 2020-07-24 2343366 2159902
209 209 2020-07-25 2394513 2211737
210 210 2020-07-26 2419091 2264817
211 211 2020-07-27 2442375 2319170
212 212 2020-07-28 2483191 2374828
213 213 2020-07-29 2552265 2431822
214 214 2020-07-30 2610102 2490184
215 215 2020-07-31 2662485 2549946
216 216 2020-08-01 2707877 2611142
217 217 2020-08-02 2733677 2673807
218 218 2020-08-03 2750318 2737976
219 219 2020-08-04 2801921 2803685
220 220 2020-08-05 2859073 2870971
221 221 2020-08-06 2912212 2939871
222 222 2020-08-07 2962442 3010426
223 223 2020-08-08 3012412 3082673
224 224 2020-08-09 3035422 3156654
225 225 2020-08-10 3057470 3232411
226 226 2020-08-11 3109630 3309986
227 227 2020-08-12 3164785 3389423
228 228 2020-08-13 3224876 3470766
229 229 2020-08-14 3275520 3554061
230 230 2020-08-15 3317096 3639355
231 231 2020-08-16 3340197 3726696
232 232 2020-08-17 3359570 3816133

Intervalo de Confianca
          2.5%       97.5%
b  13454.61158 17924.16673
y0    40.98509    43.38299


Formula: x ~ SSexp(day, b, y0)

Parameters:
     Estimate Std. Error t value     Pr(>|t|)    
b  147741.083  22182.642    6.66     0.000159 ***
y0     74.069      3.617   20.48 0.0000000338 ***
---
Signif. codes:  0 ‘***’ 0.001 ‘**’ 0.01 ‘*’ 0.05 ‘.’ 0.1 ‘ ’ 1

Residual standard error: 19080 on 8 degrees of freedom

Number of iterations to convergence: 35 
Achieved convergence tolerance: 0.0000000149

Considerando os casos dos últimos 10 dias, temos:
Número de dias para dobrar:  74.1
Razao de crescimento:  147741.1

Todos os dados gerados
    country       dias otimista casos_estimados pessimista estimativa_mortes casos_confirmados mortes_confirmadas latitude longitude
1    Brazil 2019-12-30    12512           15938      19364               515                 0                  0        0         0
2    Brazil 2019-12-31    12812           16320      19828               527                 0                  0        0         0
3    Brazil 2020-01-01    13120           16712      20304               540                 0                  0        0         0
4    Brazil 2020-01-02    13434           17113      20792               553                 0                  0        0         0
5    Brazil 2020-01-03    13757           17524      21291               566                 0                  0        0         0
6    Brazil 2020-01-04    14087           17944      21801               580                 0                  0        0         0
7    Brazil 2020-01-05    14425           18375      22325               594                 0                  0        0         0
8    Brazil 2020-01-06    14771           18816      22861               608                 0                  0        0         0
9    Brazil 2020-01-07    15125           19267      23409               622                 0                  0        0         0
10   Brazil 2020-01-08    15489           19730      23971               637                 0                  0        0         0
11   Brazil 2020-01-09    15860           20203      24546               653                 0                  0        0         0
12   Brazil 2020-01-10    16241           20688      25135               668                 0                  0        0         0
13   Brazil 2020-01-11    16631           21185      25739               684                 0                  0        0         0
14   Brazil 2020-01-12    17030           21693      26356               701                 0                  0        0         0
15   Brazil 2020-01-13    17439           22214      26989               718                 0                  0        0         0
16   Brazil 2020-01-14    17857           22747      27637               735                 0                  0        0         0
17   Brazil 2020-01-15    18286           23293      28300               753                 0                  0        0         0
18   Brazil 2020-01-16    18725           23852      28979               771                 0                  0        0         0
19   Brazil 2020-01-17    19174           24424      29674               789                 0                  0        0         0
20   Brazil 2020-01-18    19634           25010      30386               808                 0                  0        0         0
21   Brazil 2020-01-19    20105           25610      31115               827                 0                  0        0         0
22   Brazil 2020-01-20    20588           26225      31862               847                 0                  0        0         0
23   Brazil 2020-01-21    21081           26854      32627               868                 0                  0        0         0
24   Brazil 2020-01-22    21588           27499      33410               888                 0                  0        0         0
25   Brazil 2020-01-23    22106           28159      34212               910                 0                  0        0         0
26   Brazil 2020-01-24    22636           28835      35034               932                 0                  0        0         0
27   Brazil 2020-01-25    23180           29527      35874               954                 0                  0        0         0
28   Brazil 2020-01-26    23736           30235      36734               977                 0                  0        0         0
29   Brazil 2020-01-27    24305           30961      37617              1000                 0                  0        0         0
30   Brazil 2020-01-28    24889           31704      38519              1024                 0                  0        0         0
31   Brazil 2020-01-29    25486           32465      39444              1049                 0                  0        0         0
32   Brazil 2020-01-30    26098           33244      40390              1074                 0                  0        0         0
33   Brazil 2020-01-31    26724           34042      41360              1100                 0                  0        0         0
34   Brazil 2020-02-01    27366           34859      42352              1126                 0                  0        0         0
35   Brazil 2020-02-02    28022           35695      43368              1153                 0                  0        0         0
36   Brazil 2020-02-03    28695           36552      44409              1181                 0                  0        0         0
37   Brazil 2020-02-04    29383           37429      45475              1209                 0                  0        0         0
38   Brazil 2020-02-05    30088           38327      46566              1238                 0                  0        0         0
39   Brazil 2020-02-06    30810           39247      47684              1268                 0                  0        0         0
40   Brazil 2020-02-07    31550           40189      48828              1298                 0                  0        0         0
41   Brazil 2020-02-08    32307           41153      49999              1330                 0                  0        0         0
42   Brazil 2020-02-09    33082           42141      51200              1361                 0                  0        0         0
43   Brazil 2020-02-10    33876           43152      52428              1394                 0                  0        0         0
44   Brazil 2020-02-11    34689           44188      53687              1428                 0                  0        0         0
45   Brazil 2020-02-12    35522           45249      54976              1462                 0                  0        0         0
46   Brazil 2020-02-13    36374           46334      56294              1497                 0                  0        0         0
47   Brazil 2020-02-14    37247           47446      57645              1533                 0                  0        0         0
48   Brazil 2020-02-15    38141           48585      59029              1570                 0                  0        0         0
49   Brazil 2020-02-16    39056           49751      60446              1607                 0                  0        0         0
50   Brazil 2020-02-17    39994           50945      61896              1646                 0                  0        0         0
51   Brazil 2020-02-18    40954           52168      63382              1685                 0                  0        0         0
52   Brazil 2020-02-19    41937           53420      64903              1726                 0                  0        0         0
53   Brazil 2020-02-20    42943           54702      66461              1767                 0                  0        0         0
54   Brazil 2020-02-21    43974           56015      68056              1810                 0                  0        0         0
55   Brazil 2020-02-22    45029           57359      69689              1853                 0                  0        0         0
56   Brazil 2020-02-23    46109           58735      71361              1898                 0                  0        0         0
57   Brazil 2020-02-24    47216           60145      73074              1943                 0                  0        0         0
58   Brazil 2020-02-25    48349           61588      74827              1990                 1                  0        0         0
59   Brazil 2020-02-26    49509           63066      76623              2037                 1                  0        0         0
60   Brazil 2020-02-27    50698           64580      78462              2086                 1                  0        0         0
61   Brazil 2020-02-28    51914           66130      80346              2136                 1                  0        0         0
62   Brazil 2020-02-29    53160           67717      82274              2188                 2                  0        0         0
63   Brazil 2020-03-01    54436           69342      84248              2240                 2                  0        0         0
64   Brazil 2020-03-02    55742           71006      86270              2294                 2                  0        0         0
65   Brazil 2020-03-03    57080           72710      88340              2349                 2                  0        0         0
66   Brazil 2020-03-04    58450           74455      90460              2405                 3                  0        0         0
67   Brazil 2020-03-05    59853           76242      92631              2463                 8                  0        0         0
68   Brazil 2020-03-06    61289           78072      94855              2522                13                  0        0         0
69   Brazil 2020-03-07    62760           79946      97132              2583                13                  0        0         0
70   Brazil 2020-03-08    64266           81864      99462              2645                25                  0        0         0
71   Brazil 2020-03-09    65809           83829     101849              2708                25                  0        0         0
72   Brazil 2020-03-10    67388           85841     104294              2773                34                  0        0         0
73   Brazil 2020-03-11    69005           87901     106797              2840                52                  0        0         0
74   Brazil 2020-03-12    70661           90010     109359              2908                77                  0        0         0
75   Brazil 2020-03-13    72357           92170     111983              2978                98                  0        0         0
76   Brazil 2020-03-14    74093           94382     114671              3049               121                  0        0         0
77   Brazil 2020-03-15    75872           96648     117424              3122               200                  0        0         0
78   Brazil 2020-03-16    77693           98967     120241              3197               234                  1        0         0
79   Brazil 2020-03-17    79557          101342     123127              3274               291                  4        0         0
80   Brazil 2020-03-18    81466          103774     126082              3353               428                  6        0         0
81   Brazil 2020-03-19    83422          106265     129108              3433               621                 11        0         0
82   Brazil 2020-03-20    85424          108815     132206              3515               904                 18        0         0
83   Brazil 2020-03-21    87473          111426     135379              3600              1128                 25        0         0
84   Brazil 2020-03-22    89573          114101     138629              3686              1546                 34        0         0
85   Brazil 2020-03-23    91723          116839     141955              3775              1891                 46        0         0
86   Brazil 2020-03-24    93924          119643     145362              3865              2201                 57        0         0
87   Brazil 2020-03-25    96178          122514     148850              3958              2433                 77        0         0
88   Brazil 2020-03-26    98486          125454     152422              4053              2915                 92        0         0
89   Brazil 2020-03-27   100850          128465     156080              4150              3417                114        0         0
90   Brazil 2020-03-28   103270          131548     159826              4250              3904                136        0         0
91   Brazil 2020-03-29   105748          134705     163662              4352              4256                159        0         0
92   Brazil 2020-03-30   108286          137938     167590              4456              4579                201        0         0
93   Brazil 2020-03-31   110885          141249     171613              4563              5717                241        0         0
94   Brazil 2020-04-01   113546          144638     175730              4673              6836                299        0         0
95   Brazil 2020-04-02   116272          148110     179948              4785              7910                359        0         0
96   Brazil 2020-04-03   119062          151664     184266              4900              9056                432        0         0
97   Brazil 2020-04-04   121919          155304     188689              5017             10278                486        0         0
98   Brazil 2020-04-05   124845          159031     193217              5138             11130                553        0         0
99   Brazil 2020-04-06   127841          162848     197855              5261             12056                667        0         0
100  Brazil 2020-04-07   130909          166756     202603              5387             13717                800        0         0
101  Brazil 2020-04-08   134051          170758     207465              5517             15927                941        0         0
102  Brazil 2020-04-09   137268          174856     212444              5649             17857               1056        0         0
103  Brazil 2020-04-10   140562          179052     217542              5785             19638               1124        0         0
104  Brazil 2020-04-11   143935          183349     222763              5923             20727               1223        0         0
105  Brazil 2020-04-12   147390          187749     228108              6066             22169               1328        0         0
106  Brazil 2020-04-13   150927          192255     233583              6211             23430               1532        0         0
107  Brazil 2020-04-14   154549          196869     239189              6360             25262               1736        0         0
108  Brazil 2020-04-15   158258          201594     244930              6513             28320               1924        0         0
109  Brazil 2020-04-16   162056          206432     250808              6669             30425               2141        0         0
110  Brazil 2020-04-17   165945          211386     256827              6829             33682               2347        0         0
111  Brazil 2020-04-18   169928          216459     262990              6993             36599               2462        0         0
112  Brazil 2020-04-19   174006          221654     269302              7161             38654               2575        0         0
113  Brazil 2020-04-20   178183          226974     275765              7333             40581               2741        0         0
114  Brazil 2020-04-21   182459          232421     282383              7509             43079               2906        0         0
115  Brazil 2020-04-22   186838          237999     289160              7689             45757               3313        0         0
116  Brazil 2020-04-23   191321          243710     296099              7873             49492               3670        0         0
117  Brazil 2020-04-24   195913          249559     303205              8062             52995               4016        0         0
118  Brazil 2020-04-25   200614          255548     310482              8256             58509               4205        0         0
119  Brazil 2020-04-26   205429          261681     317933              8454             61888               4543        0         0
120  Brazil 2020-04-27   210359          267961     325563              8657             66501               5017        0         0
121  Brazil 2020-04-28   215407          274392     333377              8865             71886               5466        0         0
122  Brazil 2020-04-29   220577          280977     341377              9077             78162               5901        0         0
123  Brazil 2020-04-30   225871          287721     349571              9295             85380               6329        0         0
124  Brazil 2020-05-01   231292          294626     357960              9518             91589               6750        0         0
125  Brazil 2020-05-02   236842          301696     366550              9747             96559               7025        0         0
126  Brazil 2020-05-03   242526          308937     375348              9981            101147               7321        0         0
127  Brazil 2020-05-04   248347          316351     384355             10220            107780               7921        0         0
128  Brazil 2020-05-05   254307          323943     393579             10465            114715               8536        0         0
129  Brazil 2020-05-06   260409          331717     403025             10717            125218               9146        0         0
130  Brazil 2020-05-07   266659          339678     412697             10974            135106               9897        0         0
131  Brazil 2020-05-08   273059          347830     422601             11237            145328              10627        0         0
132  Brazil 2020-05-09   279612          356178     432744             11507            155939              11123        0         0
133  Brazil 2020-05-10   286323          364726     443129             11783            162699              11519        0         0
134  Brazil 2020-05-11   293194          373479     453764             12066            168331              12400        0         0
135  Brazil 2020-05-12   300230          382442     464654             12355            177589              13149        0         0
136  Brazil 2020-05-13   307435          391620     475805             12652            188974              13993        0         0
137  Brazil 2020-05-14   314814          401019     487224             12956            202918              14817        0         0
138  Brazil 2020-05-15   322369          410643     498917             13266            218223              15633        0         0
139  Brazil 2020-05-16   330106          420498     510890             13585            233142              16118        0         0
140  Brazil 2020-05-17   338028          430590     523152             13911            241080              16792        0         0
141  Brazil 2020-05-18   346140          440923     535706             14245            254220              17971        0         0
142  Brazil 2020-05-19   354447          451505     548563             14587            271628              18859        0         0
143  Brazil 2020-05-20   362954          462341     561728             14937            291579              20047        0         0
144  Brazil 2020-05-21   371665          473437     575209             15295            310087              21048        0         0
145  Brazil 2020-05-22   380584          484799     589014             15662            330890              22013        0         0
146  Brazil 2020-05-23   389717          496433     603149             16038            347398              22666        0         0
147  Brazil 2020-05-24   399070          508347     617624             16423            363211              23473        0         0
148  Brazil 2020-05-25   408648          520547     632446             16817            374898              24512        0         0
149  Brazil 2020-05-26   418455          533040     647625             17221            391222              25598        0         0
150  Brazil 2020-05-27   428497          545832     663167             17634            411821              26754        0         0
151  Brazil 2020-05-28   438781          558932     679083             18057            438238              27878        0         0
152  Brazil 2020-05-29   449312          572346     695380             18491            465166              28834        0         0
153  Brazil 2020-05-30   460094          586081     712068             18934            498440              29314        0         0
154  Brazil 2020-05-31   471136          600147     729158             19389            514849              29937        0         0
155  Brazil 2020-06-01   482443          614550     746657             19854            526447              31199        0         0
156  Brazil 2020-06-02   494021          629298     764575             20330            555383              32548        0         0
157  Brazil 2020-06-03   505877          644401     782925             20818            584016              34021        0         0
158  Brazil 2020-06-04   518018          659866     801714             21318            614932              35026        0         0
159  Brazil 2020-06-05   530450          675702     820954             21830            645762              35930        0         0
160  Brazil 2020-06-06   543180          691918     840656             22353            672837              36455        0         0
161  Brazil 2020-06-07   556216          708524     860832             22890            691758              37134        0         0
162  Brazil 2020-06-08   569565          725528     881491             23439            707412              38406        0         0
163  Brazil 2020-06-09   583234          742940     902646             24002            739503              39680        0         0
164  Brazil 2020-06-10   597230          760769     924308             24578            772416              40919        0         0
165  Brazil 2020-06-11   611563          779027     946491             25168            802828              41828        0         0
166  Brazil 2020-06-12   626241          797723     969205             25772            828810              42720        0         0
167  Brazil 2020-06-13   641270          816868     992466             26390            850514              43332        0         0
168  Brazil 2020-06-14   656660          836472    1016284             27023            867624              43959        0         0
169  Brazil 2020-06-15   672419          856546    1040673             27672            888271              45241        0         0
170  Brazil 2020-06-16   688557          877103    1065649             28336            923189              46510        0         0
171  Brazil 2020-06-17   705081          898152    1091223             29016            955377              47748        0         0
172  Brazil 2020-06-18   722002          919707    1117412             29713            978142              48954        0         0
173  Brazil 2020-06-19   739330          941779    1144228             30426           1032913              49976        0         0
174  Brazil 2020-06-20   757073          964381    1171689             31156           1067579              50617        0         0
175  Brazil 2020-06-21   775242          987525    1199808             31903           1085038              51271        0         0
176  Brazil 2020-06-22   793847         1011225    1228603             32669           1106470              52645        0         0
177  Brazil 2020-06-23   812899         1035494    1258089             33453           1145906              53830        0         0
178  Brazil 2020-06-24   832408         1060345    1288282             34256           1188631              54971        0         0
179  Brazil 2020-06-25   852385         1085792    1319199             35078           1228114              55961        0         0
180  Brazil 2020-06-26   872841         1111850    1350859             35920           1274974              57070        0         0
181  Brazil 2020-06-27   893788         1138533    1383278             36782           1313667              57622        0         0
182  Brazil 2020-06-28   915239         1165857    1416475             37665           1344143              58314        0         0
183  Brazil 2020-06-29   937203         1193836    1450469             38569           1368195              59594        0         0
184  Brazil 2020-06-30   959695         1222487    1485279             39494           1402041              60632        0         0
185  Brazil 2020-07-01   982727         1251826    1520925             40442           1448753              61884        0         0
186  Brazil 2020-07-02  1006312         1281869    1557426             41413           1496858              63174        0         0
187  Brazil 2020-07-03  1030462         1312632    1594802             42407           1539081              64265        0         0
188  Brazil 2020-07-04  1055192         1344134    1633076             43424           1577004              64867        0         0
189  Brazil 2020-07-05  1080516         1376392    1672268             44466           1603055              65487        0         0
190  Brazil 2020-07-06  1106447         1409424    1712401             45534           1623284              66741        0         0
191  Brazil 2020-07-07  1133001         1443249    1753497             46626           1668589              67964        0         0
192  Brazil 2020-07-08  1160192         1477886    1795580             47745           1713160              69184        0         0
193  Brazil 2020-07-09  1188036         1513354    1838672             48891           1755779              70398        0         0
194  Brazil 2020-07-10  1216548         1549673    1882798             50065           1800827              71469        0         0
195  Brazil 2020-07-11  1245744         1586864    1927984             51266           1839850              72100        0         0
196  Brazil 2020-07-12  1275640         1624947    1974254             52496           1864681              72833        0         0
197  Brazil 2020-07-13  1306254         1663944    2021634             53756           1884967              74133        0         0
198  Brazil 2020-07-14  1337603         1703877    2070151             55046           1926824              75366        0         0
199  Brazil 2020-07-15  1369705         1744769    2119833             56367           1966748              76688        0         0
200  Brazil 2020-07-16  1402577         1786642    2170707             57720           2012151              77851        0         0
201  Brazil 2020-07-17  1436237         1829519    2222801             59105           2046328              78772        0         0
202  Brazil 2020-07-18  1470705         1873426    2276147             60524           2074860              79488        0         0
203  Brazil 2020-07-19  1506001         1918387    2330773             61976           2098389              80120        0         0
204  Brazil 2020-07-20  1542143         1964426    2386709             63464           2118646              81487        0         0
205  Brazil 2020-07-21  1579154         2011571    2443988             64987           2159654              82771        0         0
206  Brazil 2020-07-22  1617051         2059846    2502641             66546           2227514              84082        0         0
207  Brazil 2020-07-23  1655859         2109281    2562703             68144           2287475              85238        0         0
208  Brazil 2020-07-24  1695599         2159902    2624205             69779           2343366              86449        0         0
209  Brazil 2020-07-25  1736291         2211737    2687183             71454           2394513              87004        0         0
210  Brazil 2020-07-26  1777961         2264817    2751673             73168           2419091              87618        0         0
211  Brazil 2020-07-27  1820630         2319170    2817710             74924           2442375              88539        0         0
212  Brazil 2020-07-28  1864323         2374828    2885333             76722           2483191              90134        0         0
213  Brazil 2020-07-29  1909065         2431822    2954579             78564           2552265              91263        0         0
214  Brazil 2020-07-30  1954882         2490184    3025486             80449           2610102              92475        0         0
215  Brazil 2020-07-31  2001797         2549946    3098095             82380           2662485              93563        0         0
216  Brazil 2020-08-01  2049838         2611142    3172446             84357           2707877              94104        0         0
217  Brazil 2020-08-02  2099032         2673807    3248582             86381           2733677              94665        0         0
218  Brazil 2020-08-03  2149407         2737976    3326545             88454           2750318              95819        0         0
219  Brazil 2020-08-04  2200991         2803685    3406379             90577           2801921              97256        0         0
220  Brazil 2020-08-05  2253813         2870971    3488129             92751           2859073              98493        0         0
221  Brazil 2020-08-06  2307902         2939871    3571840             94977           2912212              99572        0         0
222  Brazil 2020-08-07  2363290         3010426    3657562             97256           2962442             100477        0         0
223  Brazil 2020-08-08  2420006         3082673    3745340             99590           3012412             101049        0         0
224  Brazil 2020-08-09  2478084         3156654    3835224            101980           3035422             101752        0         0
225  Brazil 2020-08-10  2537556         3232411    3927266            104428           3057470             103026        0         0
226  Brazil 2020-08-11  2598455         3309986    4021517            106934           3109630             104201        0         0
227  Brazil 2020-08-12  2660816         3389423    4118030            109500           3164785             105463        0         0
228  Brazil 2020-08-13  2724673         3470766    4216859            112128           3224876             106523        0         0
229  Brazil 2020-08-14  2790062         3554061    4318060            114819           3275520             107232        0         0
230  Brazil 2020-08-15  2857021         3639355    4421689            117575           3317096             107852        0         0
231  Brazil 2020-08-16  2925587         3726696    4527805            120397           3340197             108536        0         0
232  Brazil 2020-08-17  2995798         3816133    4636468            123286           3359570             108536        0         0
233  Brazil 2020-08-18  3067695         3907717    4747739            126245                NA                 NA        0         0
234  Brazil 2020-08-19  3141317         4001499    4861681            129274                NA                 NA        0         0
235  Brazil 2020-08-20  3216705         4097531    4978357            132377                NA                 NA        0         0
236  Brazil 2020-08-21  3293903         4195868    5097833            135554                NA                 NA        0         0
237  Brazil 2020-08-22  3372954         4296565    5220176            138807                NA                 NA        0         0
238  Brazil 2020-08-23  3453901         4399678    5345455            142138                NA                 NA        0         0
239  Brazil 2020-08-24  3536792         4505267    5473742            145549                NA                 NA        0         0
240  Brazil 2020-08-25  3621672         4613389    5605106            149043                NA                 NA        0         0
241  Brazil 2020-08-26  3708589         4724106    5739623            152619                NA                 NA        0         0
242  Brazil 2020-08-27  3797591         4837480    5877369            156282                NA                 NA        0         0

Fontes:
	OMS - https://ourworldindata.org/coronavirus-source-data
	Worldometers - https://www.worldometers.info/coronavirus