
 Italy 
Projecao:  7  dias
Gerado em:  2020-03-23 14:14:23
RMSE(%):  22.5 , BIAS(%): 5.21

Taxa de Mortalidade 9.26 %

         dias otimista casos_estimados pessimista estimativa_mortes casos_confirmados
73 2020-03-11    10031           12937      15843              1198             12462
74 2020-03-12    11500           14831      18162              1373             15113
75 2020-03-13    13184           17002      20820              1574             17660
76 2020-03-14    15114           19492      23870              1805             17750
77 2020-03-15    17327           22346      27365              2069             23980
78 2020-03-16    19864           25617      31370              2372             27980
79 2020-03-17    22772           29368      35964              2719             31506
80 2020-03-18    26107           33668      41229              3118             35713
81 2020-03-19    29929           38597      47265              3574             41035
82 2020-03-20    34310           44248      54186              4097             47021
83 2020-03-21    39334           50727      62120              4697             53578
84 2020-03-22    45093           58154      71215              5385             59138
85 2020-03-23    51695           66668      81641              6173             59138
86 2020-03-24    59265           76430      93595              7077                NA
87 2020-03-25    67941           87620     107299              8113                NA
88 2020-03-26    77888          100448     123008              9301                NA
89 2020-03-27    89292          115155     141018             10663                NA
90 2020-03-28   102367          132016     161665             12224                NA
91 2020-03-29   117354          151344     185334             14014                NA
92 2020-03-30   134536          173503     212470             16066                NA

Total de casos no mundo:  362067

Estimados a partir dos dados da OMS:
   day       date     x  xest
1    1 2019-12-30     0     1
2    2 2019-12-31     0     1
3    3 2020-01-01     0     1
4    4 2020-01-02     0     1
5    5 2020-01-03     0     1
6    6 2020-01-04     0     1
7    7 2020-01-05     0     2
8    8 2020-01-06     0     2
9    9 2020-01-07     0     2
10  10 2020-01-08     0     2
11  11 2020-01-09     0     3
12  12 2020-01-10     0     3
13  13 2020-01-11     0     4
14  14 2020-01-12     0     4
15  15 2020-01-13     0     5
16  16 2020-01-14     0     5
17  17 2020-01-15     0     6
18  18 2020-01-16     0     7
19  19 2020-01-17     0     8
20  20 2020-01-18     0     9
21  21 2020-01-19     0    11
22  22 2020-01-20     0    12
23  23 2020-01-21     0    14
24  24 2020-01-22     0    16
25  25 2020-01-23     0    18
26  26 2020-01-24     0    21
27  27 2020-01-25     0    24
28  28 2020-01-26     0    28
29  29 2020-01-27     0    32
30  30 2020-01-28     0    36
31  31 2020-01-29     0    42
32  32 2020-01-30     3    48
33  33 2020-01-31     3    55
34  34 2020-02-01     3    63
35  35 2020-02-02     3    72
36  36 2020-02-03     3    82
37  37 2020-02-04     3    95
38  38 2020-02-05     3   108
39  39 2020-02-06     3   124
40  40 2020-02-07     3   142
41  41 2020-02-08     3   163
42  42 2020-02-09     3   187
43  43 2020-02-10     3   215
44  44 2020-02-11     3   246
45  45 2020-02-12     3   282
46  46 2020-02-13     3   323
47  47 2020-02-14     3   371
48  48 2020-02-15     3   425
49  49 2020-02-16     3   487
50  50 2020-02-17     3   558
51  51 2020-02-18     3   640
52  52 2020-02-19     3   734
53  53 2020-02-20     3   841
54  54 2020-02-21    17   965
55  55 2020-02-22    79  1106
56  56 2020-02-23   132  1268
57  57 2020-02-24   229  1453
58  58 2020-02-25   322  1666
59  59 2020-02-26   400  1910
60  60 2020-02-27   650  2190
61  61 2020-02-28   888  2510
62  62 2020-02-29  1128  2878
63  63 2020-03-01  1689  3299
64  64 2020-03-02  1835  3782
65  65 2020-03-03  2502  4336
66  66 2020-03-04  3089  4971
67  67 2020-03-05  3858  5699
68  68 2020-03-06  4636  6533
69  69 2020-03-07  5883  7490
70  70 2020-03-08  7375  8586
71  71 2020-03-09  9172  9843
72  72 2020-03-10 10149 11285
73  73 2020-03-11 12462 12937
74  74 2020-03-12 15113 14831
75  75 2020-03-13 17660 17002
76  76 2020-03-14 17750 19492
77  77 2020-03-15 23980 22346
78  78 2020-03-16 27980 25617
79  79 2020-03-17 31506 29368
80  80 2020-03-18 35713 33668
81  81 2020-03-19 41035 38597
82  82 2020-03-20 47021 44248
83  83 2020-03-21 53578 50727
84  84 2020-03-22 59138 58154
85  85 2020-03-23 59138 66668


Todos os dados gerados
         dias otimista casos_estimados pessimista estimativa_mortes casos_confirmados
1  2019-12-30        1               1          1                 0                 0
2  2019-12-31        1               1          1                 0                 0
3  2020-01-01        1               1          1                 0                 0
4  2020-01-02        1               1          1                 0                 0
5  2020-01-03        1               1          1                 0                 0
6  2020-01-04        1               1          1                 0                 0
7  2020-01-05        2               2          2                 0                 0
8  2020-01-06        2               2          2                 0                 0
9  2020-01-07        2               2          2                 0                 0
10 2020-01-08        2               2          2                 0                 0
11 2020-01-09        2               3          4                 0                 0
12 2020-01-10        2               3          4                 0                 0
13 2020-01-11        3               4          5                 0                 0
14 2020-01-12        3               4          5                 0                 0
15 2020-01-13        4               5          6                 0                 0
16 2020-01-14        4               5          6                 0                 0
17 2020-01-15        5               6          7                 1                 0
18 2020-01-16        5               7          9                 1                 0
19 2020-01-17        6               8         10                 1                 0
20 2020-01-18        7               9         11                 1                 0
21 2020-01-19        9              11         13                 1                 0
22 2020-01-20        9              12         15                 1                 0
23 2020-01-21       11              14         17                 1                 0
24 2020-01-22       12              16         20                 1                 0
25 2020-01-23       14              18         22                 2                 0
26 2020-01-24       16              21         26                 2                 0
27 2020-01-25       19              24         29                 2                 0
28 2020-01-26       22              28         34                 3                 0
29 2020-01-27       25              32         39                 3                 0
30 2020-01-28       28              36         44                 3                 0
31 2020-01-29       33              42         51                 4                 0
32 2020-01-30       37              48         59                 4                 3
33 2020-01-31       43              55         67                 5                 3
34 2020-02-01       49              63         77                 6                 3
35 2020-02-02       56              72         88                 7                 3
36 2020-02-03       64              82        100                 8                 3
37 2020-02-04       74              95        116                 9                 3
38 2020-02-05       84             108        132                10                 3
39 2020-02-06       96             124        152                11                 3
40 2020-02-07      110             142        174                13                 3
41 2020-02-08      126             163        200                15                 3
42 2020-02-09      145             187        229                17                 3
43 2020-02-10      167             215        263                20                 3
44 2020-02-11      191             246        301                23                 3
45 2020-02-12      219             282        345                26                 3
46 2020-02-13      250             323        396                30                 3
47 2020-02-14      288             371        454                34                 3
48 2020-02-15      330             425        520                39                 3
49 2020-02-16      378             487        596                45                 3
50 2020-02-17      433             558        683                52                 3
51 2020-02-18      496             640        784                59                 3
52 2020-02-19      569             734        899                68                 3
53 2020-02-20      652             841       1030                78                 3
54 2020-02-21      748             965       1182                89                17
55 2020-02-22      858            1106       1354               102                79
56 2020-02-23      983            1268       1553               117               132
57 2020-02-24     1127            1453       1779               135               229
58 2020-02-25     1292            1666       2040               154               322
59 2020-02-26     1481            1910       2339               177               400
60 2020-02-27     1698            2190       2682               203               650
61 2020-02-28     1946            2510       3074               232               888
62 2020-02-29     2232            2878       3524               266              1128
63 2020-03-01     2558            3299       4040               305              1689
64 2020-03-02     2933            3782       4631               350              1835
65 2020-03-03     3362            4336       5310               402              2502
66 2020-03-04     3855            4971       6087               460              3089
67 2020-03-05     4419            5699       6979               528              3858
68 2020-03-06     5066            6533       8000               605              4636
69 2020-03-07     5808            7490       9172               694              5883
70 2020-03-08     6658            8586      10514               795              7375
71 2020-03-09     7632            9843      12054               911              9172
72 2020-03-10     8751           11285      13819              1045             10149
73 2020-03-11    10031           12937      15843              1198             12462
74 2020-03-12    11500           14831      18162              1373             15113
75 2020-03-13    13184           17002      20820              1574             17660
76 2020-03-14    15114           19492      23870              1805             17750
77 2020-03-15    17327           22346      27365              2069             23980
78 2020-03-16    19864           25617      31370              2372             27980
79 2020-03-17    22772           29368      35964              2719             31506
80 2020-03-18    26107           33668      41229              3118             35713
81 2020-03-19    29929           38597      47265              3574             41035
82 2020-03-20    34310           44248      54186              4097             47021
83 2020-03-21    39334           50727      62120              4697             53578
84 2020-03-22    45093           58154      71215              5385             59138
85 2020-03-23    51695           66668      81641              6173             59138
86 2020-03-24    59265           76430      93595              7077                NA
87 2020-03-25    67941           87620     107299              8113                NA
88 2020-03-26    77888          100448     123008              9301                NA
89 2020-03-27    89292          115155     141018             10663                NA
90 2020-03-28   102367          132016     161665             12224                NA
91 2020-03-29   117354          151344     185334             14014                NA
92 2020-03-30   134536          173503     212470             16066                NA

Fontes:
	OMS - https://ourworldindata.org/coronavirus-source-data
	Worldometers - https://www.worldometers.info/coronavirus