
 Brazil 
Projecao:  7  dias
Gerado em:  2020-04-12 20:11:52
RMSE(%):  20.1 , BIAS(%): 5.16

Taxa de Mortalidade 5.51 %

    country       dias otimista casos_estimados pessimista estimativa_mortes casos_confirmados mortes_confirmadas latitude longitude
93   Brazil 2020-03-31     4622            5786       6950               319              5717                241        0         0
94   Brazil 2020-04-01     5205            6516       7827               359              6836                299        0         0
95   Brazil 2020-04-02     5863            7339       8815               404              7910                359        0         0
96   Brazil 2020-04-03     6604            8266       9928               456              9056                432        0         0
97   Brazil 2020-04-04     7438            9310      11182               513             10278                486        0         0
98   Brazil 2020-04-05     8377           10486      12595               578             11130                553        0         0
99   Brazil 2020-04-06     9435           11810      14185               651             12056                667        0         0
100  Brazil 2020-04-07    10626           13301      15976               733             13717                800        0         0
101  Brazil 2020-04-08    11968           14981      17994               826             15927                941        0         0
102  Brazil 2020-04-09    13479           16873      20267               930             17857               1056        0         0
103  Brazil 2020-04-10    15182           19004      22826              1047             19638               1124        0         0
104  Brazil 2020-04-11    17098           21403      25708              1180             20727               1223        0         0
105  Brazil 2020-04-12    19258           24106      28954              1328             22192               1223        0         0
106  Brazil 2020-04-13    21690           27151      32612              1496                NA                 NA        0         0
107  Brazil 2020-04-14    24429           30579      36729              1685                NA                 NA        0         0
108  Brazil 2020-04-15    27514           34441      41368              1898                NA                 NA        0         0
109  Brazil 2020-04-16    30988           38790      46592              2138                NA                 NA        0         0
110  Brazil 2020-04-17    34902           43689      52476              2408                NA                 NA        0         0
111  Brazil 2020-04-18    39309           49206      59103              2712                NA                 NA        0         0
112  Brazil 2020-04-19    44274           55420      66566              3054                NA                 NA        0         0

Total de casos no mundo:  1850286 596980 881110 298112 50549 7732 15082 721 1850286

Estimados a partir dos dados da OMS:
    day       date     x  xest
1     1 2019-12-30     0     0
2     2 2019-12-31     0     0
3     3 2020-01-01     0     0
4     4 2020-01-02     0     0
5     5 2020-01-03     0     0
6     6 2020-01-04     0     0
7     7 2020-01-05     0     0
8     8 2020-01-06     0     0
9     9 2020-01-07     0     0
10   10 2020-01-08     0     0
11   11 2020-01-09     0     0
12   12 2020-01-10     0     0
13   13 2020-01-11     0     0
14   14 2020-01-12     0     0
15   15 2020-01-13     0     1
16   16 2020-01-14     0     1
17   17 2020-01-15     0     1
18   18 2020-01-16     0     1
19   19 2020-01-17     0     1
20   20 2020-01-18     0     1
21   21 2020-01-19     0     1
22   22 2020-01-20     0     1
23   23 2020-01-21     0     1
24   24 2020-01-22     0     2
25   25 2020-01-23     0     2
26   26 2020-01-24     0     2
27   27 2020-01-25     0     2
28   28 2020-01-26     0     3
29   29 2020-01-27     0     3
30   30 2020-01-28     0     3
31   31 2020-01-29     0     4
32   32 2020-01-30     0     4
33   33 2020-01-31     0     5
34   34 2020-02-01     0     5
35   35 2020-02-02     0     6
36   36 2020-02-03     0     7
37   37 2020-02-04     0     7
38   38 2020-02-05     0     8
39   39 2020-02-06     0     9
40   40 2020-02-07     0    11
41   41 2020-02-08     0    12
42   42 2020-02-09     0    13
43   43 2020-02-10     0    15
44   44 2020-02-11     0    17
45   45 2020-02-12     0    19
46   46 2020-02-13     0    22
47   47 2020-02-14     0    24
48   48 2020-02-15     0    27
49   49 2020-02-16     0    31
50   50 2020-02-17     0    35
51   51 2020-02-18     0    39
52   52 2020-02-19     0    44
53   53 2020-02-20     0    50
54   54 2020-02-21     0    56
55   55 2020-02-22     0    63
56   56 2020-02-23     0    71
57   57 2020-02-24     0    80
58   58 2020-02-25     1    90
59   59 2020-02-26     1   101
60   60 2020-02-27     1   114
61   61 2020-02-28     1   129
62   62 2020-02-29     2   145
63   63 2020-03-01     2   163
64   64 2020-03-02     0   184
65   65 2020-03-03     0   207
66   66 2020-03-04     3   233
67   67 2020-03-05     8   263
68   68 2020-03-06    13   296
69   69 2020-03-07    13   333
70   70 2020-03-08    25   375
71   71 2020-03-09     0   423
72   72 2020-03-10    34   476
73   73 2020-03-11    52   536
74   74 2020-03-12    77   604
75   75 2020-03-13    98   680
76   76 2020-03-14   121   766
77   77 2020-03-15   200   863
78   78 2020-03-16   234   972
79   79 2020-03-17   291  1095
80   80 2020-03-18   428  1233
81   81 2020-03-19   621  1389
82   82 2020-03-20   904  1564
83   83 2020-03-21  1128  1761
84   84 2020-03-22  1546  1984
85   85 2020-03-23  1891  2234
86   86 2020-03-24  2201  2517
87   87 2020-03-25  2433  2834
88   88 2020-03-26  2915  3192
89   89 2020-03-27  3417  3596
90   90 2020-03-28  3904  4050
91   91 2020-03-29  4256  4561
92   92 2020-03-30  4579  5137
93   93 2020-03-31  5717  5786
94   94 2020-04-01  6836  6516
95   95 2020-04-02  7910  7339
96   96 2020-04-03  9056  8266
97   97 2020-04-04 10278  9310
98   98 2020-04-05 11130 10486
99   99 2020-04-06 12056 11810
100 100 2020-04-07 13717 13301
101 101 2020-04-08 15927 14981
102 102 2020-04-09 17857 16873
103 103 2020-04-10 19638 19004
104 104 2020-04-11 20727 21403
105 105 2020-04-12 22192 24106

Intervalo de Confianca
         2.5%     97.5%
b  0.06450555 0.1271527
y0 8.17541691 8.6488376


Formula: x ~ SSexp(day, b, y0)

Parameters:
   Estimate Std. Error t value     Pr(>|t|)    
b    0.6014     0.2766   2.174       0.0614 .  
y0   9.9498     0.4460  22.307 0.0000000172 ***
---
Signif. codes:  0 ‘***’ 0.001 ‘**’ 0.01 ‘*’ 0.05 ‘.’ 0.1 ‘ ’ 1

Residual standard error: 590.2 on 8 degrees of freedom

Number of iterations to convergence: 6 
Achieved convergence tolerance: 0.0000000149

Considerando os casos dos últimos 10 dias, temos:
Número de dias para dobrar:  1.2
Razao de crescimento:  0.6

Todos os dados gerados
    country       dias otimista casos_estimados pessimista estimativa_mortes casos_confirmados mortes_confirmadas latitude longitude
1    Brazil 2019-12-30        0               0          0                 0                 0                  0        0         0
2    Brazil 2019-12-31        0               0          0                 0                 0                  0        0         0
3    Brazil 2020-01-01        0               0          0                 0                 0                  0        0         0
4    Brazil 2020-01-02        0               0          0                 0                 0                  0        0         0
5    Brazil 2020-01-03        0               0          0                 0                 0                  0        0         0
6    Brazil 2020-01-04        0               0          0                 0                 0                  0        0         0
7    Brazil 2020-01-05        0               0          0                 0                 0                  0        0         0
8    Brazil 2020-01-06        0               0          0                 0                 0                  0        0         0
9    Brazil 2020-01-07        0               0          0                 0                 0                  0        0         0
10   Brazil 2020-01-08        0               0          0                 0                 0                  0        0         0
11   Brazil 2020-01-09        0               0          0                 0                 0                  0        0         0
12   Brazil 2020-01-10        0               0          0                 0                 0                  0        0         0
13   Brazil 2020-01-11        0               0          0                 0                 0                  0        0         0
14   Brazil 2020-01-12        0               0          0                 0                 0                  0        0         0
15   Brazil 2020-01-13        1               1          1                 0                 0                  0        0         0
16   Brazil 2020-01-14        1               1          1                 0                 0                  0        0         0
17   Brazil 2020-01-15        1               1          1                 0                 0                  0        0         0
18   Brazil 2020-01-16        1               1          1                 0                 0                  0        0         0
19   Brazil 2020-01-17        1               1          1                 0                 0                  0        0         0
20   Brazil 2020-01-18        1               1          1                 0                 0                  0        0         0
21   Brazil 2020-01-19        1               1          1                 0                 0                  0        0         0
22   Brazil 2020-01-20        1               1          1                 0                 0                  0        0         0
23   Brazil 2020-01-21        1               1          1                 0                 0                  0        0         0
24   Brazil 2020-01-22        2               2          2                 0                 0                  0        0         0
25   Brazil 2020-01-23        2               2          2                 0                 0                  0        0         0
26   Brazil 2020-01-24        2               2          2                 0                 0                  0        0         0
27   Brazil 2020-01-25        2               2          2                 0                 0                  0        0         0
28   Brazil 2020-01-26        2               3          4                 0                 0                  0        0         0
29   Brazil 2020-01-27        2               3          4                 0                 0                  0        0         0
30   Brazil 2020-01-28        2               3          4                 0                 0                  0        0         0
31   Brazil 2020-01-29        3               4          5                 0                 0                  0        0         0
32   Brazil 2020-01-30        3               4          5                 0                 0                  0        0         0
33   Brazil 2020-01-31        4               5          6                 0                 0                  0        0         0
34   Brazil 2020-02-01        4               5          6                 0                 0                  0        0         0
35   Brazil 2020-02-02        5               6          7                 0                 0                  0        0         0
36   Brazil 2020-02-03        6               7          8                 0                 0                  0        0         0
37   Brazil 2020-02-04        6               7          8                 0                 0                  0        0         0
38   Brazil 2020-02-05        6               8         10                 0                 0                  0        0         0
39   Brazil 2020-02-06        7               9         11                 0                 0                  0        0         0
40   Brazil 2020-02-07        9              11         13                 1                 0                  0        0         0
41   Brazil 2020-02-08       10              12         14                 1                 0                  0        0         0
42   Brazil 2020-02-09       10              13         16                 1                 0                  0        0         0
43   Brazil 2020-02-10       12              15         18                 1                 0                  0        0         0
44   Brazil 2020-02-11       14              17         20                 1                 0                  0        0         0
45   Brazil 2020-02-12       15              19         23                 1                 0                  0        0         0
46   Brazil 2020-02-13       18              22         26                 1                 0                  0        0         0
47   Brazil 2020-02-14       19              24         29                 1                 0                  0        0         0
48   Brazil 2020-02-15       22              27         32                 1                 0                  0        0         0
49   Brazil 2020-02-16       25              31         37                 2                 0                  0        0         0
50   Brazil 2020-02-17       28              35         42                 2                 0                  0        0         0
51   Brazil 2020-02-18       31              39         47                 2                 0                  0        0         0
52   Brazil 2020-02-19       35              44         53                 2                 0                  0        0         0
53   Brazil 2020-02-20       40              50         60                 3                 0                  0        0         0
54   Brazil 2020-02-21       45              56         67                 3                 0                  0        0         0
55   Brazil 2020-02-22       50              63         76                 3                 0                  0        0         0
56   Brazil 2020-02-23       57              71         85                 4                 0                  0        0         0
57   Brazil 2020-02-24       64              80         96                 4                 0                  0        0         0
58   Brazil 2020-02-25       72              90        108                 5                 1                  0        0         0
59   Brazil 2020-02-26       81             101        121                 6                 1                  0        0         0
60   Brazil 2020-02-27       91             114        137                 6                 1                  0        0         0
61   Brazil 2020-02-28      103             129        155                 7                 1                  0        0         0
62   Brazil 2020-02-29      116             145        174                 8                 2                  0        0         0
63   Brazil 2020-03-01      130             163        196                 9                 2                 NA        0         0
64   Brazil 2020-03-02      147             184        221                10                 0                 NA        0         0
65   Brazil 2020-03-03      165             207        249                11                 0                  0        0         0
66   Brazil 2020-03-04      186             233        280                13                 3                  0        0         0
67   Brazil 2020-03-05      210             263        316                14                 8                  0        0         0
68   Brazil 2020-03-06      236             296        356                16                13                  0        0         0
69   Brazil 2020-03-07      266             333        400                18                13                  0        0         0
70   Brazil 2020-03-08      300             375        450                21                25                 NA        0         0
71   Brazil 2020-03-09      338             423        508                23                 0                  0        0         0
72   Brazil 2020-03-10      380             476        572                26                34                  0        0         0
73   Brazil 2020-03-11      428             536        644                30                52                  0        0         0
74   Brazil 2020-03-12      483             604        725                33                77                  0        0         0
75   Brazil 2020-03-13      543             680        817                37                98                  0        0         0
76   Brazil 2020-03-14      612             766        920                42               121                  0        0         0
77   Brazil 2020-03-15      689             863       1037                48               200                  0        0         0
78   Brazil 2020-03-16      777             972       1167                54               234                  1        0         0
79   Brazil 2020-03-17      875            1095       1315                60               291                  4        0         0
80   Brazil 2020-03-18      985            1233       1481                68               428                  6        0         0
81   Brazil 2020-03-19     1110            1389       1668                77               621                 11        0         0
82   Brazil 2020-03-20     1249            1564       1879                86               904                 18        0         0
83   Brazil 2020-03-21     1407            1761       2115                97              1128                 25        0         0
84   Brazil 2020-03-22     1585            1984       2383               109              1546                 34        0         0
85   Brazil 2020-03-23     1785            2234       2683               123              1891                 46        0         0
86   Brazil 2020-03-24     2011            2517       3023               139              2201                 57        0         0
87   Brazil 2020-03-25     2264            2834       3404               156              2433                 77        0         0
88   Brazil 2020-03-26     2550            3192       3834               176              2915                 92        0         0
89   Brazil 2020-03-27     2873            3596       4319               198              3417                114        0         0
90   Brazil 2020-03-28     3235            4050       4865               223              3904                136        0         0
91   Brazil 2020-03-29     3644            4561       5478               251              4256                159        0         0
92   Brazil 2020-03-30     4104            5137       6170               283              4579                201        0         0
93   Brazil 2020-03-31     4622            5786       6950               319              5717                241        0         0
94   Brazil 2020-04-01     5205            6516       7827               359              6836                299        0         0
95   Brazil 2020-04-02     5863            7339       8815               404              7910                359        0         0
96   Brazil 2020-04-03     6604            8266       9928               456              9056                432        0         0
97   Brazil 2020-04-04     7438            9310      11182               513             10278                486        0         0
98   Brazil 2020-04-05     8377           10486      12595               578             11130                553        0         0
99   Brazil 2020-04-06     9435           11810      14185               651             12056                667        0         0
100  Brazil 2020-04-07    10626           13301      15976               733             13717                800        0         0
101  Brazil 2020-04-08    11968           14981      17994               826             15927                941        0         0
102  Brazil 2020-04-09    13479           16873      20267               930             17857               1056        0         0
103  Brazil 2020-04-10    15182           19004      22826              1047             19638               1124        0         0
104  Brazil 2020-04-11    17098           21403      25708              1180             20727               1223        0         0
105  Brazil 2020-04-12    19258           24106      28954              1328             22192               1223        0         0
106  Brazil 2020-04-13    21690           27151      32612              1496                NA                 NA        0         0
107  Brazil 2020-04-14    24429           30579      36729              1685                NA                 NA        0         0
108  Brazil 2020-04-15    27514           34441      41368              1898                NA                 NA        0         0
109  Brazil 2020-04-16    30988           38790      46592              2138                NA                 NA        0         0
110  Brazil 2020-04-17    34902           43689      52476              2408                NA                 NA        0         0
111  Brazil 2020-04-18    39309           49206      59103              2712                NA                 NA        0         0
112  Brazil 2020-04-19    44274           55420      66566              3054                NA                 NA        0         0

Fontes:
	OMS - https://ourworldindata.org/coronavirus-source-data
	Worldometers - https://www.worldometers.info/coronavirus