
 Italy 
Projecao:  7  dias
Gerado em:  2020-05-03 08:27:56
RMSE(%):  36.9 , BIAS(%): 9.54

Taxa de Mortalidade 13.72 %

    country       dias otimista casos_estimados pessimista estimativa_mortes casos_confirmados mortes_confirmadas latitude longitude
114   Italy 2020-04-21   107759          170890     234021             23438            183957              25085 41.87194  12.56738
115   Italy 2020-04-22   111657          177071     242485             24286            187327              25549 41.87194  12.56738
116   Italy 2020-04-23   115696          183476     251256             25164            189973              25969 41.87194  12.56738
117   Italy 2020-04-24   119881          190113     260345             26075            192994              26384 41.87194  12.56738
118   Italy 2020-04-25   124217          196990     269763             27018            195351              26644 41.87194  12.56738
119   Italy 2020-04-26   128710          204115     279520             27995            197675              26977 41.87194  12.56738
120   Italy 2020-04-27   133366          211498     289630             29008            199414              27359 41.87194  12.56738
121   Italy 2020-04-28   138190          219149     300108             30057            201505              27682 41.87194  12.56738
122   Italy 2020-04-29   143189          227076     310963             31144            203591              27967 41.87194  12.56738
123   Italy 2020-04-30   148368          235289     322210             32271            205463              28236 41.87194  12.56738
124   Italy 2020-05-01   153735          243800     333865             33438            207428              28710 41.87194  12.56738
125   Italy 2020-05-02   159296          252619     345942             34647            209328              28710 41.87194  12.56738
126   Italy 2020-05-03   165058          261757     358456             35901            209328              28710 41.87194  12.56738
127   Italy 2020-05-04   171028          271225     371422             37199                NA                 NA 41.87194  12.56738
128   Italy 2020-05-05   177215          281036     384857             38545                NA                 NA 41.87194  12.56738
129   Italy 2020-05-06   183625          291201     398777             39939                NA                 NA 41.87194  12.56738
130   Italy 2020-05-07   190267          301734     413201             41384                NA                 NA 41.87194  12.56738
131   Italy 2020-05-08   197149          312649     428149             42881                NA                 NA 41.87194  12.56738
132   Italy 2020-05-09   204280          323958     443636             44432                NA                 NA 41.87194  12.56738
133   Italy 2020-05-10   211670          335676     459682             46039                NA                 NA 41.87194  12.56738

Total de casos no mundo:  3502028 1260773 1437841 549827 200569 8390 43907 721 3502028

Estimados a partir dos dados da OMS:
    day       date      x   xest
1     1 2019-12-30      0   3083
2     2 2019-12-31      0   3194
3     3 2020-01-01      0   3310
4     4 2020-01-02      0   3429
5     5 2020-01-03      0   3553
6     6 2020-01-04      0   3682
7     7 2020-01-05      0   3815
8     8 2020-01-06      0   3953
9     9 2020-01-07      0   4096
10   10 2020-01-08      0   4244
11   11 2020-01-09      0   4398
12   12 2020-01-10      0   4557
13   13 2020-01-11      0   4722
14   14 2020-01-12      0   4893
15   15 2020-01-13      0   5070
16   16 2020-01-14      0   5253
17   17 2020-01-15      0   5443
18   18 2020-01-16      0   5640
19   19 2020-01-17      0   5844
20   20 2020-01-18      0   6055
21   21 2020-01-19      0   6274
22   22 2020-01-20      0   6501
23   23 2020-01-21      0   6736
24   24 2020-01-22      0   6980
25   25 2020-01-23      0   7232
26   26 2020-01-24      0   7494
27   27 2020-01-25      0   7765
28   28 2020-01-26      0   8046
29   29 2020-01-27      0   8337
30   30 2020-01-28      0   8639
31   31 2020-01-29      0   8951
32   32 2020-01-30      3   9275
33   33 2020-01-31      3   9610
34   34 2020-02-01      3   9958
35   35 2020-02-02      3  10318
36   36 2020-02-03      3  10691
37   37 2020-02-04      3  11078
38   38 2020-02-05      3  11479
39   39 2020-02-06      3  11894
40   40 2020-02-07      3  12324
41   41 2020-02-08      3  12770
42   42 2020-02-09      3  13232
43   43 2020-02-10      3  13711
44   44 2020-02-11      3  14207
45   45 2020-02-12      3  14721
46   46 2020-02-13      3  15253
47   47 2020-02-14      3  15805
48   48 2020-02-15      3  16376
49   49 2020-02-16      3  16969
50   50 2020-02-17      3  17583
51   51 2020-02-18      3  18219
52   52 2020-02-19      3  18878
53   53 2020-02-20      3  19560
54   54 2020-02-21     17  20268
55   55 2020-02-22     79  21001
56   56 2020-02-23    132  21761
57   57 2020-02-24    229  22548
58   58 2020-02-25    322  23363
59   59 2020-02-26    400  24209
60   60 2020-02-27    650  25084
61   61 2020-02-28    888  25992
62   62 2020-02-29   1128  26932
63   63 2020-03-01   1689  27906
64   64 2020-03-02   2036  28915
65   65 2020-03-03   2502  29961
66   66 2020-03-04   3089  31045
67   67 2020-03-05   3858  32168
68   68 2020-03-06   4636  33331
69   69 2020-03-07   5883  34537
70   70 2020-03-08   7375  35786
71   71 2020-03-09   9172  37081
72   72 2020-03-10  10149  38422
73   73 2020-03-11  12462  39812
74   74 2020-03-12  15113  41252
75   75 2020-03-13  17660  42744
76   76 2020-03-14  21157  44290
77   77 2020-03-15  23980  45892
78   78 2020-03-16  27980  47552
79   79 2020-03-17  31506  49272
80   80 2020-03-18  35713  51055
81   81 2020-03-19  41035  52901
82   82 2020-03-20  47021  54815
83   83 2020-03-21  53578  56798
84   84 2020-03-22  59138  58852
85   85 2020-03-23  63927  60981
86   86 2020-03-24  69176  63187
87   87 2020-03-25  74386  65472
88   88 2020-03-26  80539  67841
89   89 2020-03-27  86498  70295
90   90 2020-03-28  92472  72837
91   91 2020-03-29  97689  75472
92   92 2020-03-30 101739  78202
93   93 2020-03-31 105792  81031
94   94 2020-04-01 110574  83962
95   95 2020-04-02 115242  86999
96   96 2020-04-03 119827  90146
97   97 2020-04-04 124632  93406
98   98 2020-04-05 128948  96785
99   99 2020-04-06 132547 100286
100 100 2020-04-07 135586 103913
101 101 2020-04-08 139422 107672
102 102 2020-04-09 143626 111567
103 103 2020-04-10 147577 115602
104 104 2020-04-11 152271 119784
105 105 2020-04-12 156363 124117
106 106 2020-04-13 159516 128606
107 107 2020-04-14 162488 133258
108 108 2020-04-15 165155 138078
109 109 2020-04-16 168941 143073
110 110 2020-04-17 172434 148248
111 111 2020-04-18 175925 153611
112 112 2020-04-19 178972 159167
113 113 2020-04-20 181228 164924
114 114 2020-04-21 183957 170890
115 115 2020-04-22 187327 177071
116 116 2020-04-23 189973 183476
117 117 2020-04-24 192994 190113
118 118 2020-04-25 195351 196990
119 119 2020-04-26 197675 204115
120 120 2020-04-27 199414 211498
121 121 2020-04-28 201505 219149
122 122 2020-04-29 203591 227076
123 123 2020-04-30 205463 235289
124 124 2020-05-01 207428 243800
125 125 2020-05-02 209328 252619
126 126 2020-05-03 209328 261757

Intervalo de Confianca
         2.5%      97.5%
b  2232.30393 3885.73957
y0   26.28331   30.14949


Formula: x ~ SSexp(day, b, y0)

Parameters:
    Estimate Std. Error t value      Pr(>|t|)    
b  64618.605   3058.326   21.13 0.00000002645 ***
y0   106.539      4.415   24.13 0.00000000927 ***
---
Signif. codes:  0 ‘***’ 0.001 ‘**’ 0.01 ‘*’ 0.05 ‘.’ 0.1 ‘ ’ 1

Residual standard error: 714 on 8 degrees of freedom

Number of iterations to convergence: 33 
Achieved convergence tolerance: 0.0000000149

Considerando os casos dos últimos 10 dias, temos:
Número de dias para dobrar:  64618.6
Razao de crescimento:  64618.6

Todos os dados gerados
    country       dias otimista casos_estimados pessimista estimativa_mortes casos_confirmados mortes_confirmadas latitude longitude
1     Italy 2019-12-30     1944            3083       4222               423                 0                  0 41.87194  12.56738
2     Italy 2019-12-31     2014            3194       4374               438                 0                  0 41.87194  12.56738
3     Italy 2020-01-01     2087            3310       4533               454                 0                  0 41.87194  12.56738
4     Italy 2020-01-02     2162            3429       4696               470                 0                  0 41.87194  12.56738
5     Italy 2020-01-03     2240            3553       4866               487                 0                  0 41.87194  12.56738
6     Italy 2020-01-04     2322            3682       5042               505                 0                  0 41.87194  12.56738
7     Italy 2020-01-05     2406            3815       5224               523                 0                  0 41.87194  12.56738
8     Italy 2020-01-06     2493            3953       5413               542                 0                  0 41.87194  12.56738
9     Italy 2020-01-07     2583            4096       5609               562                 0                  0 41.87194  12.56738
10    Italy 2020-01-08     2676            4244       5812               582                 0                  0 41.87194  12.56738
11    Italy 2020-01-09     2773            4398       6023               603                 0                  0 41.87194  12.56738
12    Italy 2020-01-10     2874            4557       6240               625                 0                  0 41.87194  12.56738
13    Italy 2020-01-11     2978            4722       6466               648                 0                  0 41.87194  12.56738
14    Italy 2020-01-12     3085            4893       6701               671                 0                  0 41.87194  12.56738
15    Italy 2020-01-13     3197            5070       6943               695                 0                  0 41.87194  12.56738
16    Italy 2020-01-14     3312            5253       7194               720                 0                  0 41.87194  12.56738
17    Italy 2020-01-15     3432            5443       7454               747                 0                  0 41.87194  12.56738
18    Italy 2020-01-16     3556            5640       7724               774                 0                  0 41.87194  12.56738
19    Italy 2020-01-17     3685            5844       8003               802                 0                  0 41.87194  12.56738
20    Italy 2020-01-18     3818            6055       8292               830                 0                  0 41.87194  12.56738
21    Italy 2020-01-19     3956            6274       8592               860                 0                  0 41.87194  12.56738
22    Italy 2020-01-20     4099            6501       8903               892                 0                  0 41.87194  12.56738
23    Italy 2020-01-21     4248            6736       9224               924                 0                  0 41.87194  12.56738
24    Italy 2020-01-22     4401            6980       9559               957                 0                  0 41.87194  12.56738
25    Italy 2020-01-23     4560            7232       9904               992                 0                  0 41.87194  12.56738
26    Italy 2020-01-24     4726            7494      10262              1028                 0                  0 41.87194  12.56738
27    Italy 2020-01-25     4896            7765      10634              1065                 0                  0 41.87194  12.56738
28    Italy 2020-01-26     5074            8046      11018              1104                 0                  0 41.87194  12.56738
29    Italy 2020-01-27     5257            8337      11417              1143                 0                  0 41.87194  12.56738
30    Italy 2020-01-28     5448            8639      11830              1185                 0                  0 41.87194  12.56738
31    Italy 2020-01-29     5644            8951      12258              1228                 0                  0 41.87194  12.56738
32    Italy 2020-01-30     5849            9275      12701              1272                 3                  0 41.87194  12.56738
33    Italy 2020-01-31     6060            9610      13160              1318                 3                  0 41.87194  12.56738
34    Italy 2020-02-01     6279            9958      13637              1366                 3                  0 41.87194  12.56738
35    Italy 2020-02-02     6506           10318      14130              1415                 3                  0 41.87194  12.56738
36    Italy 2020-02-03     6741           10691      14641              1466                 3                  0 41.87194  12.56738
37    Italy 2020-02-04     6986           11078      15170              1519                 3                  0 41.87194  12.56738
38    Italy 2020-02-05     7238           11479      15720              1574                 3                  0 41.87194  12.56738
39    Italy 2020-02-06     7500           11894      16288              1631                 3                  0 41.87194  12.56738
40    Italy 2020-02-07     7771           12324      16877              1690                 3                  0 41.87194  12.56738
41    Italy 2020-02-08     8052           12770      17488              1751                 3                  0 41.87194  12.56738
42    Italy 2020-02-09     8344           13232      18120              1815                 3                  0 41.87194  12.56738
43    Italy 2020-02-10     8646           13711      18776              1881                 3                  0 41.87194  12.56738
44    Italy 2020-02-11     8959           14207      19455              1949                 3                  0 41.87194  12.56738
45    Italy 2020-02-12     9283           14721      20159              2019                 3                  0 41.87194  12.56738
46    Italy 2020-02-13     9618           15253      20888              2092                 3                  0 41.87194  12.56738
47    Italy 2020-02-14     9966           15805      21644              2168                 3                  0 41.87194  12.56738
48    Italy 2020-02-15    10326           16376      22426              2246                 3                  0 41.87194  12.56738
49    Italy 2020-02-16    10700           16969      23238              2327                 3                  0 41.87194  12.56738
50    Italy 2020-02-17    11087           17583      24079              2412                 3                  0 41.87194  12.56738
51    Italy 2020-02-18    11488           18219      24950              2499                 3                  0 41.87194  12.56738
52    Italy 2020-02-19    11904           18878      25852              2589                 3                  0 41.87194  12.56738
53    Italy 2020-02-20    12334           19560      26786              2683                 3                  0 41.87194  12.56738
54    Italy 2020-02-21    12781           20268      27755              2780                17                  2 41.87194  12.56738
55    Italy 2020-02-22    13243           21001      28759              2880                79                  2 41.87194  12.56738
56    Italy 2020-02-23    13722           21761      29800              2985               132                  6 41.87194  12.56738
57    Italy 2020-02-24    14218           22548      30878              3093               229                 11 41.87194  12.56738
58    Italy 2020-02-25    14732           23363      31994              3204               322                 12 41.87194  12.56738
59    Italy 2020-02-26    15266           24209      33152              3320               400                 17 41.87194  12.56738
60    Italy 2020-02-27    15817           25084      34351              3440               650                 21 41.87194  12.56738
61    Italy 2020-02-28    16390           25992      35594              3565               888                 29 41.87194  12.56738
62    Italy 2020-02-29    16983           26932      36881              3694              1128                 35 41.87194  12.56738
63    Italy 2020-03-01    17597           27906      38215              3827              1689                 52 41.87194  12.56738
64    Italy 2020-03-02    18233           28915      39597              3966              2036                 80 41.87194  12.56738
65    Italy 2020-03-03    18893           29961      41029              4109              2502                107 41.87194  12.56738
66    Italy 2020-03-04    19576           31045      42514              4258              3089                148 41.87194  12.56738
67    Italy 2020-03-05    20284           32168      44052              4412              3858                197 41.87194  12.56738
68    Italy 2020-03-06    21018           33331      45644              4571              4636                233 41.87194  12.56738
69    Italy 2020-03-07    21778           34537      47296              4737              5883                366 41.87194  12.56738
70    Italy 2020-03-08    22566           35786      49006              4908              7375                464 41.87194  12.56738
71    Italy 2020-03-09    23382           37081      50780              5086              9172                631 41.87194  12.56738
72    Italy 2020-03-10    24228           38422      52616              5270             10149                827 41.87194  12.56738
73    Italy 2020-03-11    25105           39812      54519              5460             12462               1016 41.87194  12.56738
74    Italy 2020-03-12    26013           41252      56491              5658             15113               1268 41.87194  12.56738
75    Italy 2020-03-13    26953           42744      58535              5862             17660               1441 41.87194  12.56738
76    Italy 2020-03-14    27928           44290      60652              6075             21157               1811 41.87194  12.56738
77    Italy 2020-03-15    28938           45892      62846              6294             23980               2158 41.87194  12.56738
78    Italy 2020-03-16    29985           47552      65119              6522             27980               2505 41.87194  12.56738
79    Italy 2020-03-17    31070           49272      67474              6758             31506               2978 41.87194  12.56738
80    Italy 2020-03-18    32194           51055      69916              7002             35713               3407 41.87194  12.56738
81    Italy 2020-03-19    33358           52901      72444              7256             41035               4032 41.87194  12.56738
82    Italy 2020-03-20    34565           54815      75065              7518             47021               4827 41.87194  12.56738
83    Italy 2020-03-21    35816           56798      77780              7790             53578               5476 41.87194  12.56738
84    Italy 2020-03-22    37111           58852      80593              8072             59138               6077 41.87194  12.56738
85    Italy 2020-03-23    38453           60981      83509              8364             63927               6820 41.87194  12.56738
86    Italy 2020-03-24    39844           63187      86530              8666             69176               7505 41.87194  12.56738
87    Italy 2020-03-25    41285           65472      89659              8980             74386               8165 41.87194  12.56738
88    Italy 2020-03-26    42779           67841      92903              9305             80539               9136 41.87194  12.56738
89    Italy 2020-03-27    44326           70295      96264              9641             86498              10023 41.87194  12.56738
90    Italy 2020-03-28    45929           72837      99745              9990             92472              10781 41.87194  12.56738
91    Italy 2020-03-29    47591           75472     103353             10351             97689              11591 41.87194  12.56738
92    Italy 2020-03-30    49312           78202     107092             10726            101739              12430 41.87194  12.56738
93    Italy 2020-03-31    51096           81031     110966             11114            105792              13157 41.87194  12.56738
94    Italy 2020-04-01    52945           83962     114979             11516            110574              13917 41.87194  12.56738
95    Italy 2020-04-02    54860           86999     119138             11932            115242              14681 41.87194  12.56738
96    Italy 2020-04-03    56844           90146     123448             12364            119827              15362 41.87194  12.56738
97    Italy 2020-04-04    58900           93406     127912             12811            124632              15889 41.87194  12.56738
98    Italy 2020-04-05    61030           96785     132540             13274            128948              16525 41.87194  12.56738
99    Italy 2020-04-06    63238          100286     137334             13755            132547              17129 41.87194  12.56738
100   Italy 2020-04-07    65525          103913     142301             14252            135586              17669 41.87194  12.56738
101   Italy 2020-04-08    67895          107672     147449             14768            139422              18281 41.87194  12.56738
102   Italy 2020-04-09    70352          111567     152782             15302            143626              18851 41.87194  12.56738
103   Italy 2020-04-10    72896          115602     158308             15855            147577              19470 41.87194  12.56738
104   Italy 2020-04-11    75533          119784     164035             16429            152271              19901 41.87194  12.56738
105   Italy 2020-04-12    78265          124117     169969             17023            156363              20465 41.87194  12.56738
106   Italy 2020-04-13    81096          128606     176116             17639            159516              21069 41.87194  12.56738
107   Italy 2020-04-14    84029          133258     182487             18277            162488              21647 41.87194  12.56738
108   Italy 2020-04-15    87069          138078     189087             18938            165155              22172 41.87194  12.56738
109   Italy 2020-04-16    90219          143073     195927             19623            168941              22747 41.87194  12.56738
110   Italy 2020-04-17    93482          148248     203014             20333            172434              23227 41.87194  12.56738
111   Italy 2020-04-18    96864          153611     210358             21068            175925              23660 41.87194  12.56738
112   Italy 2020-04-19   100367          159167     217967             21830            178972              24114 41.87194  12.56738
113   Italy 2020-04-20   103997          164924     225851             22620            181228              24648 41.87194  12.56738
114   Italy 2020-04-21   107759          170890     234021             23438            183957              25085 41.87194  12.56738
115   Italy 2020-04-22   111657          177071     242485             24286            187327              25549 41.87194  12.56738
116   Italy 2020-04-23   115696          183476     251256             25164            189973              25969 41.87194  12.56738
117   Italy 2020-04-24   119881          190113     260345             26075            192994              26384 41.87194  12.56738
118   Italy 2020-04-25   124217          196990     269763             27018            195351              26644 41.87194  12.56738
119   Italy 2020-04-26   128710          204115     279520             27995            197675              26977 41.87194  12.56738
120   Italy 2020-04-27   133366          211498     289630             29008            199414              27359 41.87194  12.56738
121   Italy 2020-04-28   138190          219149     300108             30057            201505              27682 41.87194  12.56738
122   Italy 2020-04-29   143189          227076     310963             31144            203591              27967 41.87194  12.56738
123   Italy 2020-04-30   148368          235289     322210             32271            205463              28236 41.87194  12.56738
124   Italy 2020-05-01   153735          243800     333865             33438            207428              28710 41.87194  12.56738
125   Italy 2020-05-02   159296          252619     345942             34647            209328              28710 41.87194  12.56738
126   Italy 2020-05-03   165058          261757     358456             35901            209328              28710 41.87194  12.56738
127   Italy 2020-05-04   171028          271225     371422             37199                NA                 NA 41.87194  12.56738
128   Italy 2020-05-05   177215          281036     384857             38545                NA                 NA 41.87194  12.56738
129   Italy 2020-05-06   183625          291201     398777             39939                NA                 NA 41.87194  12.56738
130   Italy 2020-05-07   190267          301734     413201             41384                NA                 NA 41.87194  12.56738
131   Italy 2020-05-08   197149          312649     428149             42881                NA                 NA 41.87194  12.56738
132   Italy 2020-05-09   204280          323958     443636             44432                NA                 NA 41.87194  12.56738
133   Italy 2020-05-10   211670          335676     459682             46039                NA                 NA 41.87194  12.56738

Fontes:
	OMS - https://ourworldindata.org/coronavirus-source-data
	Worldometers - https://www.worldometers.info/coronavirus