
 Brazil 
Projecao:  10  dias
Gerado em:  2020-07-22 20:43:38
RMSE(%):  21.1 , BIAS(%): 6.8

Taxa de Mortalidade 3.71 %

    country       dias otimista casos_estimados pessimista estimativa_mortes casos_confirmados mortes_confirmadas latitude longitude
197  Brazil 2020-07-13  1496292         1896788    2297284             70445           1884967              74133        0         0
198  Brazil 2020-07-14  1542664         1955572    2368480             72628           1926824              75366        0         0
199  Brazil 2020-07-15  1590474         2016178    2441882             74879           1966748              76688        0         0
200  Brazil 2020-07-16  1639765         2078662    2517559             77200           2012151              77851        0         0
201  Brazil 2020-07-17  1690583         2143082    2595581             79592           2046328              78772        0         0
202  Brazil 2020-07-18  1742976         2209499    2676022             82059           2074860              79488        0         0
203  Brazil 2020-07-19  1796993         2277974    2758955             84602           2098389              80120        0         0
204  Brazil 2020-07-20  1852684         2348571    2844458             87224           2118646              81487        0         0
205  Brazil 2020-07-21  1910101         2421356    2932611             89927           2159654              82890        0         0
206  Brazil 2020-07-22  1969297         2496397    3023497             92714           2231871              82890        0         0
207  Brazil 2020-07-23  2030329         2573764    3117199             95588                NA                 NA        0         0
208  Brazil 2020-07-24  2093251         2653528    3213805             98550                NA                 NA        0         0
209  Brazil 2020-07-25  2158123         2735764    3313405            101604                NA                 NA        0         0
210  Brazil 2020-07-26  2225006         2820549    3416092            104753                NA                 NA        0         0
211  Brazil 2020-07-27  2293962         2907961    3521960            107999                NA                 NA        0         0
212  Brazil 2020-07-28  2365054         2998082    3631110            111346                NA                 NA        0         0
213  Brazil 2020-07-29  2438350         3090996    3743642            114797                NA                 NA        0         0
214  Brazil 2020-07-30  2513918         3186790    3859662            118355                NA                 NA        0         0
215  Brazil 2020-07-31  2591828         3285553    3979278            122023                NA                 NA        0         0
216  Brazil 2020-08-01  2672151         3387376    4102601            125805                NA                 NA        0         0

Total de casos no mundo:  15361415 4795613 3461001 3598608 2717490 773392 14590 721 15361415

Estimados a partir dos dados da OMS:
    day       date       x    xest
1     1 2019-12-30       0    4787
2     2 2019-12-31       0    4935
3     3 2020-01-01       0    5088
4     4 2020-01-02       0    5246
5     5 2020-01-03       0    5408
6     6 2020-01-04       0    5576
7     7 2020-01-05       0    5749
8     8 2020-01-06       0    5927
9     9 2020-01-07       0    6111
10   10 2020-01-08       0    6300
11   11 2020-01-09       0    6495
12   12 2020-01-10       0    6697
13   13 2020-01-11       0    6904
14   14 2020-01-12       0    7118
15   15 2020-01-13       0    7339
16   16 2020-01-14       0    7566
17   17 2020-01-15       0    7801
18   18 2020-01-16       0    8042
19   19 2020-01-17       0    8292
20   20 2020-01-18       0    8548
21   21 2020-01-19       0    8813
22   22 2020-01-20       0    9087
23   23 2020-01-21       0    9368
24   24 2020-01-22       0    9658
25   25 2020-01-23       0    9958
26   26 2020-01-24       0   10266
27   27 2020-01-25       0   10585
28   28 2020-01-26       0   10913
29   29 2020-01-27       0   11251
30   30 2020-01-28       0   11599
31   31 2020-01-29       0   11959
32   32 2020-01-30       0   12330
33   33 2020-01-31       0   12712
34   34 2020-02-01       0   13106
35   35 2020-02-02       0   13512
36   36 2020-02-03       0   13931
37   37 2020-02-04       0   14362
38   38 2020-02-05       0   14807
39   39 2020-02-06       0   15266
40   40 2020-02-07       0   15739
41   41 2020-02-08       0   16227
42   42 2020-02-09       0   16730
43   43 2020-02-10       0   17249
44   44 2020-02-11       0   17783
45   45 2020-02-12       0   18334
46   46 2020-02-13       0   18902
47   47 2020-02-14       0   19488
48   48 2020-02-15       0   20092
49   49 2020-02-16       0   20715
50   50 2020-02-17       0   21357
51   51 2020-02-18       0   22019
52   52 2020-02-19       0   22701
53   53 2020-02-20       0   23405
54   54 2020-02-21       0   24130
55   55 2020-02-22       0   24878
56   56 2020-02-23       0   25649
57   57 2020-02-24       0   26444
58   58 2020-02-25       1   27263
59   59 2020-02-26       1   28108
60   60 2020-02-27       1   28979
61   61 2020-02-28       1   29877
62   62 2020-02-29       2   30803
63   63 2020-03-01       2   31758
64   64 2020-03-02       2   32742
65   65 2020-03-03       2   33757
66   66 2020-03-04       3   34803
67   67 2020-03-05       8   35882
68   68 2020-03-06      13   36994
69   69 2020-03-07      13   38140
70   70 2020-03-08      25   39322
71   71 2020-03-09      25   40541
72   72 2020-03-10      34   41797
73   73 2020-03-11      52   43093
74   74 2020-03-12      77   44428
75   75 2020-03-13      98   45805
76   76 2020-03-14     121   47224
77   77 2020-03-15     200   48688
78   78 2020-03-16     234   50197
79   79 2020-03-17     291   51753
80   80 2020-03-18     428   53356
81   81 2020-03-19     621   55010
82   82 2020-03-20     904   56715
83   83 2020-03-21    1128   58472
84   84 2020-03-22    1546   60285
85   85 2020-03-23    1891   62153
86   86 2020-03-24    2201   64079
87   87 2020-03-25    2433   66065
88   88 2020-03-26    2915   68112
89   89 2020-03-27    3417   70223
90   90 2020-03-28    3904   72400
91   91 2020-03-29    4256   74643
92   92 2020-03-30    4579   76957
93   93 2020-03-31    5717   79342
94   94 2020-04-01    6836   81801
95   95 2020-04-02    7910   84336
96   96 2020-04-03    9056   86949
97   97 2020-04-04   10278   89644
98   98 2020-04-05   11130   92422
99   99 2020-04-06   12056   95286
100 100 2020-04-07   13717   98240
101 101 2020-04-08   15927  101284
102 102 2020-04-09   17857  104423
103 103 2020-04-10   19638  107659
104 104 2020-04-11   20727  110996
105 105 2020-04-12   22169  114436
106 106 2020-04-13   23430  117982
107 107 2020-04-14   25262  121638
108 108 2020-04-15   28320  125408
109 109 2020-04-16   30425  129295
110 110 2020-04-17   33682  133302
111 111 2020-04-18   36599  137433
112 112 2020-04-19   38654  141692
113 113 2020-04-20   40581  146083
114 114 2020-04-21   43079  150611
115 115 2020-04-22   45757  155278
116 116 2020-04-23   49492  160091
117 117 2020-04-24   52995  165052
118 118 2020-04-25   58509  170167
119 119 2020-04-26   61888  175441
120 120 2020-04-27   66501  180878
121 121 2020-04-28   71886  186484
122 122 2020-04-29   78162  192263
123 123 2020-04-30   85380  198221
124 124 2020-05-01   91589  204365
125 125 2020-05-02   96559  210698
126 126 2020-05-03  101147  217228
127 127 2020-05-04  107780  223960
128 128 2020-05-05  114715  230901
129 129 2020-05-06  125218  238057
130 130 2020-05-07  135106  245434
131 131 2020-05-08  145328  253041
132 132 2020-05-09  155939  260883
133 133 2020-05-10  162699  268968
134 134 2020-05-11  168331  277304
135 135 2020-05-12  177589  285898
136 136 2020-05-13  188974  294758
137 137 2020-05-14  202918  303893
138 138 2020-05-15  218223  313311
139 139 2020-05-16  233142  323021
140 140 2020-05-17  241080  333031
141 141 2020-05-18  254220  343353
142 142 2020-05-19  271628  353993
143 143 2020-05-20  291579  364964
144 144 2020-05-21  310087  376275
145 145 2020-05-22  330890  387936
146 146 2020-05-23  347398  399959
147 147 2020-05-24  363211  412354
148 148 2020-05-25  374898  425133
149 149 2020-05-26  391222  438309
150 150 2020-05-27  411821  451892
151 151 2020-05-28  438238  465897
152 152 2020-05-29  465166  480336
153 153 2020-05-30  498440  495222
154 154 2020-05-31  514849  510570
155 155 2020-06-01  526447  526393
156 156 2020-06-02  555383  542706
157 157 2020-06-03  584016  559525
158 158 2020-06-04  614932  576866
159 159 2020-06-05  645762  594744
160 160 2020-06-06  672837  613175
161 161 2020-06-07  691758  632179
162 162 2020-06-08  707412  651771
163 163 2020-06-09  739503  671970
164 164 2020-06-10  772416  692795
165 165 2020-06-11  802828  714265
166 166 2020-06-12  828810  736401
167 167 2020-06-13  850514  759223
168 168 2020-06-14  867624  782753
169 169 2020-06-15  888271  807011
170 170 2020-06-16  923189  832021
171 171 2020-06-17  955377  857807
172 172 2020-06-18  978142  884391
173 173 2020-06-19 1032913  911800
174 174 2020-06-20 1067579  940058
175 175 2020-06-21 1085038  969191
176 176 2020-06-22 1106470  999228
177 177 2020-06-23 1145906 1030195
178 178 2020-06-24 1188631 1062122
179 179 2020-06-25 1228114 1095038
180 180 2020-06-26 1274974 1128975
181 181 2020-06-27 1313667 1163963
182 182 2020-06-28 1344143 1200036
183 183 2020-06-29 1368195 1237227
184 184 2020-06-30 1402041 1275570
185 185 2020-07-01 1448753 1315101
186 186 2020-07-02 1496858 1355858
187 187 2020-07-03 1539081 1397878
188 188 2020-07-04 1577004 1441199
189 189 2020-07-05 1603055 1485864
190 190 2020-07-06 1623284 1531913
191 191 2020-07-07 1668589 1579389
192 192 2020-07-08 1713160 1628336
193 193 2020-07-09 1755779 1678800
194 194 2020-07-10 1800827 1730828
195 195 2020-07-11 1839850 1784469
196 196 2020-07-12 1864681 1839772
197 197 2020-07-13 1884967 1896788
198 198 2020-07-14 1926824 1955572
199 199 2020-07-15 1966748 2016178
200 200 2020-07-16 2012151 2078662
201 201 2020-07-17 2046328 2143082
202 202 2020-07-18 2074860 2209499
203 203 2020-07-19 2098389 2277974
204 204 2020-07-20 2118646 2348571
205 205 2020-07-21 2159654 2421356
206 206 2020-07-22 2231871 2496397

Intervalo de Confianca
         2.5%      97.5%
b  3933.18915 5453.38680
y0   31.85928   33.69647


Formula: x ~ SSexp(day, b, y0)

Parameters:
    Estimate Std. Error t value     Pr(>|t|)    
b  65158.845  10296.363   6.328     0.000226 ***
y0    58.430      2.673  21.856 0.0000000203 ***
---
Signif. codes:  0 ‘***’ 0.001 ‘**’ 0.01 ‘*’ 0.05 ‘.’ 0.1 ‘ ’ 1

Residual standard error: 14570 on 8 degrees of freedom

Number of iterations to convergence: 33 
Achieved convergence tolerance: 0.0000000149

Considerando os casos dos últimos 10 dias, temos:
Número de dias para dobrar:  58.4
Razao de crescimento:  65158.85

Todos os dados gerados
    country       dias otimista casos_estimados pessimista estimativa_mortes casos_confirmados mortes_confirmadas latitude longitude
1    Brazil 2019-12-30     3776            4787       5798               178                 0                  0        0         0
2    Brazil 2019-12-31     3893            4935       5977               183                 0                  0        0         0
3    Brazil 2020-01-01     4014            5088       6162               189                 0                  0        0         0
4    Brazil 2020-01-02     4138            5246       6354               195                 0                  0        0         0
5    Brazil 2020-01-03     4266            5408       6550               201                 0                  0        0         0
6    Brazil 2020-01-04     4399            5576       6753               207                 0                  0        0         0
7    Brazil 2020-01-05     4535            5749       6963               214                 0                  0        0         0
8    Brazil 2020-01-06     4676            5927       7178               220                 0                  0        0         0
9    Brazil 2020-01-07     4821            6111       7401               227                 0                  0        0         0
10   Brazil 2020-01-08     4970            6300       7630               234                 0                  0        0         0
11   Brazil 2020-01-09     5124            6495       7866               241                 0                  0        0         0
12   Brazil 2020-01-10     5283            6697       8111               249                 0                  0        0         0
13   Brazil 2020-01-11     5446            6904       8362               256                 0                  0        0         0
14   Brazil 2020-01-12     5615            7118       8621               264                 0                  0        0         0
15   Brazil 2020-01-13     5789            7339       8889               273                 0                  0        0         0
16   Brazil 2020-01-14     5968            7566       9164               281                 0                  0        0         0
17   Brazil 2020-01-15     6154            7801       9448               290                 0                  0        0         0
18   Brazil 2020-01-16     6344            8042       9740               299                 0                  0        0         0
19   Brazil 2020-01-17     6541            8292      10043               308                 0                  0        0         0
20   Brazil 2020-01-18     6743            8548      10353               317                 0                  0        0         0
21   Brazil 2020-01-19     6952            8813      10674               327                 0                  0        0         0
22   Brazil 2020-01-20     7168            9087      11006               337                 0                  0        0         0
23   Brazil 2020-01-21     7390            9368      11346               348                 0                  0        0         0
24   Brazil 2020-01-22     7619            9658      11697               359                 0                  0        0         0
25   Brazil 2020-01-23     7855            9958      12061               370                 0                  0        0         0
26   Brazil 2020-01-24     8098           10266      12434               381                 0                  0        0         0
27   Brazil 2020-01-25     8350           10585      12820               393                 0                  0        0         0
28   Brazil 2020-01-26     8609           10913      13217               405                 0                  0        0         0
29   Brazil 2020-01-27     8875           11251      13627               418                 0                  0        0         0
30   Brazil 2020-01-28     9150           11599      14048               431                 0                  0        0         0
31   Brazil 2020-01-29     9434           11959      14484               444                 0                  0        0         0
32   Brazil 2020-01-30     9727           12330      14933               458                 0                  0        0         0
33   Brazil 2020-01-31    10028           12712      15396               472                 0                  0        0         0
34   Brazil 2020-02-01    10339           13106      15873               487                 0                  0        0         0
35   Brazil 2020-02-02    10659           13512      16365               502                 0                  0        0         0
36   Brazil 2020-02-03    10990           13931      16872               517                 0                  0        0         0
37   Brazil 2020-02-04    11330           14362      17394               533                 0                  0        0         0
38   Brazil 2020-02-05    11681           14807      17933               550                 0                  0        0         0
39   Brazil 2020-02-06    12043           15266      18489               567                 0                  0        0         0
40   Brazil 2020-02-07    12416           15739      19062               585                 0                  0        0         0
41   Brazil 2020-02-08    12801           16227      19653               603                 0                  0        0         0
42   Brazil 2020-02-09    13198           16730      20262               621                 0                  0        0         0
43   Brazil 2020-02-10    13607           17249      20891               641                 0                  0        0         0
44   Brazil 2020-02-11    14028           17783      21538               660                 0                  0        0         0
45   Brazil 2020-02-12    14463           18334      22205               681                 0                  0        0         0
46   Brazil 2020-02-13    14911           18902      22893               702                 0                  0        0         0
47   Brazil 2020-02-14    15373           19488      23603               724                 0                  0        0         0
48   Brazil 2020-02-15    15850           20092      24334               746                 0                  0        0         0
49   Brazil 2020-02-16    16341           20715      25089               769                 0                  0        0         0
50   Brazil 2020-02-17    16848           21357      25866               793                 0                  0        0         0
51   Brazil 2020-02-18    17370           22019      26668               818                 0                  0        0         0
52   Brazil 2020-02-19    17908           22701      27494               843                 0                  0        0         0
53   Brazil 2020-02-20    18463           23405      28347               869                 0                  0        0         0
54   Brazil 2020-02-21    19035           24130      29225               896                 0                  0        0         0
55   Brazil 2020-02-22    19625           24878      30131               924                 0                  0        0         0
56   Brazil 2020-02-23    20233           25649      31065               953                 0                  0        0         0
57   Brazil 2020-02-24    20861           26444      32027               982                 0                  0        0         0
58   Brazil 2020-02-25    21507           27263      33019              1013                 1                  0        0         0
59   Brazil 2020-02-26    22173           28108      34043              1044                 1                  0        0         0
60   Brazil 2020-02-27    22860           28979      35098              1076                 1                  0        0         0
61   Brazil 2020-02-28    23569           29877      36185              1110                 1                  0        0         0
62   Brazil 2020-02-29    24299           30803      37307              1144                 2                  0        0         0
63   Brazil 2020-03-01    25052           31758      38464              1179                 2                  0        0         0
64   Brazil 2020-03-02    25829           32742      39655              1216                 2                  0        0         0
65   Brazil 2020-03-03    26629           33757      40885              1254                 2                  0        0         0
66   Brazil 2020-03-04    27455           34803      42151              1293                 3                  0        0         0
67   Brazil 2020-03-05    28306           35882      43458              1333                 8                  0        0         0
68   Brazil 2020-03-06    29183           36994      44805              1374                13                  0        0         0
69   Brazil 2020-03-07    30087           38140      46193              1416                13                  0        0         0
70   Brazil 2020-03-08    31019           39322      47625              1460                25                  0        0         0
71   Brazil 2020-03-09    31981           40541      49101              1506                25                  0        0         0
72   Brazil 2020-03-10    32972           41797      50622              1552                34                  0        0         0
73   Brazil 2020-03-11    33994           43093      52192              1600                52                  0        0         0
74   Brazil 2020-03-12    35047           44428      53809              1650                77                  0        0         0
75   Brazil 2020-03-13    36134           45805      55476              1701                98                  0        0         0
76   Brazil 2020-03-14    37253           47224      57195              1754               121                  0        0         0
77   Brazil 2020-03-15    38408           48688      58968              1808               200                  0        0         0
78   Brazil 2020-03-16    39598           50197      60796              1864               234                  1        0         0
79   Brazil 2020-03-17    40826           51753      62680              1922               291                  4        0         0
80   Brazil 2020-03-18    42090           53356      64622              1982               428                  6        0         0
81   Brazil 2020-03-19    43395           55010      66625              2043               621                 11        0         0
82   Brazil 2020-03-20    44740           56715      68690              2106               904                 18        0         0
83   Brazil 2020-03-21    46126           58472      70818              2172              1128                 25        0         0
84   Brazil 2020-03-22    47556           60285      73014              2239              1546                 34        0         0
85   Brazil 2020-03-23    49030           62153      75276              2308              1891                 46        0         0
86   Brazil 2020-03-24    50549           64079      77609              2380              2201                 57        0         0
87   Brazil 2020-03-25    52116           66065      80014              2454              2433                 77        0         0
88   Brazil 2020-03-26    53731           68112      82493              2530              2915                 92        0         0
89   Brazil 2020-03-27    55396           70223      85050              2608              3417                114        0         0
90   Brazil 2020-03-28    57113           72400      87687              2689              3904                136        0         0
91   Brazil 2020-03-29    58883           74643      90403              2772              4256                159        0         0
92   Brazil 2020-03-30    60708           76957      93206              2858              4579                201        0         0
93   Brazil 2020-03-31    62589           79342      96095              2947              5717                241        0         0
94   Brazil 2020-04-01    64529           81801      99073              3038              6836                299        0         0
95   Brazil 2020-04-02    66529           84336     102143              3132              7910                359        0         0
96   Brazil 2020-04-03    68590           86949     105308              3229              9056                432        0         0
97   Brazil 2020-04-04    70716           89644     108572              3329             10278                486        0         0
98   Brazil 2020-04-05    72908           92422     111936              3432             11130                553        0         0
99   Brazil 2020-04-06    75167           95286     115405              3539             12056                667        0         0
100  Brazil 2020-04-07    77497           98240     118983              3649             13717                800        0         0
101  Brazil 2020-04-08    79898          101284     122670              3762             15927                941        0         0
102  Brazil 2020-04-09    82375          104423     126471              3878             17857               1056        0         0
103  Brazil 2020-04-10    84927          107659     130391              3998             19638               1124        0         0
104  Brazil 2020-04-11    87560          110996     134432              4122             20727               1223        0         0
105  Brazil 2020-04-12    90274          114436     138598              4250             22169               1328        0         0
106  Brazil 2020-04-13    93071          117982     142893              4382             23430               1532        0         0
107  Brazil 2020-04-14    95955          121638     147321              4518             25262               1736        0         0
108  Brazil 2020-04-15    98929          125408     151887              4658             28320               1924        0         0
109  Brazil 2020-04-16   101995          129295     156595              4802             30425               2141        0         0
110  Brazil 2020-04-17   105156          133302     161448              4951             33682               2347        0         0
111  Brazil 2020-04-18   108415          137433     166451              5104             36599               2462        0         0
112  Brazil 2020-04-19   111775          141692     171609              5262             38654               2575        0         0
113  Brazil 2020-04-20   115238          146083     176928              5425             40581               2741        0         0
114  Brazil 2020-04-21   118810          150611     182412              5594             43079               2906        0         0
115  Brazil 2020-04-22   122492          155278     188064              5767             45757               3313        0         0
116  Brazil 2020-04-23   126289          160091     193893              5946             49492               3670        0         0
117  Brazil 2020-04-24   130202          165052     199902              6130             52995               4016        0         0
118  Brazil 2020-04-25   134237          170167     206097              6320             58509               4205        0         0
119  Brazil 2020-04-26   138398          175441     212484              6516             61888               4543        0         0
120  Brazil 2020-04-27   142687          180878     219069              6718             66501               5017        0         0
121  Brazil 2020-04-28   147109          186484     225859              6926             71886               5466        0         0
122  Brazil 2020-04-29   151668          192263     232858              7141             78162               5901        0         0
123  Brazil 2020-04-30   156368          198221     240074              7362             85380               6329        0         0
124  Brazil 2020-05-01   161215          204365     247515              7590             91589               6750        0         0
125  Brazil 2020-05-02   166210          210698     255186              7825             96559               7025        0         0
126  Brazil 2020-05-03   171362          217228     263094              8068            101147               7321        0         0
127  Brazil 2020-05-04   176672          223960     271248              8318            107780               7921        0         0
128  Brazil 2020-05-05   182148          230901     279654              8575            114715               8536        0         0
129  Brazil 2020-05-06   187793          238057     288321              8841            125218               9146        0         0
130  Brazil 2020-05-07   193612          245434     297256              9115            135106               9897        0         0
131  Brazil 2020-05-08   199613          253041     306469              9398            145328              10627        0         0
132  Brazil 2020-05-09   205799          260883     315967              9689            155939              11123        0         0
133  Brazil 2020-05-10   212177          268968     325759              9989            162699              11519        0         0
134  Brazil 2020-05-11   218753          277304     335855             10299            168331              12400        0         0
135  Brazil 2020-05-12   225532          285898     346264             10618            177589              13149        0         0
136  Brazil 2020-05-13   232522          294758     356994             10947            188974              13993        0         0
137  Brazil 2020-05-14   239728          303893     368058             11286            202918              14817        0         0
138  Brazil 2020-05-15   247157          313311     379465             11636            218223              15633        0         0
139  Brazil 2020-05-16   254817          323021     391225             11997            233142              16118        0         0
140  Brazil 2020-05-17   262713          333031     403349             12369            241080              16792        0         0
141  Brazil 2020-05-18   270856          343353     415850             12752            254220              17971        0         0
142  Brazil 2020-05-19   279249          353993     428737             13147            271628              18859        0         0
143  Brazil 2020-05-20   287904          364964     442024             13554            291579              20047        0         0
144  Brazil 2020-05-21   296827          376275     455723             13975            310087              21048        0         0
145  Brazil 2020-05-22   306026          387936     469846             14408            330890              22013        0         0
146  Brazil 2020-05-23   315510          399959     484408             14854            347398              22666        0         0
147  Brazil 2020-05-24   325288          412354     499420             15315            363211              23473        0         0
148  Brazil 2020-05-25   335369          425133     514897             15789            374898              24512        0         0
149  Brazil 2020-05-26   345763          438309     530855             16278            391222              25598        0         0
150  Brazil 2020-05-27   356478          451892     547306             16783            411821              26754        0         0
151  Brazil 2020-05-28   367526          465897     564268             17303            438238              27878        0         0
152  Brazil 2020-05-29   378916          480336     581756             17839            465166              28834        0         0
153  Brazil 2020-05-30   390659          495222     599785             18392            498440              29314        0         0
154  Brazil 2020-05-31   402766          510570     618374             18962            514849              29937        0         0
155  Brazil 2020-06-01   415248          526393     637538             19550            526447              31199        0         0
156  Brazil 2020-06-02   428117          542706     657295             20156            555383              32548        0         0
157  Brazil 2020-06-03   441385          559525     677665             20780            584016              34021        0         0
158  Brazil 2020-06-04   455064          576866     698668             21424            614932              35026        0         0
159  Brazil 2020-06-05   469167          594744     720321             22088            645762              35930        0         0
160  Brazil 2020-06-06   483707          613175     742643             22773            672837              36455        0         0
161  Brazil 2020-06-07   498698          632179     765660             23479            691758              37134        0         0
162  Brazil 2020-06-08   514153          651771     789389             24206            707412              38406        0         0
163  Brazil 2020-06-09   530087          671970     813853             24956            739503              39680        0         0
164  Brazil 2020-06-10   546515          692795     839075             25730            772416              40919        0         0
165  Brazil 2020-06-11   563452          714265     865078             26527            802828              41828        0         0
166  Brazil 2020-06-12   580914          736401     891888             27349            828810              42720        0         0
167  Brazil 2020-06-13   598917          759223     919529             28197            850514              43332        0         0
168  Brazil 2020-06-14   617479          782753     948027             29071            867624              43959        0         0
169  Brazil 2020-06-15   636615          807011     977407             29972            888271              45241        0         0
170  Brazil 2020-06-16   656345          832021    1007697             30901            923189              46510        0         0
171  Brazil 2020-06-17   676686          857807    1038928             31858            955377              47748        0         0
172  Brazil 2020-06-18   697657          884391    1071125             32846            978142              48954        0         0
173  Brazil 2020-06-19   719279          911800    1104321             33864           1032913              49976        0         0
174  Brazil 2020-06-20   741570          940058    1138546             34913           1067579              50617        0         0
175  Brazil 2020-06-21   764552          969191    1173830             35995           1085038              51271        0         0
176  Brazil 2020-06-22   788247          999228    1210209             37111           1106470              52645        0         0
177  Brazil 2020-06-23   812675         1030195    1247715             38261           1145906              53830        0         0
178  Brazil 2020-06-24   837861         1062122    1286383             39446           1188631              54971        0         0
179  Brazil 2020-06-25   863827         1095038    1326249             40669           1228114              55961        0         0
180  Brazil 2020-06-26   890598         1128975    1367352             41929           1274974              57070        0         0
181  Brazil 2020-06-27   918199         1163963    1409727             43229           1313667              57622        0         0
182  Brazil 2020-06-28   946655         1200036    1453417             44568           1344143              58314        0         0
183  Brazil 2020-06-29   975994         1237227    1498460             45950           1368195              59594        0         0
184  Brazil 2020-06-30  1006241         1275570    1544899             47374           1402041              60632        0         0
185  Brazil 2020-07-01  1037425         1315101    1592777             48842           1448753              61884        0         0
186  Brazil 2020-07-02  1069576         1355858    1642140             50356           1496858              63174        0         0
187  Brazil 2020-07-03  1102724         1397878    1693032             51916           1539081              64265        0         0
188  Brazil 2020-07-04  1136898         1441199    1745500             53525           1577004              64867        0         0
189  Brazil 2020-07-05  1172132         1485864    1799596             55184           1603055              65487        0         0
190  Brazil 2020-07-06  1208458         1531913    1855368             56894           1623284              66741        0         0
191  Brazil 2020-07-07  1245910         1579389    1912868             58657           1668589              67964        0         0
192  Brazil 2020-07-08  1284522         1628336    1972150             60475           1713160              69184        0         0
193  Brazil 2020-07-09  1324331         1678800    2033269             62349           1755779              70398        0         0
194  Brazil 2020-07-10  1365374         1730828    2096282             64282           1800827              71469        0         0
195  Brazil 2020-07-11  1407689         1784469    2161249             66274           1839850              72100        0         0
196  Brazil 2020-07-12  1451315         1839772    2228229             68328           1864681              72833        0         0
197  Brazil 2020-07-13  1496292         1896788    2297284             70445           1884967              74133        0         0
198  Brazil 2020-07-14  1542664         1955572    2368480             72628           1926824              75366        0         0
199  Brazil 2020-07-15  1590474         2016178    2441882             74879           1966748              76688        0         0
200  Brazil 2020-07-16  1639765         2078662    2517559             77200           2012151              77851        0         0
201  Brazil 2020-07-17  1690583         2143082    2595581             79592           2046328              78772        0         0
202  Brazil 2020-07-18  1742976         2209499    2676022             82059           2074860              79488        0         0
203  Brazil 2020-07-19  1796993         2277974    2758955             84602           2098389              80120        0         0
204  Brazil 2020-07-20  1852684         2348571    2844458             87224           2118646              81487        0         0
205  Brazil 2020-07-21  1910101         2421356    2932611             89927           2159654              82890        0         0
206  Brazil 2020-07-22  1969297         2496397    3023497             92714           2231871              82890        0         0
207  Brazil 2020-07-23  2030329         2573764    3117199             95588                NA                 NA        0         0
208  Brazil 2020-07-24  2093251         2653528    3213805             98550                NA                 NA        0         0
209  Brazil 2020-07-25  2158123         2735764    3313405            101604                NA                 NA        0         0
210  Brazil 2020-07-26  2225006         2820549    3416092            104753                NA                 NA        0         0
211  Brazil 2020-07-27  2293962         2907961    3521960            107999                NA                 NA        0         0
212  Brazil 2020-07-28  2365054         2998082    3631110            111346                NA                 NA        0         0
213  Brazil 2020-07-29  2438350         3090996    3743642            114797                NA                 NA        0         0
214  Brazil 2020-07-30  2513918         3186790    3859662            118355                NA                 NA        0         0
215  Brazil 2020-07-31  2591828         3285553    3979278            122023                NA                 NA        0         0
216  Brazil 2020-08-01  2672151         3387376    4102601            125805                NA                 NA        0         0

Fontes:
	OMS - https://ourworldindata.org/coronavirus-source-data
	Worldometers - https://www.worldometers.info/coronavirus