
 Brazil 
Projecao:  7  dias
Gerado em:  2020-06-10 13:04:57
RMSE(%):  3.7 , BIAS(%): 0.73

Taxa de Mortalidade 5.19 %

    country       dias otimista casos_estimados pessimista estimativa_mortes casos_confirmados mortes_confirmadas latitude longitude
152  Brazil 2020-05-29   449925          467120     484315             24230            465166              28834        0         0
153  Brazil 2020-05-30   471764          489793     507822             25406            498440              29314        0         0
154  Brazil 2020-05-31   494076          512958     531840             26608            514849              29937        0         0
155  Brazil 2020-06-01   516818          536569     556320             27833            526447              31199        0         0
156  Brazil 2020-06-02   539941          560576     581211             29078            555383              32548        0         0
157  Brazil 2020-06-03   563395          584926     606457             30341            584016              34021        0         0
158  Brazil 2020-06-04   587124          609562     632000             31619            614932              35026        0         0
159  Brazil 2020-06-05   611069          634422     657775             32908            645762              35930        0         0
160  Brazil 2020-06-06   635172          659446     683720             34206            672837              36455        0         0
161  Brazil 2020-06-07   659370          684569     709768             35510            691758              37134        0         0
162  Brazil 2020-06-08   683600          709725     735850             36815            707412              38406        0         0
163  Brazil 2020-06-09   707800          734850     761900             38118            739503              38543        0         0
164  Brazil 2020-06-10   731908          759879     787850             39416            743047              38543        0         0
165  Brazil 2020-06-11   755860          784747     813634             40706                NA                 NA        0         0
166  Brazil 2020-06-12   779599          809393     839187             41984                NA                 NA        0         0
167  Brazil 2020-06-13   803064          833755     864446             43248                NA                 NA        0         0
168  Brazil 2020-06-14   826203          857778     889353             44494                NA                 NA        0         0
169  Brazil 2020-06-15   848960          881405     913850             45720                NA                 NA        0         0
170  Brazil 2020-06-16   871291          904589     937887             46922                NA                 NA        0         0
171  Brazil 2020-06-17   893148          927282     961416             48100                NA                 NA        0         0

Total de casos no mundo:  7369460 2337333 1220686 2137157 1457601 207075 8887 721 7369460

Estimados a partir dos dados da OMS:
    day       date      x   xest
1     1 2019-12-30      0     13
2     2 2019-12-31      0     14
3     3 2020-01-01      0     15
4     4 2020-01-02      0     16
5     5 2020-01-03      0     17
6     6 2020-01-04      0     19
7     7 2020-01-05      0     20
8     8 2020-01-06      0     22
9     9 2020-01-07      0     23
10   10 2020-01-08      0     25
11   11 2020-01-09      0     27
12   12 2020-01-10      0     29
13   13 2020-01-11      0     31
14   14 2020-01-12      0     33
15   15 2020-01-13      0     36
16   16 2020-01-14      0     39
17   17 2020-01-15      0     41
18   18 2020-01-16      0     45
19   19 2020-01-17      0     48
20   20 2020-01-18      0     51
21   21 2020-01-19      0     55
22   22 2020-01-20      0     59
23   23 2020-01-21      0     64
24   24 2020-01-22      0     69
25   25 2020-01-23      0     74
26   26 2020-01-24      0     79
27   27 2020-01-25      0     85
28   28 2020-01-26      0     92
29   29 2020-01-27      0     99
30   30 2020-01-28      0    106
31   31 2020-01-29      0    114
32   32 2020-01-30      0    122
33   33 2020-01-31      0    131
34   34 2020-02-01      0    141
35   35 2020-02-02      0    152
36   36 2020-02-03      0    163
37   37 2020-02-04      0    175
38   38 2020-02-05      0    189
39   39 2020-02-06      0    203
40   40 2020-02-07      0    218
41   41 2020-02-08      0    234
42   42 2020-02-09      0    252
43   43 2020-02-10      0    270
44   44 2020-02-11      0    291
45   45 2020-02-12      0    312
46   46 2020-02-13      0    336
47   47 2020-02-14      0    361
48   48 2020-02-15      0    388
49   49 2020-02-16      0    417
50   50 2020-02-17      0    448
51   51 2020-02-18      0    481
52   52 2020-02-19      0    517
53   53 2020-02-20      0    556
54   54 2020-02-21      0    598
55   55 2020-02-22      0    642
56   56 2020-02-23      0    690
57   57 2020-02-24      0    742
58   58 2020-02-25      1    798
59   59 2020-02-26      1    857
60   60 2020-02-27      1    921
61   61 2020-02-28      1    990
62   62 2020-02-29      2   1064
63   63 2020-03-01      2   1144
64   64 2020-03-02      2   1229
65   65 2020-03-03      2   1321
66   66 2020-03-04      3   1420
67   67 2020-03-05      8   1526
68   68 2020-03-06     13   1640
69   69 2020-03-07     13   1762
70   70 2020-03-08     25   1894
71   71 2020-03-09     25   2035
72   72 2020-03-10     34   2187
73   73 2020-03-11     52   2350
74   74 2020-03-12     77   2526
75   75 2020-03-13     98   2714
76   76 2020-03-14    121   2917
77   77 2020-03-15    200   3135
78   78 2020-03-16    234   3369
79   79 2020-03-17    291   3620
80   80 2020-03-18    428   3890
81   81 2020-03-19    621   4180
82   82 2020-03-20    904   4491
83   83 2020-03-21   1128   4826
84   84 2020-03-22   1546   5186
85   85 2020-03-23   1891   5572
86   86 2020-03-24   2201   5987
87   87 2020-03-25   2433   6433
88   88 2020-03-26   2915   6912
89   89 2020-03-27   3417   7426
90   90 2020-03-28   3904   7978
91   91 2020-03-29   4256   8571
92   92 2020-03-30   4579   9208
93   93 2020-03-31   5717   9891
94   94 2020-04-01   6836  10626
95   95 2020-04-02   7910  11414
96   96 2020-04-03   9056  12260
97   97 2020-04-04  10278  13168
98   98 2020-04-05  11130  14143
99   99 2020-04-06  12056  15189
100 100 2020-04-07  13717  16312
101 101 2020-04-08  15927  17517
102 102 2020-04-09  17857  18809
103 103 2020-04-10  19638  20196
104 104 2020-04-11  20727  21683
105 105 2020-04-12  22169  23277
106 106 2020-04-13  23430  24987
107 107 2020-04-14  25262  26820
108 108 2020-04-15  28320  28784
109 109 2020-04-16  30425  30889
110 110 2020-04-17  33682  33145
111 111 2020-04-18  36599  35561
112 112 2020-04-19  38654  38148
113 113 2020-04-20  40581  40917
114 114 2020-04-21  43079  43881
115 115 2020-04-22  45757  47052
116 116 2020-04-23  49492  50444
117 117 2020-04-24  52995  54071
118 118 2020-04-25  58509  57947
119 119 2020-04-26  61888  62088
120 120 2020-04-27  66501  66510
121 121 2020-04-28  71886  71230
122 122 2020-04-29  78162  76266
123 123 2020-04-30  85380  81637
124 124 2020-05-01  91589  87360
125 125 2020-05-02  96559  93456
126 126 2020-05-03 101147  99945
127 127 2020-05-04 107780 106848
128 128 2020-05-05 114715 114185
129 129 2020-05-06 125218 121979
130 130 2020-05-07 135106 130250
131 131 2020-05-08 145328 139021
132 132 2020-05-09 155939 148313
133 133 2020-05-10 162699 158148
134 134 2020-05-11 168331 168547
135 135 2020-05-12 177589 179531
136 136 2020-05-13 188974 191119
137 137 2020-05-14 202918 203330
138 138 2020-05-15 218223 216182
139 139 2020-05-16 233142 229688
140 140 2020-05-17 241080 243865
141 141 2020-05-18 254220 258722
142 142 2020-05-19 271628 274268
143 143 2020-05-20 291579 290510
144 144 2020-05-21 310087 307450
145 145 2020-05-22 330890 325087
146 146 2020-05-23 347398 343416
147 147 2020-05-24 363211 362429
148 148 2020-05-25 374898 382112
149 149 2020-05-26 391222 402448
150 150 2020-05-27 411821 423413
151 151 2020-05-28 438238 444981
152 152 2020-05-29 465166 467120
153 153 2020-05-30 498440 489793
154 154 2020-05-31 514849 512958
155 155 2020-06-01 526447 536569
156 156 2020-06-02 555383 560576
157 157 2020-06-03 584016 584926
158 158 2020-06-04 614932 609562
159 159 2020-06-05 645762 634422
160 160 2020-06-06 672837 659446
161 161 2020-06-07 691758 684569
162 162 2020-06-08 707412 709725
163 163 2020-06-09 739503 734850
164 164 2020-06-10 743047 759879

Intervalo de Confianca
              2.5%         97.5%
Asym 1351036.98567 1443525.67655
xmid     160.67522     162.41039
scal      13.66804      14.06454


Formula: x ~ SSlogis(day, Asym, xmid, scal)

Parameters:
         Estimate   Std. Error t value            Pr(>|t|)    
Asym 1395292.5780   23802.3873   58.62 <0.0000000000000002 ***
xmid     161.5199       0.4475  360.97 <0.0000000000000002 ***
scal      13.8646       0.1026  135.19 <0.0000000000000002 ***
---
Signif. codes:  0 ‘***’ 0.001 ‘**’ 0.01 ‘*’ 0.05 ‘.’ 0.1 ‘ ’ 1

Residual standard error: 3508 on 161 degrees of freedom

Number of iterations to convergence: 8 
Achieved convergence tolerance: 0.0000000149


Brazil: o primeiro caso foi registrado em 25/02/2020 na data 10/06/2020 temos 106 dias desde o primeiro caso. A data de pico prevista pelo modelo logístico é 05/08/2020 (dia 162 desde os primeiros casos relatados).
Em 05/08/2020 o modelo estima 1395293+/-23802 casos. De acordo com o modelo ajustado temos 56 de infecçao pela frente.

Todos os dados gerados
    country       dias otimista casos_estimados pessimista estimativa_mortes casos_confirmados mortes_confirmadas latitude longitude
1    Brazil 2019-12-30       13              13         13                 1                 0                  0        0         0
2    Brazil 2019-12-31       13              14         15                 1                 0                  0        0         0
3    Brazil 2020-01-01       14              15         16                 1                 0                  0        0         0
4    Brazil 2020-01-02       15              16         17                 1                 0                  0        0         0
5    Brazil 2020-01-03       16              17         18                 1                 0                  0        0         0
6    Brazil 2020-01-04       18              19         20                 1                 0                  0        0         0
7    Brazil 2020-01-05       19              20         21                 1                 0                  0        0         0
8    Brazil 2020-01-06       21              22         23                 1                 0                  0        0         0
9    Brazil 2020-01-07       22              23         24                 1                 0                  0        0         0
10   Brazil 2020-01-08       24              25         26                 1                 0                  0        0         0
11   Brazil 2020-01-09       26              27         28                 1                 0                  0        0         0
12   Brazil 2020-01-10       28              29         30                 2                 0                  0        0         0
13   Brazil 2020-01-11       30              31         32                 2                 0                  0        0         0
14   Brazil 2020-01-12       32              33         34                 2                 0                  0        0         0
15   Brazil 2020-01-13       35              36         37                 2                 0                  0        0         0
16   Brazil 2020-01-14       38              39         40                 2                 0                  0        0         0
17   Brazil 2020-01-15       39              41         43                 2                 0                  0        0         0
18   Brazil 2020-01-16       43              45         47                 2                 0                  0        0         0
19   Brazil 2020-01-17       46              48         50                 2                 0                  0        0         0
20   Brazil 2020-01-18       49              51         53                 3                 0                  0        0         0
21   Brazil 2020-01-19       53              55         57                 3                 0                  0        0         0
22   Brazil 2020-01-20       57              59         61                 3                 0                  0        0         0
23   Brazil 2020-01-21       62              64         66                 3                 0                  0        0         0
24   Brazil 2020-01-22       66              69         72                 4                 0                  0        0         0
25   Brazil 2020-01-23       71              74         77                 4                 0                  0        0         0
26   Brazil 2020-01-24       76              79         82                 4                 0                  0        0         0
27   Brazil 2020-01-25       82              85         88                 4                 0                  0        0         0
28   Brazil 2020-01-26       89              92         95                 5                 0                  0        0         0
29   Brazil 2020-01-27       95              99        103                 5                 0                  0        0         0
30   Brazil 2020-01-28      102             106        110                 5                 0                  0        0         0
31   Brazil 2020-01-29      110             114        118                 6                 0                  0        0         0
32   Brazil 2020-01-30      118             122        126                 6                 0                  0        0         0
33   Brazil 2020-01-31      126             131        136                 7                 0                  0        0         0
34   Brazil 2020-02-01      136             141        146                 7                 0                  0        0         0
35   Brazil 2020-02-02      146             152        158                 8                 0                  0        0         0
36   Brazil 2020-02-03      157             163        169                 8                 0                  0        0         0
37   Brazil 2020-02-04      169             175        181                 9                 0                  0        0         0
38   Brazil 2020-02-05      182             189        196                10                 0                  0        0         0
39   Brazil 2020-02-06      196             203        210                11                 0                  0        0         0
40   Brazil 2020-02-07      210             218        226                11                 0                  0        0         0
41   Brazil 2020-02-08      225             234        243                12                 0                  0        0         0
42   Brazil 2020-02-09      243             252        261                13                 0                  0        0         0
43   Brazil 2020-02-10      260             270        280                14                 0                  0        0         0
44   Brazil 2020-02-11      280             291        302                15                 0                  0        0         0
45   Brazil 2020-02-12      301             312        323                16                 0                  0        0         0
46   Brazil 2020-02-13      324             336        348                17                 0                  0        0         0
47   Brazil 2020-02-14      348             361        374                19                 0                  0        0         0
48   Brazil 2020-02-15      374             388        402                20                 0                  0        0         0
49   Brazil 2020-02-16      402             417        432                22                 0                  0        0         0
50   Brazil 2020-02-17      432             448        464                23                 0                  0        0         0
51   Brazil 2020-02-18      463             481        499                25                 0                  0        0         0
52   Brazil 2020-02-19      498             517        536                27                 0                  0        0         0
53   Brazil 2020-02-20      536             556        576                29                 0                  0        0         0
54   Brazil 2020-02-21      576             598        620                31                 0                  0        0         0
55   Brazil 2020-02-22      618             642        666                33                 0                  0        0         0
56   Brazil 2020-02-23      665             690        715                36                 0                  0        0         0
57   Brazil 2020-02-24      715             742        769                38                 0                  0        0         0
58   Brazil 2020-02-25      769             798        827                41                 1                  0        0         0
59   Brazil 2020-02-26      825             857        889                44                 1                  0        0         0
60   Brazil 2020-02-27      887             921        955                48                 1                  0        0         0
61   Brazil 2020-02-28      954             990       1026                51                 1                  0        0         0
62   Brazil 2020-02-29     1025            1064       1103                55                 2                  0        0         0
63   Brazil 2020-03-01     1102            1144       1186                59                 2                  0        0         0
64   Brazil 2020-03-02     1184            1229       1274                64                 2                  0        0         0
65   Brazil 2020-03-03     1272            1321       1370                69                 2                  0        0         0
66   Brazil 2020-03-04     1368            1420       1472                74                 3                  0        0         0
67   Brazil 2020-03-05     1470            1526       1582                79                 8                  0        0         0
68   Brazil 2020-03-06     1580            1640       1700                85                13                  0        0         0
69   Brazil 2020-03-07     1697            1762       1827                91                13                  0        0         0
70   Brazil 2020-03-08     1824            1894       1964                98                25                  0        0         0
71   Brazil 2020-03-09     1960            2035       2110               106                25                  0        0         0
72   Brazil 2020-03-10     2106            2187       2268               113                34                  0        0         0
73   Brazil 2020-03-11     2263            2350       2437               122                52                  0        0         0
74   Brazil 2020-03-12     2433            2526       2619               131                77                  0        0         0
75   Brazil 2020-03-13     2614            2714       2814               141                98                  0        0         0
76   Brazil 2020-03-14     2810            2917       3024               151               121                  0        0         0
77   Brazil 2020-03-15     3020            3135       3250               163               200                  0        0         0
78   Brazil 2020-03-16     3245            3369       3493               175               234                  1        0         0
79   Brazil 2020-03-17     3487            3620       3753               188               291                  4        0         0
80   Brazil 2020-03-18     3747            3890       4033               202               428                  6        0         0
81   Brazil 2020-03-19     4026            4180       4334               217               621                 11        0         0
82   Brazil 2020-03-20     4326            4491       4656               233               904                 18        0         0
83   Brazil 2020-03-21     4648            4826       5004               250              1128                 25        0         0
84   Brazil 2020-03-22     4995            5186       5377               269              1546                 34        0         0
85   Brazil 2020-03-23     5367            5572       5777               289              1891                 46        0         0
86   Brazil 2020-03-24     5767            5987       6207               311              2201                 57        0         0
87   Brazil 2020-03-25     6196            6433       6670               334              2433                 77        0         0
88   Brazil 2020-03-26     6658            6912       7166               359              2915                 92        0         0
89   Brazil 2020-03-27     7153            7426       7699               385              3417                114        0         0
90   Brazil 2020-03-28     7684            7978       8272               414              3904                136        0         0
91   Brazil 2020-03-29     8255            8571       8887               445              4256                159        0         0
92   Brazil 2020-03-30     8869            9208       9547               478              4579                201        0         0
93   Brazil 2020-03-31     9527            9891      10255               513              5717                241        0         0
94   Brazil 2020-04-01    10235           10626      11017               551              6836                299        0         0
95   Brazil 2020-04-02    10994           11414      11834               592              7910                359        0         0
96   Brazil 2020-04-03    11809           12260      12711               636              9056                432        0         0
97   Brazil 2020-04-04    12683           13168      13653               683             10278                486        0         0
98   Brazil 2020-04-05    13622           14143      14664               734             11130                553        0         0
99   Brazil 2020-04-06    14630           15189      15748               788             12056                667        0         0
100  Brazil 2020-04-07    15712           16312      16912               846             13717                800        0         0
101  Brazil 2020-04-08    16872           17517      18162               909             15927                941        0         0
102  Brazil 2020-04-09    18117           18809      19501               976             17857               1056        0         0
103  Brazil 2020-04-10    19453           20196      20939              1048             19638               1124        0         0
104  Brazil 2020-04-11    20885           21683      22481              1125             20727               1223        0         0
105  Brazil 2020-04-12    22420           23277      24134              1207             22169               1328        0         0
106  Brazil 2020-04-13    24067           24987      25907              1296             23430               1532        0         0
107  Brazil 2020-04-14    25833           26820      27807              1391             25262               1736        0         0
108  Brazil 2020-04-15    27724           28784      29844              1493             28320               1924        0         0
109  Brazil 2020-04-16    29752           30889      32026              1602             30425               2141        0         0
110  Brazil 2020-04-17    31925           33145      34365              1719             33682               2347        0         0
111  Brazil 2020-04-18    34252           35561      36870              1845             36599               2462        0         0
112  Brazil 2020-04-19    36744           38148      39552              1979             38654               2575        0         0
113  Brazil 2020-04-20    39411           40917      42423              2122             40581               2741        0         0
114  Brazil 2020-04-21    42266           43881      45496              2276             43079               2906        0         0
115  Brazil 2020-04-22    45320           47052      48784              2441             45757               3313        0         0
116  Brazil 2020-04-23    48587           50444      52301              2617             49492               3670        0         0
117  Brazil 2020-04-24    52081           54071      56061              2805             52995               4016        0         0
118  Brazil 2020-04-25    55814           57947      60080              3006             58509               4205        0         0
119  Brazil 2020-04-26    59803           62088      64373              3221             61888               4543        0         0
120  Brazil 2020-04-27    64062           66510      68958              3450             66501               5017        0         0
121  Brazil 2020-04-28    68608           71230      73852              3695             71886               5466        0         0
122  Brazil 2020-04-29    73459           76266      79073              3956             78162               5901        0         0
123  Brazil 2020-04-30    78632           81637      84642              4235             85380               6329        0         0
124  Brazil 2020-05-01    84144           87360      90576              4531             91589               6750        0         0
125  Brazil 2020-05-02    90016           93456      96896              4848             96559               7025        0         0
126  Brazil 2020-05-03    96266           99945     103624              5184            101147               7321        0         0
127  Brazil 2020-05-04   102915          106848     110781              5542            107780               7921        0         0
128  Brazil 2020-05-05   109982          114185     118388              5923            114715               8536        0         0
129  Brazil 2020-05-06   117489          121979     126469              6327            125218               9146        0         0
130  Brazil 2020-05-07   125455          130250     135045              6756            135106               9897        0         0
131  Brazil 2020-05-08   133904          139021     144138              7211            145328              10627        0         0
132  Brazil 2020-05-09   142854          148313     153772              7693            155939              11123        0         0
133  Brazil 2020-05-10   152327          158148     163969              8203            162699              11519        0         0
134  Brazil 2020-05-11   162343          168547     174751              8743            168331              12400        0         0
135  Brazil 2020-05-12   172922          179531     186140              9313            177589              13149        0         0
136  Brazil 2020-05-13   184084          191119     198154              9914            188974              13993        0         0
137  Brazil 2020-05-14   195845          203330     210815             10547            202918              14817        0         0
138  Brazil 2020-05-15   208224          216182     224140             11214            218223              15633        0         0
139  Brazil 2020-05-16   221233          229688     238143             11914            233142              16118        0         0
140  Brazil 2020-05-17   234888          243865     252842             12650            241080              16792        0         0
141  Brazil 2020-05-18   249198          258722     268246             13420            254220              17971        0         0
142  Brazil 2020-05-19   264172          274268     284364             14227            271628              18859        0         0
143  Brazil 2020-05-20   279816          290510     301204             15069            291579              20047        0         0
144  Brazil 2020-05-21   296133          307450     318767             15948            310087              21048        0         0
145  Brazil 2020-05-22   313120          325087     337054             16863            330890              22013        0         0
146  Brazil 2020-05-23   330775          343416     356057             17814            347398              22666        0         0
147  Brazil 2020-05-24   349088          362429     375770             18800            363211              23473        0         0
148  Brazil 2020-05-25   368046          382112     396178             19821            374898              24512        0         0
149  Brazil 2020-05-26   387634          402448     417262             20876            391222              25598        0         0
150  Brazil 2020-05-27   407827          423413     438999             21963            411821              26754        0         0
151  Brazil 2020-05-28   428601          444981     461361             23082            438238              27878        0         0
152  Brazil 2020-05-29   449925          467120     484315             24230            465166              28834        0         0
153  Brazil 2020-05-30   471764          489793     507822             25406            498440              29314        0         0
154  Brazil 2020-05-31   494076          512958     531840             26608            514849              29937        0         0
155  Brazil 2020-06-01   516818          536569     556320             27833            526447              31199        0         0
156  Brazil 2020-06-02   539941          560576     581211             29078            555383              32548        0         0
157  Brazil 2020-06-03   563395          584926     606457             30341            584016              34021        0         0
158  Brazil 2020-06-04   587124          609562     632000             31619            614932              35026        0         0
159  Brazil 2020-06-05   611069          634422     657775             32908            645762              35930        0         0
160  Brazil 2020-06-06   635172          659446     683720             34206            672837              36455        0         0
161  Brazil 2020-06-07   659370          684569     709768             35510            691758              37134        0         0
162  Brazil 2020-06-08   683600          709725     735850             36815            707412              38406        0         0
163  Brazil 2020-06-09   707800          734850     761900             38118            739503              38543        0         0
164  Brazil 2020-06-10   731908          759879     787850             39416            743047              38543        0         0
165  Brazil 2020-06-11   755860          784747     813634             40706                NA                 NA        0         0
166  Brazil 2020-06-12   779599          809393     839187             41984                NA                 NA        0         0
167  Brazil 2020-06-13   803064          833755     864446             43248                NA                 NA        0         0
168  Brazil 2020-06-14   826203          857778     889353             44494                NA                 NA        0         0
169  Brazil 2020-06-15   848960          881405     913850             45720                NA                 NA        0         0
170  Brazil 2020-06-16   871291          904589     937887             46922                NA                 NA        0         0
171  Brazil 2020-06-17   893148          927282     961416             48100                NA                 NA        0         0

Fontes:
	OMS - https://ourworldindata.org/coronavirus-source-data
	Worldometers - https://www.worldometers.info/coronavirus