
 Brazil 
Projecao:  7  dias
Gerado em:  2020-05-27 20:28:27
RMSE(%):  4.4 , BIAS(%): 1.07

Taxa de Mortalidade 6.22 %

    country       dias otimista casos_estimados pessimista estimativa_mortes casos_confirmados mortes_confirmadas latitude longitude
138  Brazil 2020-05-15   209730          219285     228840             13630            218223              15633        0         0
139  Brazil 2020-05-16   222533          232672     242811             14462            233142              16118        0         0
140  Brazil 2020-05-17   235869          246615     257361             15329            241080              16792        0         0
141  Brazil 2020-05-18   249729          261107     272485             16230            254220              17971        0         0
142  Brazil 2020-05-19   264104          276136     288168             17164            271628              18859        0         0
143  Brazil 2020-05-20   278974          291684     304394             18131            291579              20047        0         0
144  Brazil 2020-05-21   294324          307733     321142             19128            310087              21048        0         0
145  Brazil 2020-05-22   310127          324256     338385             20155            330890              22013        0         0
146  Brazil 2020-05-23   326356          341225     356094             21210            347398              22666        0         0
147  Brazil 2020-05-24   342980          358606     374232             22290            363211              23473        0         0
148  Brazil 2020-05-25   359961          376361     392761             23394            374898              24512        0         0
149  Brazil 2020-05-26   377260          394448     411636             24518            391222              25598        0         0
150  Brazil 2020-05-27   394834          412823     430812             25660            411821              25598        0         0
151  Brazil 2020-05-28   412636          431436     450236             26817                NA                 NA        0         0
152  Brazil 2020-05-29   430619          450238     469857             27986                NA                 NA        0         0
153  Brazil 2020-05-30   448731          469175     489619             29163                NA                 NA        0         0
154  Brazil 2020-05-31   466919          488192     509465             30345                NA                 NA        0         0
155  Brazil 2020-06-01   485131          507233     529335             31529                NA                 NA        0         0
156  Brazil 2020-06-02   503312          526243     549174             32710                NA                 NA        0         0
157  Brazil 2020-06-03   521411          545166     568921             33886                NA                 NA        0         0

Total de casos no mundo:  5780657 1952226 716087 1950083 1026155 126638 8747 721 5780657

Estimados a partir dos dados da OMS:
    day       date      x   xest
1     1 2019-12-30      0      8
2     2 2019-12-31      0      8
3     3 2020-01-01      0      9
4     4 2020-01-02      0     10
5     5 2020-01-03      0     10
6     6 2020-01-04      0     11
7     7 2020-01-05      0     12
8     8 2020-01-06      0     13
9     9 2020-01-07      0     14
10   10 2020-01-08      0     15
11   11 2020-01-09      0     17
12   12 2020-01-10      0     18
13   13 2020-01-11      0     19
14   14 2020-01-12      0     21
15   15 2020-01-13      0     22
16   16 2020-01-14      0     24
17   17 2020-01-15      0     26
18   18 2020-01-16      0     28
19   19 2020-01-17      0     31
20   20 2020-01-18      0     33
21   21 2020-01-19      0     36
22   22 2020-01-20      0     38
23   23 2020-01-21      0     42
24   24 2020-01-22      0     45
25   25 2020-01-23      0     48
26   26 2020-01-24      0     52
27   27 2020-01-25      0     56
28   28 2020-01-26      0     61
29   29 2020-01-27      0     66
30   30 2020-01-28      0     71
31   31 2020-01-29      0     77
32   32 2020-01-30      0     83
33   33 2020-01-31      0     89
34   34 2020-02-01      0     97
35   35 2020-02-02      0    104
36   36 2020-02-03      0    113
37   37 2020-02-04      0    122
38   38 2020-02-05      0    131
39   39 2020-02-06      0    142
40   40 2020-02-07      0    153
41   41 2020-02-08      0    165
42   42 2020-02-09      0    178
43   43 2020-02-10      0    193
44   44 2020-02-11      0    208
45   45 2020-02-12      0    224
46   46 2020-02-13      0    242
47   47 2020-02-14      0    262
48   48 2020-02-15      0    283
49   49 2020-02-16      0    305
50   50 2020-02-17      0    329
51   51 2020-02-18      0    356
52   52 2020-02-19      0    384
53   53 2020-02-20      0    415
54   54 2020-02-21      0    448
55   55 2020-02-22      0    483
56   56 2020-02-23      0    522
57   57 2020-02-24      0    563
58   58 2020-02-25      1    608
59   59 2020-02-26      1    657
60   60 2020-02-27      1    709
61   61 2020-02-28      1    765
62   62 2020-02-29      2    826
63   63 2020-03-01      2    892
64   64 2020-03-02      2    963
65   65 2020-03-03      2   1040
66   66 2020-03-04      3   1123
67   67 2020-03-05      8   1212
68   68 2020-03-06     13   1309
69   69 2020-03-07     13   1413
70   70 2020-03-08     25   1525
71   71 2020-03-09     25   1647
72   72 2020-03-10     34   1778
73   73 2020-03-11     52   1919
74   74 2020-03-12     77   2072
75   75 2020-03-13     98   2237
76   76 2020-03-14    121   2415
77   77 2020-03-15    200   2607
78   78 2020-03-16    234   2814
79   79 2020-03-17    291   3038
80   80 2020-03-18    428   3279
81   81 2020-03-19    621   3540
82   82 2020-03-20    904   3821
83   83 2020-03-21   1128   4124
84   84 2020-03-22   1546   4451
85   85 2020-03-23   1891   4805
86   86 2020-03-24   2201   5186
87   87 2020-03-25   2433   5597
88   88 2020-03-26   2915   6040
89   89 2020-03-27   3417   6519
90   90 2020-03-28   3904   7035
91   91 2020-03-29   4256   7591
92   92 2020-03-30   4579   8191
93   93 2020-03-31   5717   8839
94   94 2020-04-01   6836   9536
95   95 2020-04-02   7910  10289
96   96 2020-04-03   9056  11100
97   97 2020-04-04  10278  11974
98   98 2020-04-05  11130  12917
99   99 2020-04-06  12056  13932
100 100 2020-04-07  13717  15026
101 101 2020-04-08  15927  16204
102 102 2020-04-09  17857  17473
103 103 2020-04-10  19638  18840
104 104 2020-04-11  20727  20311
105 105 2020-04-12  22169  21895
106 106 2020-04-13  23430  23599
107 107 2020-04-14  25262  25432
108 108 2020-04-15  28320  27404
109 109 2020-04-16  30425  29524
110 110 2020-04-17  33682  31802
111 111 2020-04-18  36599  34250
112 112 2020-04-19  38654  36879
113 113 2020-04-20  40581  39702
114 114 2020-04-21  43079  42731
115 115 2020-04-22  45757  45980
116 116 2020-04-23  49492  49464
117 117 2020-04-24  52995  53196
118 118 2020-04-25  58509  57193
119 119 2020-04-26  61888  61470
120 120 2020-04-27  66501  66045
121 121 2020-04-28  71886  70934
122 122 2020-04-29  78162  76156
123 123 2020-04-30  85380  81728
124 124 2020-05-01  91589  87668
125 125 2020-05-02  96559  93996
126 126 2020-05-03 101147 100730
127 127 2020-05-04 107780 107888
128 128 2020-05-05 114715 115489
129 129 2020-05-06 125218 123551
130 130 2020-05-07 135106 132091
131 131 2020-05-08 145328 141126
132 132 2020-05-09 155939 150670
133 133 2020-05-10 162699 160738
134 134 2020-05-11 168331 171342
135 135 2020-05-12 177589 182492
136 136 2020-05-13 188974 194196
137 137 2020-05-14 202918 206460
138 138 2020-05-15 218223 219285
139 139 2020-05-16 233142 232672
140 140 2020-05-17 241080 246615
141 141 2020-05-18 254220 261107
142 142 2020-05-19 271628 276136
143 143 2020-05-20 291579 291684
144 144 2020-05-21 310087 307733
145 145 2020-05-22 330890 324256
146 146 2020-05-23 347398 341225
147 147 2020-05-24 363211 358606
148 148 2020-05-25 374898 376361
149 149 2020-05-26 391222 394448
150 150 2020-05-27 411821 412823

Intervalo de Confianca
             2.5%         97.5%
Asym 936071.51009 1059204.95154
xmid    153.13386     155.85419
scal     12.81088      13.26725


Formula: x ~ SSlogis(day, Asym, xmid, scal)

Parameters:
        Estimate  Std. Error t value            Pr(>|t|)    
Asym 993070.6630  31699.7453   31.33 <0.0000000000000002 ***
xmid    154.4382      0.7041  219.34 <0.0000000000000002 ***
scal     13.0366      0.1190  109.56 <0.0000000000000002 ***
---
Signif. codes:  0 ‘***’ 0.001 ‘**’ 0.01 ‘*’ 0.05 ‘.’ 0.1 ‘ ’ 1

Residual standard error: 2080 on 147 degrees of freedom

Number of iterations to convergence: 8 
Achieved convergence tolerance: 0.0000000149


Brazil: o primeiro caso foi registrado em 25/02/2020 na data 27/05/2020 temos 92 dias desde o primeiro caso. A data de pico prevista pelo modelo logístico é 28/07/2020 (dia 154 desde os primeiros casos relatados).
Em 28/07/2020 o modelo estima 993071+/-31700 casos. De acordo com o modelo ajustado temos 62 de infecçao pela frente.

Todos os dados gerados
    country       dias otimista casos_estimados pessimista estimativa_mortes casos_confirmados mortes_confirmadas latitude longitude
1    Brazil 2019-12-30        8               8          8                 0                 0                  0        0         0
2    Brazil 2019-12-31        8               8          8                 0                 0                  0        0         0
3    Brazil 2020-01-01        9               9          9                 1                 0                  0        0         0
4    Brazil 2020-01-02       10              10         10                 1                 0                  0        0         0
5    Brazil 2020-01-03       10              10         10                 1                 0                  0        0         0
6    Brazil 2020-01-04       11              11         11                 1                 0                  0        0         0
7    Brazil 2020-01-05       11              12         13                 1                 0                  0        0         0
8    Brazil 2020-01-06       12              13         14                 1                 0                  0        0         0
9    Brazil 2020-01-07       13              14         15                 1                 0                  0        0         0
10   Brazil 2020-01-08       14              15         16                 1                 0                  0        0         0
11   Brazil 2020-01-09       16              17         18                 1                 0                  0        0         0
12   Brazil 2020-01-10       17              18         19                 1                 0                  0        0         0
13   Brazil 2020-01-11       18              19         20                 1                 0                  0        0         0
14   Brazil 2020-01-12       20              21         22                 1                 0                  0        0         0
15   Brazil 2020-01-13       21              22         23                 1                 0                  0        0         0
16   Brazil 2020-01-14       23              24         25                 1                 0                  0        0         0
17   Brazil 2020-01-15       25              26         27                 2                 0                  0        0         0
18   Brazil 2020-01-16       27              28         29                 2                 0                  0        0         0
19   Brazil 2020-01-17       30              31         32                 2                 0                  0        0         0
20   Brazil 2020-01-18       32              33         34                 2                 0                  0        0         0
21   Brazil 2020-01-19       34              36         38                 2                 0                  0        0         0
22   Brazil 2020-01-20       36              38         40                 2                 0                  0        0         0
23   Brazil 2020-01-21       40              42         44                 3                 0                  0        0         0
24   Brazil 2020-01-22       43              45         47                 3                 0                  0        0         0
25   Brazil 2020-01-23       46              48         50                 3                 0                  0        0         0
26   Brazil 2020-01-24       50              52         54                 3                 0                  0        0         0
27   Brazil 2020-01-25       54              56         58                 3                 0                  0        0         0
28   Brazil 2020-01-26       58              61         64                 4                 0                  0        0         0
29   Brazil 2020-01-27       63              66         69                 4                 0                  0        0         0
30   Brazil 2020-01-28       68              71         74                 4                 0                  0        0         0
31   Brazil 2020-01-29       74              77         80                 5                 0                  0        0         0
32   Brazil 2020-01-30       79              83         87                 5                 0                  0        0         0
33   Brazil 2020-01-31       85              89         93                 6                 0                  0        0         0
34   Brazil 2020-02-01       93              97        101                 6                 0                  0        0         0
35   Brazil 2020-02-02       99             104        109                 6                 0                  0        0         0
36   Brazil 2020-02-03      108             113        118                 7                 0                  0        0         0
37   Brazil 2020-02-04      117             122        127                 8                 0                  0        0         0
38   Brazil 2020-02-05      125             131        137                 8                 0                  0        0         0
39   Brazil 2020-02-06      136             142        148                 9                 0                  0        0         0
40   Brazil 2020-02-07      146             153        160                10                 0                  0        0         0
41   Brazil 2020-02-08      158             165        172                10                 0                  0        0         0
42   Brazil 2020-02-09      170             178        186                11                 0                  0        0         0
43   Brazil 2020-02-10      185             193        201                12                 0                  0        0         0
44   Brazil 2020-02-11      199             208        217                13                 0                  0        0         0
45   Brazil 2020-02-12      214             224        234                14                 0                  0        0         0
46   Brazil 2020-02-13      231             242        253                15                 0                  0        0         0
47   Brazil 2020-02-14      251             262        273                16                 0                  0        0         0
48   Brazil 2020-02-15      271             283        295                18                 0                  0        0         0
49   Brazil 2020-02-16      292             305        318                19                 0                  0        0         0
50   Brazil 2020-02-17      315             329        343                20                 0                  0        0         0
51   Brazil 2020-02-18      340             356        372                22                 0                  0        0         0
52   Brazil 2020-02-19      367             384        401                24                 0                  0        0         0
53   Brazil 2020-02-20      397             415        433                26                 0                  0        0         0
54   Brazil 2020-02-21      428             448        468                28                 0                  0        0         0
55   Brazil 2020-02-22      462             483        504                30                 0                  0        0         0
56   Brazil 2020-02-23      499             522        545                32                 0                  0        0         0
57   Brazil 2020-02-24      538             563        588                35                 0                  0        0         0
58   Brazil 2020-02-25      582             608        634                38                 1                  0        0         0
59   Brazil 2020-02-26      628             657        686                41                 1                  0        0         0
60   Brazil 2020-02-27      678             709        740                44                 1                  0        0         0
61   Brazil 2020-02-28      732             765        798                48                 1                  0        0         0
62   Brazil 2020-02-29      790             826        862                51                 2                  0        0         0
63   Brazil 2020-03-01      853             892        931                55                 2                  0        0         0
64   Brazil 2020-03-02      921             963       1005                60                 2                  0        0         0
65   Brazil 2020-03-03      995            1040       1085                65                 2                  0        0         0
66   Brazil 2020-03-04     1074            1123       1172                70                 3                  0        0         0
67   Brazil 2020-03-05     1159            1212       1265                75                 8                  0        0         0
68   Brazil 2020-03-06     1252            1309       1366                81                13                  0        0         0
69   Brazil 2020-03-07     1351            1413       1475                88                13                  0        0         0
70   Brazil 2020-03-08     1459            1525       1591                95                25                  0        0         0
71   Brazil 2020-03-09     1575            1647       1719               102                25                  0        0         0
72   Brazil 2020-03-10     1701            1778       1855               111                34                  0        0         0
73   Brazil 2020-03-11     1835            1919       2003               119                52                  0        0         0
74   Brazil 2020-03-12     1982            2072       2162               129                77                  0        0         0
75   Brazil 2020-03-13     2140            2237       2334               139                98                  0        0         0
76   Brazil 2020-03-14     2310            2415       2520               150               121                  0        0         0
77   Brazil 2020-03-15     2493            2607       2721               162               200                  0        0         0
78   Brazil 2020-03-16     2691            2814       2937               175               234                  1        0         0
79   Brazil 2020-03-17     2906            3038       3170               189               291                  4        0         0
80   Brazil 2020-03-18     3136            3279       3422               204               428                  6        0         0
81   Brazil 2020-03-19     3386            3540       3694               220               621                 11        0         0
82   Brazil 2020-03-20     3655            3821       3987               238               904                 18        0         0
83   Brazil 2020-03-21     3944            4124       4304               256              1128                 25        0         0
84   Brazil 2020-03-22     4257            4451       4645               277              1546                 34        0         0
85   Brazil 2020-03-23     4596            4805       5014               299              1891                 46        0         0
86   Brazil 2020-03-24     4960            5186       5412               322              2201                 57        0         0
87   Brazil 2020-03-25     5353            5597       5841               348              2433                 77        0         0
88   Brazil 2020-03-26     5777            6040       6303               375              2915                 92        0         0
89   Brazil 2020-03-27     6235            6519       6803               405              3417                114        0         0
90   Brazil 2020-03-28     6728            7035       7342               437              3904                136        0         0
91   Brazil 2020-03-29     7260            7591       7922               472              4256                159        0         0
92   Brazil 2020-03-30     7834            8191       8548               509              4579                201        0         0
93   Brazil 2020-03-31     8454            8839       9224               549              5717                241        0         0
94   Brazil 2020-04-01     9120            9536       9952               593              6836                299        0         0
95   Brazil 2020-04-02     9841           10289      10737               640              7910                359        0         0
96   Brazil 2020-04-03    10616           11100      11584               690              9056                432        0         0
97   Brazil 2020-04-04    11452           11974      12496               744             10278                486        0         0
98   Brazil 2020-04-05    12354           12917      13480               803             11130                553        0         0
99   Brazil 2020-04-06    13325           13932      14539               866             12056                667        0         0
100  Brazil 2020-04-07    14371           15026      15681               934             13717                800        0         0
101  Brazil 2020-04-08    15498           16204      16910              1007             15927                941        0         0
102  Brazil 2020-04-09    16712           17473      18234              1086             17857               1056        0         0
103  Brazil 2020-04-10    18019           18840      19661              1171             19638               1124        0         0
104  Brazil 2020-04-11    19426           20311      21196              1262             20727               1223        0         0
105  Brazil 2020-04-12    20941           21895      22849              1361             22169               1328        0         0
106  Brazil 2020-04-13    22571           23599      24627              1467             23430               1532        0         0
107  Brazil 2020-04-14    24324           25432      26540              1581             25262               1736        0         0
108  Brazil 2020-04-15    26210           27404      28598              1703             28320               1924        0         0
109  Brazil 2020-04-16    28238           29524      30810              1835             30425               2141        0         0
110  Brazil 2020-04-17    30416           31802      33188              1977             33682               2347        0         0
111  Brazil 2020-04-18    32758           34250      35742              2129             36599               2462        0         0
112  Brazil 2020-04-19    35272           36879      38486              2292             38654               2575        0         0
113  Brazil 2020-04-20    37972           39702      41432              2468             40581               2741        0         0
114  Brazil 2020-04-21    40869           42731      44593              2656             43079               2906        0         0
115  Brazil 2020-04-22    43976           45980      47984              2858             45757               3313        0         0
116  Brazil 2020-04-23    47309           49464      51619              3075             49492               3670        0         0
117  Brazil 2020-04-24    50878           53196      55514              3307             52995               4016        0         0
118  Brazil 2020-04-25    54701           57193      59685              3555             58509               4205        0         0
119  Brazil 2020-04-26    58791           61470      64149              3821             61888               4543        0         0
120  Brazil 2020-04-27    63167           66045      68923              4105             66501               5017        0         0
121  Brazil 2020-04-28    67843           70934      74025              4409             71886               5466        0         0
122  Brazil 2020-04-29    72838           76156      79474              4734             78162               5901        0         0
123  Brazil 2020-04-30    78167           81728      85289              5080             85380               6329        0         0
124  Brazil 2020-05-01    83848           87668      91488              5449             91589               6750        0         0
125  Brazil 2020-05-02    89900           93996      98092              5843             96559               7025        0         0
126  Brazil 2020-05-03    96341          100730     105119              6261            101147               7321        0         0
127  Brazil 2020-05-04   103187          107888     112589              6706            107780               7921        0         0
128  Brazil 2020-05-05   110457          115489     120521              7179            114715               8536        0         0
129  Brazil 2020-05-06   118167          123551     128935              7680            125218               9146        0         0
130  Brazil 2020-05-07   126335          132091     137847              8211            135106               9897        0         0
131  Brazil 2020-05-08   134977          141126     147275              8772            145328              10627        0         0
132  Brazil 2020-05-09   144105          150670     157235              9365            155939              11123        0         0
133  Brazil 2020-05-10   153734          160738     167742              9991            162699              11519        0         0
134  Brazil 2020-05-11   163876          171342     178808             10650            168331              12400        0         0
135  Brazil 2020-05-12   174540          182492     190444             11343            177589              13149        0         0
136  Brazil 2020-05-13   185734          194196     202658             12071            188974              13993        0         0
137  Brazil 2020-05-14   197464          206460     215456             12833            202918              14817        0         0
138  Brazil 2020-05-15   209730          219285     228840             13630            218223              15633        0         0
139  Brazil 2020-05-16   222533          232672     242811             14462            233142              16118        0         0
140  Brazil 2020-05-17   235869          246615     257361             15329            241080              16792        0         0
141  Brazil 2020-05-18   249729          261107     272485             16230            254220              17971        0         0
142  Brazil 2020-05-19   264104          276136     288168             17164            271628              18859        0         0
143  Brazil 2020-05-20   278974          291684     304394             18131            291579              20047        0         0
144  Brazil 2020-05-21   294324          307733     321142             19128            310087              21048        0         0
145  Brazil 2020-05-22   310127          324256     338385             20155            330890              22013        0         0
146  Brazil 2020-05-23   326356          341225     356094             21210            347398              22666        0         0
147  Brazil 2020-05-24   342980          358606     374232             22290            363211              23473        0         0
148  Brazil 2020-05-25   359961          376361     392761             23394            374898              24512        0         0
149  Brazil 2020-05-26   377260          394448     411636             24518            391222              25598        0         0
150  Brazil 2020-05-27   394834          412823     430812             25660            411821              25598        0         0
151  Brazil 2020-05-28   412636          431436     450236             26817                NA                 NA        0         0
152  Brazil 2020-05-29   430619          450238     469857             27986                NA                 NA        0         0
153  Brazil 2020-05-30   448731          469175     489619             29163                NA                 NA        0         0
154  Brazil 2020-05-31   466919          488192     509465             30345                NA                 NA        0         0
155  Brazil 2020-06-01   485131          507233     529335             31529                NA                 NA        0         0
156  Brazil 2020-06-02   503312          526243     549174             32710                NA                 NA        0         0
157  Brazil 2020-06-03   521411          545166     568921             33886                NA                 NA        0         0

Fontes:
	OMS - https://ourworldindata.org/coronavirus-source-data
	Worldometers - https://www.worldometers.info/coronavirus