
 Italy 
Projecao:  7  dias
Gerado em:  2020-05-20 20:29:44
RMSE(%):  6.6 , BIAS(%): 1.47

Taxa de Mortalidade 14.22 %

    country       dias otimista casos_estimados pessimista estimativa_mortes casos_confirmados mortes_confirmadas latitude longitude
131   Italy 2020-05-08   201130          215242     229354             30606            217185              30395 41.87194  12.56738
132   Italy 2020-05-09   201677          215827     229977             30689            218268              30560 41.87194  12.56738
133   Italy 2020-05-10   202174          216359     230544             30765            219070              30739 41.87194  12.56738
134   Italy 2020-05-11   202627          216844     231061             30834            219814              30911 41.87194  12.56738
135   Italy 2020-05-12   203040          217285     231530             30897            221216              31106 41.87194  12.56738
136   Italy 2020-05-13   203414          217686     231958             30954            222104              31368 41.87194  12.56738
137   Italy 2020-05-14   203754          218050     232346             31006            223096              31610 41.87194  12.56738
138   Italy 2020-05-15   204065          218382     232699             31053            223885              31763 41.87194  12.56738
139   Italy 2020-05-16   204346          218683     233020             31096            224760              31908 41.87194  12.56738
140   Italy 2020-05-17   204601          218956     233311             31134            225435              32007 41.87194  12.56738
141   Italy 2020-05-18   204833          219204     233575             31170            225886              32169 41.87194  12.56738
142   Italy 2020-05-19   205043          219429     233815             31202            226699              32330 41.87194  12.56738
143   Italy 2020-05-20   205235          219634     234033             31231            227364              32330 41.87194  12.56738
144   Italy 2020-05-21   205407          219819     234231             31257                NA                 NA 41.87194  12.56738
145   Italy 2020-05-22   205564          219987     234410             31281                NA                 NA 41.87194  12.56738
146   Italy 2020-05-23   205707          220140     234573             31303                NA                 NA 41.87194  12.56738
147   Italy 2020-05-24   205836          220278     234720             31322                NA                 NA 41.87194  12.56738
148   Italy 2020-05-25   205954          220404     234854             31340                NA                 NA 41.87194  12.56738
149   Italy 2020-05-26   206061          220518     234975             31357                NA                 NA 41.87194  12.56738
150   Italy 2020-05-27   206157          220621     235085             31371                NA                 NA 41.87194  12.56738

Total de casos no mundo:  5079895 1761307 1830667 518310 863440 96764 8686 721 5079895

Estimados a partir dos dados da OMS:
    day       date      x   xest
1     1 2019-12-30      0     19
2     2 2019-12-31      0     21
3     3 2020-01-01      0     24
4     4 2020-01-02      0     26
5     5 2020-01-03      0     29
6     6 2020-01-04      0     32
7     7 2020-01-05      0     35
8     8 2020-01-06      0     39
9     9 2020-01-07      0     43
10   10 2020-01-08      0     47
11   11 2020-01-09      0     52
12   12 2020-01-10      0     58
13   13 2020-01-11      0     64
14   14 2020-01-12      0     70
15   15 2020-01-13      0     78
16   16 2020-01-14      0     86
17   17 2020-01-15      0     95
18   18 2020-01-16      0    104
19   19 2020-01-17      0    115
20   20 2020-01-18      0    127
21   21 2020-01-19      0    141
22   22 2020-01-20      0    155
23   23 2020-01-21      0    171
24   24 2020-01-22      0    189
25   25 2020-01-23      0    209
26   26 2020-01-24      0    230
27   27 2020-01-25      0    254
28   28 2020-01-26      0    281
29   29 2020-01-27      0    310
30   30 2020-01-28      0    342
31   31 2020-01-29      0    378
32   32 2020-01-30      3    417
33   33 2020-01-31      3    460
34   34 2020-02-01      3    508
35   35 2020-02-02      3    560
36   36 2020-02-03      3    619
37   37 2020-02-04      3    683
38   38 2020-02-05      3    753
39   39 2020-02-06      3    832
40   40 2020-02-07      3    918
41   41 2020-02-08      3   1013
42   42 2020-02-09      3   1117
43   43 2020-02-10      3   1233
44   44 2020-02-11      3   1360
45   45 2020-02-12      3   1501
46   46 2020-02-13      3   1656
47   47 2020-02-14      3   1826
48   48 2020-02-15      3   2015
49   49 2020-02-16      3   2222
50   50 2020-02-17      3   2450
51   51 2020-02-18      3   2702
52   52 2020-02-19      3   2979
53   53 2020-02-20      3   3284
54   54 2020-02-21     17   3620
55   55 2020-02-22     79   3990
56   56 2020-02-23    132   4397
57   57 2020-02-24    229   4844
58   58 2020-02-25    322   5335
59   59 2020-02-26    400   5875
60   60 2020-02-27    650   6469
61   61 2020-02-28    888   7120
62   62 2020-02-29   1128   7834
63   63 2020-03-01   1689   8617
64   64 2020-03-02   2036   9474
65   65 2020-03-03   2502  10413
66   66 2020-03-04   3089  11440
67   67 2020-03-05   3858  12562
68   68 2020-03-06   4636  13787
69   69 2020-03-07   5883  15123
70   70 2020-03-08   7375  16577
71   71 2020-03-09   9172  18160
72   72 2020-03-10  10149  19879
73   73 2020-03-11  12462  21743
74   74 2020-03-12  15113  23761
75   75 2020-03-13  17660  25943
76   76 2020-03-14  21157  28296
77   77 2020-03-15  23980  30829
78   78 2020-03-16  27980  33549
79   79 2020-03-17  31506  36464
80   80 2020-03-18  35713  39578
81   81 2020-03-19  41035  42897
82   82 2020-03-20  47021  46423
83   83 2020-03-21  53578  50157
84   84 2020-03-22  59138  54100
85   85 2020-03-23  63927  58247
86   86 2020-03-24  69176  62592
87   87 2020-03-25  74386  67129
88   88 2020-03-26  80539  71847
89   89 2020-03-27  86498  76731
90   90 2020-03-28  92472  81765
91   91 2020-03-29  97689  86932
92   92 2020-03-30 101739  92210
93   93 2020-03-31 105792  97577
94   94 2020-04-01 110574 103007
95   95 2020-04-02 115242 108475
96   96 2020-04-03 119827 113955
97   97 2020-04-04 124632 119419
98   98 2020-04-05 128948 124841
99   99 2020-04-06 132547 130196
100 100 2020-04-07 135586 135459
101 101 2020-04-08 139422 140608
102 102 2020-04-09 143626 145622
103 103 2020-04-10 147577 150482
104 104 2020-04-11 152271 155173
105 105 2020-04-12 156363 159682
106 106 2020-04-13 159516 163999
107 107 2020-04-14 162488 168116
108 108 2020-04-15 165155 172028
109 109 2020-04-16 168941 175731
110 110 2020-04-17 172434 179227
111 111 2020-04-18 175925 182515
112 112 2020-04-19 178972 185599
113 113 2020-04-20 181228 188485
114 114 2020-04-21 183957 191177
115 115 2020-04-22 187327 193683
116 116 2020-04-23 189973 196010
117 117 2020-04-24 192994 198167
118 118 2020-04-25 195351 200162
119 119 2020-04-26 197675 202004
120 120 2020-04-27 199414 203702
121 121 2020-04-28 201505 205265
122 122 2020-04-29 203591 206701
123 123 2020-04-30 205463 208020
124 124 2020-05-01 207428 209229
125 125 2020-05-02 209328 210337
126 126 2020-05-03 210717 211350
127 127 2020-05-04 211938 212277
128 128 2020-05-05 213013 213123
129 129 2020-05-06 214457 213895
130 130 2020-05-07 215858 214600
131 131 2020-05-08 217185 215242
132 132 2020-05-09 218268 215827
133 133 2020-05-10 219070 216359
134 134 2020-05-11 219814 216844
135 135 2020-05-12 221216 217285
136 136 2020-05-13 222104 217686
137 137 2020-05-14 223096 218050
138 138 2020-05-15 223885 218382
139 139 2020-05-16 224760 218683
140 140 2020-05-17 225435 218956
141 141 2020-05-18 225886 219204
142 142 2020-05-19 226699 219429
143 143 2020-05-20 227364 219634

Intervalo de Confianca
              2.5%        97.5%
Asym 218972.286935 224352.40271
xmid     94.914366     95.94879
scal      9.731093     10.49810


Formula: x ~ SSlogis(day, Asym, xmid, scal)

Parameters:
        Estimate  Std. Error t value            Pr(>|t|)    
Asym 221619.0323   1309.9019  169.19 <0.0000000000000002 ***
xmid     95.4260      0.2459  388.10 <0.0000000000000002 ***
scal     10.1091      0.1969   51.35 <0.0000000000000002 ***
---
Signif. codes:  0 ‘***’ 0.001 ‘**’ 0.01 ‘*’ 0.05 ‘.’ 0.1 ‘ ’ 1

Residual standard error: 4874 on 140 degrees of freedom

Number of iterations to convergence: 9 
Achieved convergence tolerance: 0.0000000149


Italy: o primeiro caso foi registrado em 30/01/2020 na data 20/05/2020 temos 111 dias desde o primeiro caso. A data de pico prevista pelo modelo logístico foi 04/05/2020 (dia 95 desde os primeiros casos relatados).
Em 04/05/2020 o modelo estimou 221619+/-1310 casos.

Todos os dados gerados
    country       dias otimista casos_estimados pessimista estimativa_mortes casos_confirmados mortes_confirmadas latitude longitude
1     Italy 2019-12-30       18              19         20                 3                 0                  0 41.87194  12.56738
2     Italy 2019-12-31       20              21         22                 3                 0                  0 41.87194  12.56738
3     Italy 2020-01-01       22              24         26                 3                 0                  0 41.87194  12.56738
4     Italy 2020-01-02       24              26         28                 4                 0                  0 41.87194  12.56738
5     Italy 2020-01-03       27              29         31                 4                 0                  0 41.87194  12.56738
6     Italy 2020-01-04       30              32         34                 5                 0                  0 41.87194  12.56738
7     Italy 2020-01-05       33              35         37                 5                 0                  0 41.87194  12.56738
8     Italy 2020-01-06       36              39         42                 6                 0                  0 41.87194  12.56738
9     Italy 2020-01-07       40              43         46                 6                 0                  0 41.87194  12.56738
10    Italy 2020-01-08       44              47         50                 7                 0                  0 41.87194  12.56738
11    Italy 2020-01-09       49              52         55                 7                 0                  0 41.87194  12.56738
12    Italy 2020-01-10       54              58         62                 8                 0                  0 41.87194  12.56738
13    Italy 2020-01-11       60              64         68                 9                 0                  0 41.87194  12.56738
14    Italy 2020-01-12       65              70         75                10                 0                  0 41.87194  12.56738
15    Italy 2020-01-13       73              78         83                11                 0                  0 41.87194  12.56738
16    Italy 2020-01-14       80              86         92                12                 0                  0 41.87194  12.56738
17    Italy 2020-01-15       89              95        101                14                 0                  0 41.87194  12.56738
18    Italy 2020-01-16       97             104        111                15                 0                  0 41.87194  12.56738
19    Italy 2020-01-17      107             115        123                16                 0                  0 41.87194  12.56738
20    Italy 2020-01-18      119             127        135                18                 0                  0 41.87194  12.56738
21    Italy 2020-01-19      132             141        150                20                 0                  0 41.87194  12.56738
22    Italy 2020-01-20      145             155        165                22                 0                  0 41.87194  12.56738
23    Italy 2020-01-21      160             171        182                24                 0                  0 41.87194  12.56738
24    Italy 2020-01-22      177             189        201                27                 0                  0 41.87194  12.56738
25    Italy 2020-01-23      195             209        223                30                 0                  0 41.87194  12.56738
26    Italy 2020-01-24      215             230        245                33                 0                  0 41.87194  12.56738
27    Italy 2020-01-25      237             254        271                36                 0                  0 41.87194  12.56738
28    Italy 2020-01-26      263             281        299                40                 0                  0 41.87194  12.56738
29    Italy 2020-01-27      290             310        330                44                 0                  0 41.87194  12.56738
30    Italy 2020-01-28      320             342        364                49                 0                  0 41.87194  12.56738
31    Italy 2020-01-29      353             378        403                54                 0                  0 41.87194  12.56738
32    Italy 2020-01-30      390             417        444                59                 3                  0 41.87194  12.56738
33    Italy 2020-01-31      430             460        490                65                 3                  0 41.87194  12.56738
34    Italy 2020-02-01      475             508        541                72                 3                  0 41.87194  12.56738
35    Italy 2020-02-02      523             560        597                80                 3                  0 41.87194  12.56738
36    Italy 2020-02-03      578             619        660                88                 3                  0 41.87194  12.56738
37    Italy 2020-02-04      638             683        728                97                 3                  0 41.87194  12.56738
38    Italy 2020-02-05      704             753        802               107                 3                  0 41.87194  12.56738
39    Italy 2020-02-06      777             832        887               118                 3                  0 41.87194  12.56738
40    Italy 2020-02-07      858             918        978               131                 3                  0 41.87194  12.56738
41    Italy 2020-02-08      947            1013       1079               144                 3                  0 41.87194  12.56738
42    Italy 2020-02-09     1044            1117       1190               159                 3                  0 41.87194  12.56738
43    Italy 2020-02-10     1152            1233       1314               175                 3                  0 41.87194  12.56738
44    Italy 2020-02-11     1271            1360       1449               193                 3                  0 41.87194  12.56738
45    Italy 2020-02-12     1403            1501       1599               213                 3                  0 41.87194  12.56738
46    Italy 2020-02-13     1547            1656       1765               235                 3                  0 41.87194  12.56738
47    Italy 2020-02-14     1706            1826       1946               260                 3                  0 41.87194  12.56738
48    Italy 2020-02-15     1883            2015       2147               287                 3                  0 41.87194  12.56738
49    Italy 2020-02-16     2076            2222       2368               316                 3                  0 41.87194  12.56738
50    Italy 2020-02-17     2289            2450       2611               348                 3                  0 41.87194  12.56738
51    Italy 2020-02-18     2525            2702       2879               384                 3                  0 41.87194  12.56738
52    Italy 2020-02-19     2784            2979       3174               424                 3                  0 41.87194  12.56738
53    Italy 2020-02-20     3069            3284       3499               467                 3                  0 41.87194  12.56738
54    Italy 2020-02-21     3383            3620       3857               515                17                  2 41.87194  12.56738
55    Italy 2020-02-22     3728            3990       4252               567                79                  2 41.87194  12.56738
56    Italy 2020-02-23     4109            4397       4685               625               132                  6 41.87194  12.56738
57    Italy 2020-02-24     4526            4844       5162               689               229                 11 41.87194  12.56738
58    Italy 2020-02-25     4985            5335       5685               759               322                 12 41.87194  12.56738
59    Italy 2020-02-26     5490            5875       6260               835               400                 17 41.87194  12.56738
60    Italy 2020-02-27     6045            6469       6893               920               650                 21 41.87194  12.56738
61    Italy 2020-02-28     6653            7120       7587              1012               888                 29 41.87194  12.56738
62    Italy 2020-02-29     7320            7834       8348              1114              1128                 35 41.87194  12.56738
63    Italy 2020-03-01     8052            8617       9182              1225              1689                 52 41.87194  12.56738
64    Italy 2020-03-02     8853            9474      10095              1347              2036                 80 41.87194  12.56738
65    Italy 2020-03-03     9730           10413      11096              1481              2502                107 41.87194  12.56738
66    Italy 2020-03-04    10690           11440      12190              1627              3089                148 41.87194  12.56738
67    Italy 2020-03-05    11738           12562      13386              1786              3858                197 41.87194  12.56738
68    Italy 2020-03-06    12883           13787      14691              1960              4636                233 41.87194  12.56738
69    Italy 2020-03-07    14132           15123      16114              2150              5883                366 41.87194  12.56738
70    Italy 2020-03-08    15490           16577      17664              2357              7375                464 41.87194  12.56738
71    Italy 2020-03-09    16969           18160      19351              2582              9172                631 41.87194  12.56738
72    Italy 2020-03-10    18576           19879      21182              2827             10149                827 41.87194  12.56738
73    Italy 2020-03-11    20317           21743      23169              3092             12462               1016 41.87194  12.56738
74    Italy 2020-03-12    22203           23761      25319              3379             15113               1268 41.87194  12.56738
75    Italy 2020-03-13    24242           25943      27644              3689             17660               1441 41.87194  12.56738
76    Italy 2020-03-14    26441           28296      30151              4024             21157               1811 41.87194  12.56738
77    Italy 2020-03-15    28808           30829      32850              4384             23980               2158 41.87194  12.56738
78    Italy 2020-03-16    31349           33549      35749              4770             27980               2505 41.87194  12.56738
79    Italy 2020-03-17    34073           36464      38855              5185             31506               2978 41.87194  12.56738
80    Italy 2020-03-18    36983           39578      42173              5628             35713               3407 41.87194  12.56738
81    Italy 2020-03-19    40085           42897      45709              6100             41035               4032 41.87194  12.56738
82    Italy 2020-03-20    43379           46423      49467              6601             47021               4827 41.87194  12.56738
83    Italy 2020-03-21    46869           50157      53445              7132             53578               5476 41.87194  12.56738
84    Italy 2020-03-22    50553           54100      57647              7693             59138               6077 41.87194  12.56738
85    Italy 2020-03-23    54428           58247      62066              8282             63927               6820 41.87194  12.56738
86    Italy 2020-03-24    58488           62592      66696              8900             69176               7505 41.87194  12.56738
87    Italy 2020-03-25    62728           67129      71530              9545             74386               8165 41.87194  12.56738
88    Italy 2020-03-26    67137           71847      76557             10216             80539               9136 41.87194  12.56738
89    Italy 2020-03-27    71700           76731      81762             10911             86498              10023 41.87194  12.56738
90    Italy 2020-03-28    76404           81765      87126             11627             92472              10781 41.87194  12.56738
91    Italy 2020-03-29    81233           86932      92631             12361             97689              11591 41.87194  12.56738
92    Italy 2020-03-30    86165           92210      98255             13112            101739              12430 41.87194  12.56738
93    Italy 2020-03-31    91180           97577     103974             13875            105792              13157 41.87194  12.56738
94    Italy 2020-04-01    96254          103007     109760             14647            110574              13917 41.87194  12.56738
95    Italy 2020-04-02   101363          108475     115587             15425            115242              14681 41.87194  12.56738
96    Italy 2020-04-03   106484          113955     121426             16204            119827              15362 41.87194  12.56738
97    Italy 2020-04-04   111590          119419     127248             16981            124632              15889 41.87194  12.56738
98    Italy 2020-04-05   116656          124841     133026             17752            128948              16525 41.87194  12.56738
99    Italy 2020-04-06   121660          130196     138732             18513            132547              17129 41.87194  12.56738
100   Italy 2020-04-07   126578          135459     144340             19262            135586              17669 41.87194  12.56738
101   Italy 2020-04-08   131390          140608     149826             19994            139422              18281 41.87194  12.56738
102   Italy 2020-04-09   136075          145622     155169             20707            143626              18851 41.87194  12.56738
103   Italy 2020-04-10   140616          150482     160348             21398            147577              19470 41.87194  12.56738
104   Italy 2020-04-11   145000          155173     165346             22065            152271              19901 41.87194  12.56738
105   Italy 2020-04-12   149213          159682     170151             22706            156363              20465 41.87194  12.56738
106   Italy 2020-04-13   153247          163999     174751             23320            159516              21069 41.87194  12.56738
107   Italy 2020-04-14   157094          168116     179138             23905            162488              21647 41.87194  12.56738
108   Italy 2020-04-15   160750          172028     183306             24462            165155              22172 41.87194  12.56738
109   Italy 2020-04-16   164210          175731     187252             24988            168941              22747 41.87194  12.56738
110   Italy 2020-04-17   167477          179227     190977             25485            172434              23227 41.87194  12.56738
111   Italy 2020-04-18   170549          182515     194481             25953            175925              23660 41.87194  12.56738
112   Italy 2020-04-19   173431          185599     197767             26391            178972              24114 41.87194  12.56738
113   Italy 2020-04-20   176128          188485     200842             26802            181228              24648 41.87194  12.56738
114   Italy 2020-04-21   178643          191177     203711             27184            183957              25085 41.87194  12.56738
115   Italy 2020-04-22   180985          193683     206381             27541            187327              25549 41.87194  12.56738
116   Italy 2020-04-23   183159          196010     208861             27872            189973              25969 41.87194  12.56738
117   Italy 2020-04-24   185175          198167     211159             28178            192994              26384 41.87194  12.56738
118   Italy 2020-04-25   187039          200162     213285             28462            195351              26644 41.87194  12.56738
119   Italy 2020-04-26   188760          202004     215248             28724            197675              26977 41.87194  12.56738
120   Italy 2020-04-27   190347          203702     217057             28965            199414              27359 41.87194  12.56738
121   Italy 2020-04-28   191808          205265     218722             29188            201505              27682 41.87194  12.56738
122   Italy 2020-04-29   193149          206701     220253             29392            203591              27967 41.87194  12.56738
123   Italy 2020-04-30   194382          208020     221658             29579            205463              28236 41.87194  12.56738
124   Italy 2020-05-01   195512          209229     222946             29751            207428              28710 41.87194  12.56738
125   Italy 2020-05-02   196547          210337     224127             29909            209328              28884 41.87194  12.56738
126   Italy 2020-05-03   197494          211350     225206             30053            210717              29079 41.87194  12.56738
127   Italy 2020-05-04   198360          212277     226194             30185            211938              29315 41.87194  12.56738
128   Italy 2020-05-05   199150          213123     227096             30305            213013              29684 41.87194  12.56738
129   Italy 2020-05-06   199872          213895     227918             30415            214457              29958 41.87194  12.56738
130   Italy 2020-05-07   200531          214600     228669             30515            215858              30201 41.87194  12.56738
131   Italy 2020-05-08   201130          215242     229354             30606            217185              30395 41.87194  12.56738
132   Italy 2020-05-09   201677          215827     229977             30689            218268              30560 41.87194  12.56738
133   Italy 2020-05-10   202174          216359     230544             30765            219070              30739 41.87194  12.56738
134   Italy 2020-05-11   202627          216844     231061             30834            219814              30911 41.87194  12.56738
135   Italy 2020-05-12   203040          217285     231530             30897            221216              31106 41.87194  12.56738
136   Italy 2020-05-13   203414          217686     231958             30954            222104              31368 41.87194  12.56738
137   Italy 2020-05-14   203754          218050     232346             31006            223096              31610 41.87194  12.56738
138   Italy 2020-05-15   204065          218382     232699             31053            223885              31763 41.87194  12.56738
139   Italy 2020-05-16   204346          218683     233020             31096            224760              31908 41.87194  12.56738
140   Italy 2020-05-17   204601          218956     233311             31134            225435              32007 41.87194  12.56738
141   Italy 2020-05-18   204833          219204     233575             31170            225886              32169 41.87194  12.56738
142   Italy 2020-05-19   205043          219429     233815             31202            226699              32330 41.87194  12.56738
143   Italy 2020-05-20   205235          219634     234033             31231            227364              32330 41.87194  12.56738
144   Italy 2020-05-21   205407          219819     234231             31257                NA                 NA 41.87194  12.56738
145   Italy 2020-05-22   205564          219987     234410             31281                NA                 NA 41.87194  12.56738
146   Italy 2020-05-23   205707          220140     234573             31303                NA                 NA 41.87194  12.56738
147   Italy 2020-05-24   205836          220278     234720             31322                NA                 NA 41.87194  12.56738
148   Italy 2020-05-25   205954          220404     234854             31340                NA                 NA 41.87194  12.56738
149   Italy 2020-05-26   206061          220518     234975             31357                NA                 NA 41.87194  12.56738
150   Italy 2020-05-27   206157          220621     235085             31371                NA                 NA 41.87194  12.56738

Fontes:
	OMS - https://ourworldindata.org/coronavirus-source-data
	Worldometers - https://www.worldometers.info/coronavirus