
 Brazil 
Projecao:  10  dias
Gerado em:  2020-07-27 19:42:13
RMSE(%):  5 , BIAS(%): 1.38

Taxa de Mortalidade 3.59 %

    country       dias otimista casos_estimados pessimista estimativa_mortes casos_confirmados mortes_confirmadas latitude longitude
202  Brazil 2020-07-18  1994828         2099546    2204264             75319           2074860              79488        0         0
203  Brazil 2020-07-19  2026514         2132896    2239278             76516           2098389              80120        0         0
204  Brazil 2020-07-20  2057569         2165581    2273593             77688           2118646              81487        0         0
205  Brazil 2020-07-21  2087970         2197578    2307186             78836           2159654              82771        0         0
206  Brazil 2020-07-22  2117701         2228870    2340039             79959           2227514              84082        0         0
207  Brazil 2020-07-23  2146746         2259439    2372132             81055           2287475              85238        0         0
208  Brazil 2020-07-24  2175091         2289272    2403453             82126           2343366              86449        0         0
209  Brazil 2020-07-25  2202725         2318357    2433989             83169           2394513              87004        0         0
210  Brazil 2020-07-26  2229641         2346686    2463731             84185           2419091              87618        0         0
211  Brazil 2020-07-27  2255832         2374252    2492672             85174           2442375              87618        0         0
212  Brazil 2020-07-28  2281295         2401051    2520807             86136                NA                 NA        0         0
213  Brazil 2020-07-29  2306026         2427081    2548136             87069                NA                 NA        0         0
214  Brazil 2020-07-30  2330028         2452343    2574658             87976                NA                 NA        0         0
215  Brazil 2020-07-31  2353301         2476837    2600373             88854                NA                 NA        0         0
216  Brazil 2020-08-01  2375848         2500568    2625288             89706                NA                 NA        0         0
217  Brazil 2020-08-02  2397676         2523542    2649408             90530                NA                 NA        0         0
218  Brazil 2020-08-03  2418792         2545766    2672740             91327                NA                 NA        0         0
219  Brazil 2020-08-04  2439202         2567248    2695294             92098                NA                 NA        0         0
220  Brazil 2020-08-05  2458916         2587997    2717078             92842                NA                 NA        0         0
221  Brazil 2020-08-06  2477946         2608026    2738106             93561                NA                 NA        0         0

Total de casos no mundo:  16612326 5186222 3775565 3971003 2799856 862295 16664 721 16612326

Estimados a partir dos dados da OMS:
    day       date       x    xest
1     1 2019-12-30       0     231
2     2 2019-12-31       0     243
3     3 2020-01-01       0     256
4     4 2020-01-02       0     269
5     5 2020-01-03       0     283
6     6 2020-01-04       0     298
7     7 2020-01-05       0     314
8     8 2020-01-06       0     330
9     9 2020-01-07       0     347
10   10 2020-01-08       0     365
11   11 2020-01-09       0     385
12   12 2020-01-10       0     405
13   13 2020-01-11       0     426
14   14 2020-01-12       0     448
15   15 2020-01-13       0     472
16   16 2020-01-14       0     497
17   17 2020-01-15       0     523
18   18 2020-01-16       0     550
19   19 2020-01-17       0     579
20   20 2020-01-18       0     609
21   21 2020-01-19       0     641
22   22 2020-01-20       0     675
23   23 2020-01-21       0     710
24   24 2020-01-22       0     748
25   25 2020-01-23       0     787
26   26 2020-01-24       0     828
27   27 2020-01-25       0     871
28   28 2020-01-26       0     917
29   29 2020-01-27       0     965
30   30 2020-01-28       0    1016
31   31 2020-01-29       0    1069
32   32 2020-01-30       0    1125
33   33 2020-01-31       0    1184
34   34 2020-02-01       0    1246
35   35 2020-02-02       0    1311
36   36 2020-02-03       0    1380
37   37 2020-02-04       0    1453
38   38 2020-02-05       0    1529
39   39 2020-02-06       0    1609
40   40 2020-02-07       0    1693
41   41 2020-02-08       0    1782
42   42 2020-02-09       0    1875
43   43 2020-02-10       0    1974
44   44 2020-02-11       0    2077
45   45 2020-02-12       0    2186
46   46 2020-02-13       0    2300
47   47 2020-02-14       0    2421
48   48 2020-02-15       0    2548
49   49 2020-02-16       0    2681
50   50 2020-02-17       0    2822
51   51 2020-02-18       0    2970
52   52 2020-02-19       0    3125
53   53 2020-02-20       0    3289
54   54 2020-02-21       0    3461
55   55 2020-02-22       0    3643
56   56 2020-02-23       0    3834
57   57 2020-02-24       0    4034
58   58 2020-02-25       1    4246
59   59 2020-02-26       1    4468
60   60 2020-02-27       1    4702
61   61 2020-02-28       1    4948
62   62 2020-02-29       2    5207
63   63 2020-03-01       2    5480
64   64 2020-03-02       2    5767
65   65 2020-03-03       2    6069
66   66 2020-03-04       3    6386
67   67 2020-03-05       8    6721
68   68 2020-03-06      13    7072
69   69 2020-03-07      13    7442
70   70 2020-03-08      25    7832
71   71 2020-03-09      25    8241
72   72 2020-03-10      34    8673
73   73 2020-03-11      52    9126
74   74 2020-03-12      77    9603
75   75 2020-03-13      98   10105
76   76 2020-03-14     121   10633
77   77 2020-03-15     200   11189
78   78 2020-03-16     234   11774
79   79 2020-03-17     291   12389
80   80 2020-03-18     428   13036
81   81 2020-03-19     621   13716
82   82 2020-03-20     904   14432
83   83 2020-03-21    1128   15186
84   84 2020-03-22    1546   15978
85   85 2020-03-23    1891   16811
86   86 2020-03-24    2201   17688
87   87 2020-03-25    2433   18610
88   88 2020-03-26    2915   19580
89   89 2020-03-27    3417   20600
90   90 2020-03-28    3904   21673
91   91 2020-03-29    4256   22801
92   92 2020-03-30    4579   23987
93   93 2020-03-31    5717   25235
94   94 2020-04-01    6836   26547
95   95 2020-04-02    7910   27927
96   96 2020-04-03    9056   29378
97   97 2020-04-04   10278   30903
98   98 2020-04-05   11130   32507
99   99 2020-04-06   12056   34192
100 100 2020-04-07   13717   35965
101 101 2020-04-08   15927   37828
102 102 2020-04-09   17857   39786
103 103 2020-04-10   19638   41844
104 104 2020-04-11   20727   44007
105 105 2020-04-12   22169   46281
106 106 2020-04-13   23430   48669
107 107 2020-04-14   25262   51179
108 108 2020-04-15   28320   53816
109 109 2020-04-16   30425   56587
110 110 2020-04-17   33682   59497
111 111 2020-04-18   36599   62554
112 112 2020-04-19   38654   65764
113 113 2020-04-20   40581   69136
114 114 2020-04-21   43079   72676
115 115 2020-04-22   45757   76392
116 116 2020-04-23   49492   80294
117 117 2020-04-24   52995   84389
118 118 2020-04-25   58509   88687
119 119 2020-04-26   61888   93197
120 120 2020-04-27   66501   97928
121 121 2020-04-28   71886  102892
122 122 2020-04-29   78162  108098
123 123 2020-04-30   85380  113557
124 124 2020-05-01   91589  119281
125 125 2020-05-02   96559  125281
126 126 2020-05-03  101147  131569
127 127 2020-05-04  107780  138158
128 128 2020-05-05  114715  145061
129 129 2020-05-06  125218  152291
130 130 2020-05-07  135106  159861
131 131 2020-05-08  145328  167785
132 132 2020-05-09  155939  176079
133 133 2020-05-10  162699  184757
134 134 2020-05-11  168331  193833
135 135 2020-05-12  177589  203324
136 136 2020-05-13  188974  213245
137 137 2020-05-14  202918  223612
138 138 2020-05-15  218223  234442
139 139 2020-05-16  233142  245750
140 140 2020-05-17  241080  257555
141 141 2020-05-18  254220  269872
142 142 2020-05-19  271628  282718
143 143 2020-05-20  291579  296112
144 144 2020-05-21  310087  310068
145 145 2020-05-22  330890  324606
146 146 2020-05-23  347398  339741
147 147 2020-05-24  363211  355489
148 148 2020-05-25  374898  371868
149 149 2020-05-26  391222  388893
150 150 2020-05-27  411821  406580
151 151 2020-05-28  438238  424943
152 152 2020-05-29  465166  443996
153 153 2020-05-30  498440  463754
154 154 2020-05-31  514849  484228
155 155 2020-06-01  526447  505429
156 156 2020-06-02  555383  527369
157 157 2020-06-03  584016  550057
158 158 2020-06-04  614932  573499
159 159 2020-06-05  645762  597702
160 160 2020-06-06  672837  622671
161 161 2020-06-07  691758  648408
162 162 2020-06-08  707412  674914
163 163 2020-06-09  739503  702189
164 164 2020-06-10  772416  730228
165 165 2020-06-11  802828  759026
166 166 2020-06-12  828810  788575
167 167 2020-06-13  850514  818865
168 168 2020-06-14  867624  849884
169 169 2020-06-15  888271  881614
170 170 2020-06-16  923189  914040
171 171 2020-06-17  955377  947139
172 172 2020-06-18  978142  980889
173 173 2020-06-19 1032913 1015264
174 174 2020-06-20 1067579 1050235
175 175 2020-06-21 1085038 1085770
176 176 2020-06-22 1106470 1121837
177 177 2020-06-23 1145906 1158398
178 178 2020-06-24 1188631 1195416
179 179 2020-06-25 1228114 1232849
180 180 2020-06-26 1274974 1270656
181 181 2020-06-27 1313667 1308791
182 182 2020-06-28 1344143 1347209
183 183 2020-06-29 1368195 1385862
184 184 2020-06-30 1402041 1424701
185 185 2020-07-01 1448753 1463677
186 186 2020-07-02 1496858 1502739
187 187 2020-07-03 1539081 1541836
188 188 2020-07-04 1577004 1580917
189 189 2020-07-05 1603055 1619932
190 190 2020-07-06 1623284 1658829
191 191 2020-07-07 1668589 1697558
192 192 2020-07-08 1713160 1736071
193 193 2020-07-09 1755779 1774320
194 194 2020-07-10 1800827 1812257
195 195 2020-07-11 1839850 1849838
196 196 2020-07-12 1864681 1887019
197 197 2020-07-13 1884967 1923759
198 198 2020-07-14 1926824 1960018
199 199 2020-07-15 1966748 1995760
200 200 2020-07-16 2012151 2030949
201 201 2020-07-17 2046328 2065554
202 202 2020-07-18 2074860 2099546
203 203 2020-07-19 2098389 2132896
204 204 2020-07-20 2118646 2165581
205 205 2020-07-21 2159654 2197578
206 206 2020-07-22 2227514 2228870
207 207 2020-07-23 2287475 2259439
208 208 2020-07-24 2343366 2289272
209 209 2020-07-25 2394513 2318357
210 210 2020-07-26 2419091 2346686
211 211 2020-07-27 2442375 2374252

Intervalo de Confianca
             2.5%         97.5%
Asym 2996685.7581 3126470.30295
xmid     185.7464     187.68135
scal      19.2032      19.92792


Formula: x ~ SSlogis(day, Asym, xmid, scal)

Parameters:
         Estimate   Std. Error t value            Pr(>|t|)    
Asym 3059463.6800   32865.3961   93.09 <0.0000000000000002 ***
xmid     186.6904       0.4899  381.09 <0.0000000000000002 ***
scal      19.5617       0.1891  103.45 <0.0000000000000002 ***
---
Signif. codes:  0 ‘***’ 0.001 ‘**’ 0.01 ‘*’ 0.05 ‘.’ 0.1 ‘ ’ 1

Residual standard error: 21310 on 208 degrees of freedom

Number of iterations to convergence: 7 
Achieved convergence tolerance: 0.0000000149


Brazil: o primeiro caso foi registrado em 25/02/2020 na data 27/07/2020 temos 153 dias desde o primeiro caso. A data de pico prevista pelo modelo logístico é 30/08/2020 (dia 187 desde os primeiros casos relatados).
Em 30/08/2020 o modelo estima 3059464+/-32865 casos. De acordo com o modelo ajustado temos 34 de infecçao pela frente.

Todos os dados gerados
    country       dias otimista casos_estimados pessimista estimativa_mortes casos_confirmados mortes_confirmadas latitude longitude
1    Brazil 2019-12-30      219             231        243                 8                 0                  0        0         0
2    Brazil 2019-12-31      231             243        255                 9                 0                  0        0         0
3    Brazil 2020-01-01      243             256        269                 9                 0                  0        0         0
4    Brazil 2020-01-02      256             269        282                10                 0                  0        0         0
5    Brazil 2020-01-03      269             283        297                10                 0                  0        0         0
6    Brazil 2020-01-04      283             298        313                11                 0                  0        0         0
7    Brazil 2020-01-05      298             314        330                11                 0                  0        0         0
8    Brazil 2020-01-06      314             330        346                12                 0                  0        0         0
9    Brazil 2020-01-07      330             347        364                12                 0                  0        0         0
10   Brazil 2020-01-08      347             365        383                13                 0                  0        0         0
11   Brazil 2020-01-09      366             385        404                14                 0                  0        0         0
12   Brazil 2020-01-10      385             405        425                15                 0                  0        0         0
13   Brazil 2020-01-11      405             426        447                15                 0                  0        0         0
14   Brazil 2020-01-12      426             448        470                16                 0                  0        0         0
15   Brazil 2020-01-13      448             472        496                17                 0                  0        0         0
16   Brazil 2020-01-14      472             497        522                18                 0                  0        0         0
17   Brazil 2020-01-15      497             523        549                19                 0                  0        0         0
18   Brazil 2020-01-16      523             550        577                20                 0                  0        0         0
19   Brazil 2020-01-17      550             579        608                21                 0                  0        0         0
20   Brazil 2020-01-18      579             609        639                22                 0                  0        0         0
21   Brazil 2020-01-19      609             641        673                23                 0                  0        0         0
22   Brazil 2020-01-20      641             675        709                24                 0                  0        0         0
23   Brazil 2020-01-21      675             710        745                25                 0                  0        0         0
24   Brazil 2020-01-22      711             748        785                27                 0                  0        0         0
25   Brazil 2020-01-23      748             787        826                28                 0                  0        0         0
26   Brazil 2020-01-24      787             828        869                30                 0                  0        0         0
27   Brazil 2020-01-25      828             871        914                31                 0                  0        0         0
28   Brazil 2020-01-26      871             917        963                33                 0                  0        0         0
29   Brazil 2020-01-27      917             965       1013                35                 0                  0        0         0
30   Brazil 2020-01-28      965            1016       1067                36                 0                  0        0         0
31   Brazil 2020-01-29     1016            1069       1122                38                 0                  0        0         0
32   Brazil 2020-01-30     1069            1125       1181                40                 0                  0        0         0
33   Brazil 2020-01-31     1125            1184       1243                42                 0                  0        0         0
34   Brazil 2020-02-01     1184            1246       1308                45                 0                  0        0         0
35   Brazil 2020-02-02     1246            1311       1376                47                 0                  0        0         0
36   Brazil 2020-02-03     1311            1380       1449                50                 0                  0        0         0
37   Brazil 2020-02-04     1381            1453       1525                52                 0                  0        0         0
38   Brazil 2020-02-05     1453            1529       1605                55                 0                  0        0         0
39   Brazil 2020-02-06     1529            1609       1689                58                 0                  0        0         0
40   Brazil 2020-02-07     1609            1693       1777                61                 0                  0        0         0
41   Brazil 2020-02-08     1693            1782       1871                64                 0                  0        0         0
42   Brazil 2020-02-09     1781            1875       1969                67                 0                  0        0         0
43   Brazil 2020-02-10     1876            1974       2072                71                 0                  0        0         0
44   Brazil 2020-02-11     1973            2077       2181                75                 0                  0        0         0
45   Brazil 2020-02-12     2077            2186       2295                78                 0                  0        0         0
46   Brazil 2020-02-13     2185            2300       2415                83                 0                  0        0         0
47   Brazil 2020-02-14     2300            2421       2542                87                 0                  0        0         0
48   Brazil 2020-02-15     2421            2548       2675                91                 0                  0        0         0
49   Brazil 2020-02-16     2547            2681       2815                96                 0                  0        0         0
50   Brazil 2020-02-17     2681            2822       2963               101                 0                  0        0         0
51   Brazil 2020-02-18     2822            2970       3118               107                 0                  0        0         0
52   Brazil 2020-02-19     2969            3125       3281               112                 0                  0        0         0
53   Brazil 2020-02-20     3125            3289       3453               118                 0                  0        0         0
54   Brazil 2020-02-21     3288            3461       3634               124                 0                  0        0         0
55   Brazil 2020-02-22     3461            3643       3825               131                 0                  0        0         0
56   Brazil 2020-02-23     3643            3834       4025               138                 0                  0        0         0
57   Brazil 2020-02-24     3833            4034       4235               145                 0                  0        0         0
58   Brazil 2020-02-25     4034            4246       4458               152                 1                  0        0         0
59   Brazil 2020-02-26     4245            4468       4691               160                 1                  0        0         0
60   Brazil 2020-02-27     4467            4702       4937               169                 1                  0        0         0
61   Brazil 2020-02-28     4701            4948       5195               178                 1                  0        0         0
62   Brazil 2020-02-29     4947            5207       5467               187                 2                  0        0         0
63   Brazil 2020-03-01     5207            5480       5753               197                 2                  0        0         0
64   Brazil 2020-03-02     5479            5767       6055               207                 2                  0        0         0
65   Brazil 2020-03-03     5766            6069       6372               218                 2                  0        0         0
66   Brazil 2020-03-04     6067            6386       6705               229                 3                  0        0         0
67   Brazil 2020-03-05     6386            6721       7056               241                 8                  0        0         0
68   Brazil 2020-03-06     6719            7072       7425               254                13                  0        0         0
69   Brazil 2020-03-07     7071            7442       7813               267                13                  0        0         0
70   Brazil 2020-03-08     7441            7832       8223               281                25                  0        0         0
71   Brazil 2020-03-09     7830            8241       8652               296                25                  0        0         0
72   Brazil 2020-03-10     8240            8673       9106               311                34                  0        0         0
73   Brazil 2020-03-11     8671            9126       9581               327                52                  0        0         0
74   Brazil 2020-03-12     9124            9603      10082               344                77                  0        0         0
75   Brazil 2020-03-13     9601           10105      10609               363                98                  0        0         0
76   Brazil 2020-03-14    10103           10633      11163               381               121                  0        0         0
77   Brazil 2020-03-15    10631           11189      11747               401               200                  0        0         0
78   Brazil 2020-03-16    11187           11774      12361               422               234                  1        0         0
79   Brazil 2020-03-17    11771           12389      13007               444               291                  4        0         0
80   Brazil 2020-03-18    12386           13036      13686               468               428                  6        0         0
81   Brazil 2020-03-19    13032           13716      14400               492               621                 11        0         0
82   Brazil 2020-03-20    13712           14432      15152               518               904                 18        0         0
83   Brazil 2020-03-21    14429           15186      15943               545              1128                 25        0         0
84   Brazil 2020-03-22    15181           15978      16775               573              1546                 34        0         0
85   Brazil 2020-03-23    15973           16811      17649               603              1891                 46        0         0
86   Brazil 2020-03-24    16806           17688      18570               635              2201                 57        0         0
87   Brazil 2020-03-25    17682           18610      19538               668              2433                 77        0         0
88   Brazil 2020-03-26    18603           19580      20557               702              2915                 92        0         0
89   Brazil 2020-03-27    19573           20600      21627               739              3417                114        0         0
90   Brazil 2020-03-28    20592           21673      22754               777              3904                136        0         0
91   Brazil 2020-03-29    21664           22801      23938               818              4256                159        0         0
92   Brazil 2020-03-30    22791           23987      25183               861              4579                201        0         0
93   Brazil 2020-03-31    23976           25235      26494               905              5717                241        0         0
94   Brazil 2020-04-01    25223           26547      27871               952              6836                299        0         0
95   Brazil 2020-04-02    26534           27927      29320              1002              7910                359        0         0
96   Brazil 2020-04-03    27913           29378      30843              1054              9056                432        0         0
97   Brazil 2020-04-04    29362           30903      32444              1109             10278                486        0         0
98   Brazil 2020-04-05    30886           32507      34128              1166             11130                553        0         0
99   Brazil 2020-04-06    32487           34192      35897              1227             12056                667        0         0
100  Brazil 2020-04-07    34171           35965      37759              1290             13717                800        0         0
101  Brazil 2020-04-08    35941           37828      39715              1357             15927                941        0         0
102  Brazil 2020-04-09    37802           39786      41770              1427             17857               1056        0         0
103  Brazil 2020-04-10    39757           41844      43931              1501             19638               1124        0         0
104  Brazil 2020-04-11    41812           44007      46202              1579             20727               1223        0         0
105  Brazil 2020-04-12    43973           46281      48589              1660             22169               1328        0         0
106  Brazil 2020-04-13    46242           48669      51096              1746             23430               1532        0         0
107  Brazil 2020-04-14    48626           51179      53732              1836             25262               1736        0         0
108  Brazil 2020-04-15    51132           53816      56500              1931             28320               1924        0         0
109  Brazil 2020-04-16    53765           56587      59409              2030             30425               2141        0         0
110  Brazil 2020-04-17    56529           59497      62465              2134             33682               2347        0         0
111  Brazil 2020-04-18    59434           62554      65674              2244             36599               2462        0         0
112  Brazil 2020-04-19    62484           65764      69044              2359             38654               2575        0         0
113  Brazil 2020-04-20    65688           69136      72584              2480             40581               2741        0         0
114  Brazil 2020-04-21    69051           72676      76301              2607             43079               2906        0         0
115  Brazil 2020-04-22    72582           76392      80202              2740             45757               3313        0         0
116  Brazil 2020-04-23    76289           80294      84299              2880             49492               3670        0         0
117  Brazil 2020-04-24    80180           84389      88598              3027             52995               4016        0         0
118  Brazil 2020-04-25    84264           88687      93110              3182             58509               4205        0         0
119  Brazil 2020-04-26    88549           93197      97845              3343             61888               4543        0         0
120  Brazil 2020-04-27    93044           97928     102812              3513             66501               5017        0         0
121  Brazil 2020-04-28    97760          102892     108024              3691             71886               5466        0         0
122  Brazil 2020-04-29   102706          108098     113490              3878             78162               5901        0         0
123  Brazil 2020-04-30   107893          113557     119221              4074             85380               6329        0         0
124  Brazil 2020-05-01   113332          119281     125230              4279             91589               6750        0         0
125  Brazil 2020-05-02   119032          125281     131530              4494             96559               7025        0         0
126  Brazil 2020-05-03   125007          131569     138131              4720            101147               7321        0         0
127  Brazil 2020-05-04   131267          138158     145049              4956            107780               7921        0         0
128  Brazil 2020-05-05   137826          145061     152296              5204            114715               8536        0         0
129  Brazil 2020-05-06   144695          152291     159887              5463            125218               9146        0         0
130  Brazil 2020-05-07   151888          159861     167834              5735            135106               9897        0         0
131  Brazil 2020-05-08   159416          167785     176154              6019            145328              10627        0         0
132  Brazil 2020-05-09   167297          176079     184861              6317            155939              11123        0         0
133  Brazil 2020-05-10   175542          184757     193972              6628            162699              11519        0         0
134  Brazil 2020-05-11   184165          193833     203501              6954            168331              12400        0         0
135  Brazil 2020-05-12   193183          203324     213465              7294            177589              13149        0         0
136  Brazil 2020-05-13   202609          213245     223881              7650            188974              13993        0         0
137  Brazil 2020-05-14   212459          223612     234765              8022            202918              14817        0         0
138  Brazil 2020-05-15   222749          234442     246135              8410            218223              15633        0         0
139  Brazil 2020-05-16   233493          245750     258007              8816            233142              16118        0         0
140  Brazil 2020-05-17   244709          257555     270401              9240            241080              16792        0         0
141  Brazil 2020-05-18   256412          269872     283332              9681            254220              17971        0         0
142  Brazil 2020-05-19   268617          282718     296819             10142            271628              18859        0         0
143  Brazil 2020-05-20   281343          296112     310881             10623            291579              20047        0         0
144  Brazil 2020-05-21   294603          310068     325533             11123            310087              21048        0         0
145  Brazil 2020-05-22   308416          324606     340796             11645            330890              22013        0         0
146  Brazil 2020-05-23   322796          339741     356686             12188            347398              22666        0         0
147  Brazil 2020-05-24   337758          355489     373220             12753            363211              23473        0         0
148  Brazil 2020-05-25   353320          371868     390416             13340            374898              24512        0         0
149  Brazil 2020-05-26   369496          388893     408290             13951            391222              25598        0         0
150  Brazil 2020-05-27   386301          406580     426859             14586            411821              26754        0         0
151  Brazil 2020-05-28   403748          424943     446138             15244            438238              27878        0         0
152  Brazil 2020-05-29   421851          443996     466141             15928            465166              28834        0         0
153  Brazil 2020-05-30   440624          463754     486884             16637            498440              29314        0         0
154  Brazil 2020-05-31   460076          484228     508380             17371            514849              29937        0         0
155  Brazil 2020-06-01   480220          505429     530638             18132            526447              31199        0         0
156  Brazil 2020-06-02   501066          527369     553672             18919            555383              32548        0         0
157  Brazil 2020-06-03   522622          550057     577492             19733            584016              34021        0         0
158  Brazil 2020-06-04   544895          573499     602103             20574            614932              35026        0         0
159  Brazil 2020-06-05   567891          597702     627513             21442            645762              35930        0         0
160  Brazil 2020-06-06   591614          622671     653728             22338            672837              36455        0         0
161  Brazil 2020-06-07   616068          648408     680748             23261            691758              37134        0         0
162  Brazil 2020-06-08   641252          674914     708576             24212            707412              38406        0         0
163  Brazil 2020-06-09   667166          702189     737212             25190            739503              39680        0         0
164  Brazil 2020-06-10   693807          730228     766649             26196            772416              40919        0         0
165  Brazil 2020-06-11   721168          759026     796884             27229            802828              41828        0         0
166  Brazil 2020-06-12   749244          788575     827906             28289            828810              42720        0         0
167  Brazil 2020-06-13   778023          818865     859707             29376            850514              43332        0         0
168  Brazil 2020-06-14   807495          849884     892273             30489            867624              43959        0         0
169  Brazil 2020-06-15   837642          881614     925586             31627            888271              45241        0         0
170  Brazil 2020-06-16   868451          914040     959629             32790            923189              46510        0         0
171  Brazil 2020-06-17   899899          947139     994379             33978            955377              47748        0         0
172  Brazil 2020-06-18   931966          980889    1029812             35189            978142              48954        0         0
173  Brazil 2020-06-19   964626         1015264    1065902             36422           1032913              49976        0         0
174  Brazil 2020-06-20   997853         1050235    1102617             37676           1067579              50617        0         0
175  Brazil 2020-06-21  1031615         1085770    1139925             38951           1085038              51271        0         0
176  Brazil 2020-06-22  1065884         1121837    1177790             40245           1106470              52645        0         0
177  Brazil 2020-06-23  1100621         1158398    1216175             41556           1145906              53830        0         0
178  Brazil 2020-06-24  1135793         1195416    1255039             42884           1188631              54971        0         0
179  Brazil 2020-06-25  1171359         1232849    1294339             44227           1228114              55961        0         0
180  Brazil 2020-06-26  1207280         1270656    1334032             45584           1274974              57070        0         0
181  Brazil 2020-06-27  1243513         1308791    1374069             46952           1313667              57622        0         0
182  Brazil 2020-06-28  1280015         1347209    1414403             48330           1344143              58314        0         0
183  Brazil 2020-06-29  1316740         1385862    1454984             49717           1368195              59594        0         0
184  Brazil 2020-06-30  1353642         1424701    1495760             51110           1402041              60632        0         0
185  Brazil 2020-07-01  1390674         1463677    1536680             52508           1448753              61884        0         0
186  Brazil 2020-07-02  1427787         1502739    1577691             53909           1496858              63174        0         0
187  Brazil 2020-07-03  1464934         1541836    1618738             55312           1539081              64265        0         0
188  Brazil 2020-07-04  1502066         1580917    1659768             56714           1577004              64867        0         0
189  Brazil 2020-07-05  1539135         1619932    1700729             58114           1603055              65487        0         0
190  Brazil 2020-07-06  1576092         1658829    1741566             59509           1623284              66741        0         0
191  Brazil 2020-07-07  1612890         1697558    1782226             60898           1668589              67964        0         0
192  Brazil 2020-07-08  1649482         1736071    1822660             62280           1713160              69184        0         0
193  Brazil 2020-07-09  1685823         1774320    1862817             63652           1755779              70398        0         0
194  Brazil 2020-07-10  1721868         1812257    1902646             65013           1800827              71469        0         0
195  Brazil 2020-07-11  1757574         1849838    1942102             66361           1839850              72100        0         0
196  Brazil 2020-07-12  1792901         1887019    1981137             67695           1864681              72833        0         0
197  Brazil 2020-07-13  1827808         1923759    2019710             69013           1884967              74133        0         0
198  Brazil 2020-07-14  1862259         1960018    2057777             70314           1926824              75366        0         0
199  Brazil 2020-07-15  1896218         1995760    2095302             71596           1966748              76688        0         0
200  Brazil 2020-07-16  1929652         2030949    2132246             72858           2012151              77851        0         0
201  Brazil 2020-07-17  1962531         2065554    2168577             74100           2046328              78772        0         0
202  Brazil 2020-07-18  1994828         2099546    2204264             75319           2074860              79488        0         0
203  Brazil 2020-07-19  2026514         2132896    2239278             76516           2098389              80120        0         0
204  Brazil 2020-07-20  2057569         2165581    2273593             77688           2118646              81487        0         0
205  Brazil 2020-07-21  2087970         2197578    2307186             78836           2159654              82771        0         0
206  Brazil 2020-07-22  2117701         2228870    2340039             79959           2227514              84082        0         0
207  Brazil 2020-07-23  2146746         2259439    2372132             81055           2287475              85238        0         0
208  Brazil 2020-07-24  2175091         2289272    2403453             82126           2343366              86449        0         0
209  Brazil 2020-07-25  2202725         2318357    2433989             83169           2394513              87004        0         0
210  Brazil 2020-07-26  2229641         2346686    2463731             84185           2419091              87618        0         0
211  Brazil 2020-07-27  2255832         2374252    2492672             85174           2442375              87618        0         0
212  Brazil 2020-07-28  2281295         2401051    2520807             86136                NA                 NA        0         0
213  Brazil 2020-07-29  2306026         2427081    2548136             87069                NA                 NA        0         0
214  Brazil 2020-07-30  2330028         2452343    2574658             87976                NA                 NA        0         0
215  Brazil 2020-07-31  2353301         2476837    2600373             88854                NA                 NA        0         0
216  Brazil 2020-08-01  2375848         2500568    2625288             89706                NA                 NA        0         0
217  Brazil 2020-08-02  2397676         2523542    2649408             90530                NA                 NA        0         0
218  Brazil 2020-08-03  2418792         2545766    2672740             91327                NA                 NA        0         0
219  Brazil 2020-08-04  2439202         2567248    2695294             92098                NA                 NA        0         0
220  Brazil 2020-08-05  2458916         2587997    2717078             92842                NA                 NA        0         0
221  Brazil 2020-08-06  2477946         2608026    2738106             93561                NA                 NA        0         0

Fontes:
	OMS - https://ourworldindata.org/coronavirus-source-data
	Worldometers - https://www.worldometers.info/coronavirus