
 Italy 
Projecao:  7  dias
Gerado em:  2020-06-03 11:23:08
RMSE(%):  5.9 , BIAS(%): 1.3

Taxa de Mortalidade 14.36 %

    country       dias otimista casos_estimados pessimista estimativa_mortes casos_confirmados mortes_confirmadas latitude longitude
145   Italy 2020-05-22   211945          225153     238361             32329            228658              32735 41.87194  12.56738
146   Italy 2020-05-23   212138          225358     238578             32359            229327              32785 41.87194  12.56738
147   Italy 2020-05-24   212314          225545     238776             32386            229858              32877 41.87194  12.56738
148   Italy 2020-05-25   212475          225716     238957             32410            230158              32955 41.87194  12.56738
149   Italy 2020-05-26   212621          225871     239121             32432            230555              33072 41.87194  12.56738
150   Italy 2020-05-27   212755          226013     239271             32453            231139              33142 41.87194  12.56738
151   Italy 2020-05-28   212876          226142     239408             32471            231732              33229 41.87194  12.56738
152   Italy 2020-05-29   212987          226260     239533             32488            232248              33340 41.87194  12.56738
153   Italy 2020-05-30   213088          226367     239646             32504            232664              33415 41.87194  12.56738
154   Italy 2020-05-31   213180          226465     239750             32518            233019              33475 41.87194  12.56738
155   Italy 2020-06-01   213264          226554     239844             32530            233197              33530 41.87194  12.56738
156   Italy 2020-06-02   213340          226635     239930             32542            233515              33530 41.87194  12.56738
157   Italy 2020-06-03   213410          226709     240008             32553            233515              33530 41.87194  12.56738
158   Italy 2020-06-04   213473          226776     240079             32562                NA                 NA 41.87194  12.56738
159   Italy 2020-06-05   213531          226837     240143             32571                NA                 NA 41.87194  12.56738
160   Italy 2020-06-06   213583          226893     240203             32579                NA                 NA 41.87194  12.56738
161   Italy 2020-06-07   213631          226944     240257             32586                NA                 NA 41.87194  12.56738
162   Italy 2020-06-08   213675          226990     240305             32593                NA                 NA 41.87194  12.56738
163   Italy 2020-06-09   213714          227032     240350             32599                NA                 NA 41.87194  12.56738
164   Italy 2020-06-10   213750          227070     240390             32605                NA                 NA 41.87194  12.56738

Total de casos no mundo:  6484776 2126715 947775 2024461 1215634 160631 8839 721 6484776

Estimados a partir dos dados da OMS:
    day       date      x   xest
1     1 2019-12-30      0     29
2     2 2019-12-31      0     32
3     3 2020-01-01      0     35
4     4 2020-01-02      0     39
5     5 2020-01-03      0     43
6     6 2020-01-04      0     47
7     7 2020-01-05      0     52
8     8 2020-01-06      0     57
9     9 2020-01-07      0     62
10   10 2020-01-08      0     68
11   11 2020-01-09      0     75
12   12 2020-01-10      0     83
13   13 2020-01-11      0     91
14   14 2020-01-12      0    100
15   15 2020-01-13      0    109
16   16 2020-01-14      0    120
17   17 2020-01-15      0    132
18   18 2020-01-16      0    145
19   19 2020-01-17      0    159
20   20 2020-01-18      0    175
21   21 2020-01-19      0    192
22   22 2020-01-20      0    211
23   23 2020-01-21      0    232
24   24 2020-01-22      0    255
25   25 2020-01-23      0    280
26   26 2020-01-24      0    307
27   27 2020-01-25      0    338
28   28 2020-01-26      0    371
29   29 2020-01-27      0    407
30   30 2020-01-28      0    447
31   31 2020-01-29      0    491
32   32 2020-01-30      3    540
33   33 2020-01-31      3    593
34   34 2020-02-01      3    651
35   35 2020-02-02      3    715
36   36 2020-02-03      3    785
37   37 2020-02-04      3    862
38   38 2020-02-05      3    947
39   39 2020-02-06      3   1040
40   40 2020-02-07      3   1142
41   41 2020-02-08      3   1254
42   42 2020-02-09      3   1377
43   43 2020-02-10      3   1511
44   44 2020-02-11      3   1659
45   45 2020-02-12      3   1822
46   46 2020-02-13      3   1999
47   47 2020-02-14      3   2195
48   48 2020-02-15      3   2409
49   49 2020-02-16      3   2643
50   50 2020-02-17      3   2901
51   51 2020-02-18      3   3182
52   52 2020-02-19      3   3491
53   53 2020-02-20      3   3830
54   54 2020-02-21     17   4200
55   55 2020-02-22     79   4606
56   56 2020-02-23    132   5049
57   57 2020-02-24    229   5535
58   58 2020-02-25    322   6066
59   59 2020-02-26    400   6646
60   60 2020-02-27    650   7280
61   61 2020-02-28    888   7973
62   62 2020-02-29   1128   8728
63   63 2020-03-01   1689   9553
64   64 2020-03-02   2036  10451
65   65 2020-03-03   2502  11429
66   66 2020-03-04   3089  12494
67   67 2020-03-05   3858  13651
68   68 2020-03-06   4636  14909
69   69 2020-03-07   5883  16273
70   70 2020-03-08   7375  17751
71   71 2020-03-09   9172  19352
72   72 2020-03-10  10149  21083
73   73 2020-03-11  12462  22951
74   74 2020-03-12  15113  24965
75   75 2020-03-13  17660  27132
76   76 2020-03-14  21157  29460
77   77 2020-03-15  23980  31955
78   78 2020-03-16  27980  34625
79   79 2020-03-17  31506  37476
80   80 2020-03-18  35713  40511
81   81 2020-03-19  41035  43736
82   82 2020-03-20  47021  47153
83   83 2020-03-21  53578  50764
84   84 2020-03-22  59138  54567
85   85 2020-03-23  63927  58560
86   86 2020-03-24  69176  62740
87   87 2020-03-25  74386  67099
88   88 2020-03-26  80539  71630
89   89 2020-03-27  86498  76321
90   90 2020-03-28  92472  81159
91   91 2020-03-29  97689  86129
92   92 2020-03-30 101739  91214
93   93 2020-03-31 105792  96394
94   94 2020-04-01 110574 101649
95   95 2020-04-02 115242 106957
96   96 2020-04-03 119827 112294
97   97 2020-04-04 124632 117638
98   98 2020-04-05 128948 122965
99   99 2020-04-06 132547 128251
100 100 2020-04-07 135586 133474
101 101 2020-04-08 139422 138612
102 102 2020-04-09 143626 143646
103 103 2020-04-10 147577 148557
104 104 2020-04-11 152271 153329
105 105 2020-04-12 156363 157947
106 106 2020-04-13 159516 162400
107 107 2020-04-14 162488 166677
108 108 2020-04-15 165155 170772
109 109 2020-04-16 168941 174677
110 110 2020-04-17 172434 178391
111 111 2020-04-18 175925 181912
112 112 2020-04-19 178972 185240
113 113 2020-04-20 181228 188377
114 114 2020-04-21 183957 191327
115 115 2020-04-22 187327 194093
116 116 2020-04-23 189973 196681
117 117 2020-04-24 192994 199099
118 118 2020-04-25 195351 201351
119 119 2020-04-26 197675 203446
120 120 2020-04-27 199414 205392
121 121 2020-04-28 201505 207195
122 122 2020-04-29 203591 208865
123 123 2020-04-30 205463 210408
124 124 2020-05-01 207428 211833
125 125 2020-05-02 209328 213147
126 126 2020-05-03 210717 214357
127 127 2020-05-04 211938 215470
128 128 2020-05-05 213013 216494
129 129 2020-05-06 214457 217435
130 130 2020-05-07 215858 218298
131 131 2020-05-08 217185 219090
132 132 2020-05-09 218268 219816
133 133 2020-05-10 219070 220480
134 134 2020-05-11 219814 221089
135 135 2020-05-12 221216 221646
136 136 2020-05-13 222104 222156
137 137 2020-05-14 223096 222621
138 138 2020-05-15 223885 223047
139 139 2020-05-16 224760 223436
140 140 2020-05-17 225435 223791
141 141 2020-05-18 225886 224116
142 142 2020-05-19 226699 224412
143 143 2020-05-20 227364 224682
144 144 2020-05-21 228006 224928
145 145 2020-05-22 228658 225153
146 146 2020-05-23 229327 225358
147 147 2020-05-24 229858 225545
148 148 2020-05-25 230158 225716
149 149 2020-05-26 230555 225871
150 150 2020-05-27 231139 226013
151 151 2020-05-28 231732 226142
152 152 2020-05-29 232248 226260
153 153 2020-05-30 232664 226367
154 154 2020-05-31 233019 226465
155 155 2020-06-01 233197 226554
156 156 2020-06-02 233515 226635
157 157 2020-06-03 233515 226709

Intervalo de Confianca
             2.5%        97.5%
Asym 225296.98190 229669.49706
xmid     95.78030     96.76359
scal     10.26123     11.02481


Formula: x ~ SSlogis(day, Asym, xmid, scal)

Parameters:
        Estimate  Std. Error t value            Pr(>|t|)    
Asym 227460.4955   1069.4845  212.68 <0.0000000000000002 ***
xmid     96.2686      0.2355  408.74 <0.0000000000000002 ***
scal     10.6383      0.1955   54.42 <0.0000000000000002 ***
---
Signif. codes:  0 ‘***’ 0.001 ‘**’ 0.01 ‘*’ 0.05 ‘.’ 0.1 ‘ ’ 1

Residual standard error: 5190 on 154 degrees of freedom

Number of iterations to convergence: 9 
Achieved convergence tolerance: 0.0000000149


Italy: o primeiro caso foi registrado em 30/01/2020 na data 03/06/2020 temos 125 dias desde o primeiro caso. A data de pico prevista pelo modelo logístico foi 05/05/2020 (dia 96 desde os primeiros casos relatados).
Em 05/05/2020 o modelo estimou 227460+/-1069 casos.

Todos os dados gerados
    country       dias otimista casos_estimados pessimista estimativa_mortes casos_confirmados mortes_confirmadas latitude longitude
1     Italy 2019-12-30       27              29         31                 4                 0                  0 41.87194  12.56738
2     Italy 2019-12-31       30              32         34                 5                 0                  0 41.87194  12.56738
3     Italy 2020-01-01       33              35         37                 5                 0                  0 41.87194  12.56738
4     Italy 2020-01-02       37              39         41                 6                 0                  0 41.87194  12.56738
5     Italy 2020-01-03       40              43         46                 6                 0                  0 41.87194  12.56738
6     Italy 2020-01-04       44              47         50                 7                 0                  0 41.87194  12.56738
7     Italy 2020-01-05       49              52         55                 7                 0                  0 41.87194  12.56738
8     Italy 2020-01-06       54              57         60                 8                 0                  0 41.87194  12.56738
9     Italy 2020-01-07       58              62         66                 9                 0                  0 41.87194  12.56738
10    Italy 2020-01-08       64              68         72                10                 0                  0 41.87194  12.56738
11    Italy 2020-01-09       71              75         79                11                 0                  0 41.87194  12.56738
12    Italy 2020-01-10       78              83         88                12                 0                  0 41.87194  12.56738
13    Italy 2020-01-11       86              91         96                13                 0                  0 41.87194  12.56738
14    Italy 2020-01-12       94             100        106                14                 0                  0 41.87194  12.56738
15    Italy 2020-01-13      103             109        115                16                 0                  0 41.87194  12.56738
16    Italy 2020-01-14      113             120        127                17                 0                  0 41.87194  12.56738
17    Italy 2020-01-15      124             132        140                19                 0                  0 41.87194  12.56738
18    Italy 2020-01-16      136             145        154                21                 0                  0 41.87194  12.56738
19    Italy 2020-01-17      150             159        168                23                 0                  0 41.87194  12.56738
20    Italy 2020-01-18      165             175        185                25                 0                  0 41.87194  12.56738
21    Italy 2020-01-19      181             192        203                28                 0                  0 41.87194  12.56738
22    Italy 2020-01-20      199             211        223                30                 0                  0 41.87194  12.56738
23    Italy 2020-01-21      218             232        246                33                 0                  0 41.87194  12.56738
24    Italy 2020-01-22      240             255        270                37                 0                  0 41.87194  12.56738
25    Italy 2020-01-23      264             280        296                40                 0                  0 41.87194  12.56738
26    Italy 2020-01-24      289             307        325                44                 0                  0 41.87194  12.56738
27    Italy 2020-01-25      318             338        358                49                 0                  0 41.87194  12.56738
28    Italy 2020-01-26      349             371        393                53                 0                  0 41.87194  12.56738
29    Italy 2020-01-27      383             407        431                58                 0                  0 41.87194  12.56738
30    Italy 2020-01-28      421             447        473                64                 0                  0 41.87194  12.56738
31    Italy 2020-01-29      462             491        520                71                 0                  0 41.87194  12.56738
32    Italy 2020-01-30      508             540        572                78                 3                  0 41.87194  12.56738
33    Italy 2020-01-31      558             593        628                85                 3                  0 41.87194  12.56738
34    Italy 2020-02-01      613             651        689                93                 3                  0 41.87194  12.56738
35    Italy 2020-02-02      673             715        757               103                 3                  0 41.87194  12.56738
36    Italy 2020-02-03      739             785        831               113                 3                  0 41.87194  12.56738
37    Italy 2020-02-04      811             862        913               124                 3                  0 41.87194  12.56738
38    Italy 2020-02-05      891             947       1003               136                 3                  0 41.87194  12.56738
39    Italy 2020-02-06      979            1040       1101               149                 3                  0 41.87194  12.56738
40    Italy 2020-02-07     1075            1142       1209               164                 3                  0 41.87194  12.56738
41    Italy 2020-02-08     1180            1254       1328               180                 3                  0 41.87194  12.56738
42    Italy 2020-02-09     1296            1377       1458               198                 3                  0 41.87194  12.56738
43    Italy 2020-02-10     1422            1511       1600               217                 3                  0 41.87194  12.56738
44    Italy 2020-02-11     1562            1659       1756               238                 3                  0 41.87194  12.56738
45    Italy 2020-02-12     1715            1822       1929               262                 3                  0 41.87194  12.56738
46    Italy 2020-02-13     1882            1999       2116               287                 3                  0 41.87194  12.56738
47    Italy 2020-02-14     2066            2195       2324               315                 3                  0 41.87194  12.56738
48    Italy 2020-02-15     2268            2409       2550               346                 3                  0 41.87194  12.56738
49    Italy 2020-02-16     2488            2643       2798               380                 3                  0 41.87194  12.56738
50    Italy 2020-02-17     2731            2901       3071               417                 3                  0 41.87194  12.56738
51    Italy 2020-02-18     2995            3182       3369               457                 3                  0 41.87194  12.56738
52    Italy 2020-02-19     3286            3491       3696               501                 3                  0 41.87194  12.56738
53    Italy 2020-02-20     3605            3830       4055               550                 3                  0 41.87194  12.56738
54    Italy 2020-02-21     3954            4200       4446               603                17                  2 41.87194  12.56738
55    Italy 2020-02-22     4336            4606       4876               661                79                  2 41.87194  12.56738
56    Italy 2020-02-23     4753            5049       5345               725               132                  6 41.87194  12.56738
57    Italy 2020-02-24     5210            5535       5860               795               229                 11 41.87194  12.56738
58    Italy 2020-02-25     5710            6066       6422               871               322                 12 41.87194  12.56738
59    Italy 2020-02-26     6256            6646       7036               954               400                 17 41.87194  12.56738
60    Italy 2020-02-27     6853            7280       7707              1045               650                 21 41.87194  12.56738
61    Italy 2020-02-28     7505            7973       8441              1145               888                 29 41.87194  12.56738
62    Italy 2020-02-29     8216            8728       9240              1253              1128                 35 41.87194  12.56738
63    Italy 2020-03-01     8993            9553      10113              1372              1689                 52 41.87194  12.56738
64    Italy 2020-03-02     9838           10451      11064              1501              2036                 80 41.87194  12.56738
65    Italy 2020-03-03    10759           11429      12099              1641              2502                107 41.87194  12.56738
66    Italy 2020-03-04    11761           12494      13227              1794              3089                148 41.87194  12.56738
67    Italy 2020-03-05    12850           13651      14452              1960              3858                197 41.87194  12.56738
68    Italy 2020-03-06    14034           14909      15784              2141              4636                233 41.87194  12.56738
69    Italy 2020-03-07    15318           16273      17228              2337              5883                366 41.87194  12.56738
70    Italy 2020-03-08    16710           17751      18792              2549              7375                464 41.87194  12.56738
71    Italy 2020-03-09    18217           19352      20487              2779              9172                631 41.87194  12.56738
72    Italy 2020-03-10    19846           21083      22320              3027             10149                827 41.87194  12.56738
73    Italy 2020-03-11    21605           22951      24297              3295             12462               1016 41.87194  12.56738
74    Italy 2020-03-12    23501           24965      26429              3585             15113               1268 41.87194  12.56738
75    Italy 2020-03-13    25540           27132      28724              3896             17660               1441 41.87194  12.56738
76    Italy 2020-03-14    27732           29460      31188              4230             21157               1811 41.87194  12.56738
77    Italy 2020-03-15    30080           31955      33830              4588             23980               2158 41.87194  12.56738
78    Italy 2020-03-16    32594           34625      36656              4972             27980               2505 41.87194  12.56738
79    Italy 2020-03-17    35278           37476      39674              5381             31506               2978 41.87194  12.56738
80    Italy 2020-03-18    38135           40511      42887              5817             35713               3407 41.87194  12.56738
81    Italy 2020-03-19    41170           43736      46302              6280             41035               4032 41.87194  12.56738
82    Italy 2020-03-20    44387           47153      49919              6771             47021               4827 41.87194  12.56738
83    Italy 2020-03-21    47786           50764      53742              7289             53578               5476 41.87194  12.56738
84    Italy 2020-03-22    51366           54567      57768              7835             59138               6077 41.87194  12.56738
85    Italy 2020-03-23    55125           58560      61995              8409             63927               6820 41.87194  12.56738
86    Italy 2020-03-24    59060           62740      66420              9009             69176               7505 41.87194  12.56738
87    Italy 2020-03-25    63163           67099      71035              9635             74386               8165 41.87194  12.56738
88    Italy 2020-03-26    67428           71630      75832             10285             80539               9136 41.87194  12.56738
89    Italy 2020-03-27    71844           76321      80798             10959             86498              10023 41.87194  12.56738
90    Italy 2020-03-28    76398           81159      85920             11653             92472              10781 41.87194  12.56738
91    Italy 2020-03-29    81077           86129      91181             12367             97689              11591 41.87194  12.56738
92    Italy 2020-03-30    85863           91214      96565             13097            101739              12430 41.87194  12.56738
93    Italy 2020-03-31    90739           96394     102049             13841            105792              13157 41.87194  12.56738
94    Italy 2020-04-01    95686          101649     107612             14596            110574              13917 41.87194  12.56738
95    Italy 2020-04-02   100683          106957     113231             15358            115242              14681 41.87194  12.56738
96    Italy 2020-04-03   105707          112294     118881             16124            119827              15362 41.87194  12.56738
97    Italy 2020-04-04   110737          117638     124539             16891            124632              15889 41.87194  12.56738
98    Italy 2020-04-05   115752          122965     130178             17656            128948              16525 41.87194  12.56738
99    Italy 2020-04-06   120728          128251     135774             18415            132547              17129 41.87194  12.56738
100   Italy 2020-04-07   125644          133474     141304             19165            135586              17669 41.87194  12.56738
101   Italy 2020-04-08   130481          138612     146743             19903            139422              18281 41.87194  12.56738
102   Italy 2020-04-09   135220          143646     152072             20626            143626              18851 41.87194  12.56738
103   Italy 2020-04-10   139843          148557     157271             21331            147577              19470 41.87194  12.56738
104   Italy 2020-04-11   144335          153329     162323             22016            152271              19901 41.87194  12.56738
105   Italy 2020-04-12   148682          157947     167212             22679            156363              20465 41.87194  12.56738
106   Italy 2020-04-13   152873          162400     171927             23319            159516              21069 41.87194  12.56738
107   Italy 2020-04-14   156900          166677     176454             23933            162488              21647 41.87194  12.56738
108   Italy 2020-04-15   160754          170772     180790             24521            165155              22172 41.87194  12.56738
109   Italy 2020-04-16   164430          174677     184924             25082            168941              22747 41.87194  12.56738
110   Italy 2020-04-17   167926          178391     188856             25615            172434              23227 41.87194  12.56738
111   Italy 2020-04-18   171241          181912     192583             26120            175925              23660 41.87194  12.56738
112   Italy 2020-04-19   174374          185240     196106             26598            178972              24114 41.87194  12.56738
113   Italy 2020-04-20   177327          188377     199427             27049            181228              24648 41.87194  12.56738
114   Italy 2020-04-21   180104          191327     202550             27472            183957              25085 41.87194  12.56738
115   Italy 2020-04-22   182707          194093     205479             27869            187327              25549 41.87194  12.56738
116   Italy 2020-04-23   185144          196681     208218             28241            189973              25969 41.87194  12.56738
117   Italy 2020-04-24   187420          199099     210778             28588            192994              26384 41.87194  12.56738
118   Italy 2020-04-25   189540          201351     213162             28912            195351              26644 41.87194  12.56738
119   Italy 2020-04-26   191512          203446     215380             29212            197675              26977 41.87194  12.56738
120   Italy 2020-04-27   193344          205392     217440             29492            199414              27359 41.87194  12.56738
121   Italy 2020-04-28   195041          207195     219349             29751            201505              27682 41.87194  12.56738
122   Italy 2020-04-29   196613          208865     221117             29991            203591              27967 41.87194  12.56738
123   Italy 2020-04-30   198065          210408     222751             30212            205463              28236 41.87194  12.56738
124   Italy 2020-05-01   199407          211833     224259             30417            207428              28710 41.87194  12.56738
125   Italy 2020-05-02   200644          213147     225650             30605            209328              28884 41.87194  12.56738
126   Italy 2020-05-03   201783          214357     226931             30779            210717              29079 41.87194  12.56738
127   Italy 2020-05-04   202830          215470     228110             30939            211938              29315 41.87194  12.56738
128   Italy 2020-05-05   203794          216494     229194             31086            213013              29684 41.87194  12.56738
129   Italy 2020-05-06   204680          217435     230190             31221            214457              29958 41.87194  12.56738
130   Italy 2020-05-07   205492          218298     231104             31345            215858              30201 41.87194  12.56738
131   Italy 2020-05-08   206238          219090     231942             31459            217185              30395 41.87194  12.56738
132   Italy 2020-05-09   206921          219816     232711             31563            218268              30560 41.87194  12.56738
133   Italy 2020-05-10   207546          220480     233414             31658            219070              30739 41.87194  12.56738
134   Italy 2020-05-11   208120          221089     234058             31746            219814              30911 41.87194  12.56738
135   Italy 2020-05-12   208644          221646     234648             31826            221216              31106 41.87194  12.56738
136   Italy 2020-05-13   209124          222156     235188             31899            222104              31368 41.87194  12.56738
137   Italy 2020-05-14   209562          222621     235680             31966            223096              31610 41.87194  12.56738
138   Italy 2020-05-15   209963          223047     236131             32027            223885              31763 41.87194  12.56738
139   Italy 2020-05-16   210329          223436     236543             32083            224760              31908 41.87194  12.56738
140   Italy 2020-05-17   210663          223791     236919             32134            225435              32007 41.87194  12.56738
141   Italy 2020-05-18   210969          224116     237263             32180            225886              32169 41.87194  12.56738
142   Italy 2020-05-19   211248          224412     237576             32223            226699              32330 41.87194  12.56738
143   Italy 2020-05-20   211502          224682     237862             32262            227364              32486 41.87194  12.56738
144   Italy 2020-05-21   211734          224928     238122             32297            228006              32616 41.87194  12.56738
145   Italy 2020-05-22   211945          225153     238361             32329            228658              32735 41.87194  12.56738
146   Italy 2020-05-23   212138          225358     238578             32359            229327              32785 41.87194  12.56738
147   Italy 2020-05-24   212314          225545     238776             32386            229858              32877 41.87194  12.56738
148   Italy 2020-05-25   212475          225716     238957             32410            230158              32955 41.87194  12.56738
149   Italy 2020-05-26   212621          225871     239121             32432            230555              33072 41.87194  12.56738
150   Italy 2020-05-27   212755          226013     239271             32453            231139              33142 41.87194  12.56738
151   Italy 2020-05-28   212876          226142     239408             32471            231732              33229 41.87194  12.56738
152   Italy 2020-05-29   212987          226260     239533             32488            232248              33340 41.87194  12.56738
153   Italy 2020-05-30   213088          226367     239646             32504            232664              33415 41.87194  12.56738
154   Italy 2020-05-31   213180          226465     239750             32518            233019              33475 41.87194  12.56738
155   Italy 2020-06-01   213264          226554     239844             32530            233197              33530 41.87194  12.56738
156   Italy 2020-06-02   213340          226635     239930             32542            233515              33530 41.87194  12.56738
157   Italy 2020-06-03   213410          226709     240008             32553            233515              33530 41.87194  12.56738
158   Italy 2020-06-04   213473          226776     240079             32562                NA                 NA 41.87194  12.56738
159   Italy 2020-06-05   213531          226837     240143             32571                NA                 NA 41.87194  12.56738
160   Italy 2020-06-06   213583          226893     240203             32579                NA                 NA 41.87194  12.56738
161   Italy 2020-06-07   213631          226944     240257             32586                NA                 NA 41.87194  12.56738
162   Italy 2020-06-08   213675          226990     240305             32593                NA                 NA 41.87194  12.56738
163   Italy 2020-06-09   213714          227032     240350             32599                NA                 NA 41.87194  12.56738
164   Italy 2020-06-10   213750          227070     240390             32605                NA                 NA 41.87194  12.56738

Fontes:
	OMS - https://ourworldindata.org/coronavirus-source-data
	Worldometers - https://www.worldometers.info/coronavirus