
 Italy 
Projecao:  7  dias
Gerado em:  2020-03-31 10:43:46
RMSE(%):  4.2 , BIAS(%): 0.51

Taxa de Mortalidade 11.39 %

    country       dias otimista casos_estimados pessimista estimativa_mortes casos_confirmados mortes_confirmadas latitude longitude
81    Italy 2020-03-19    39546           41263      42980              4701             41035               3407 41.87194  12.56738
82    Italy 2020-03-20    44749           46692      48635              5320             47021               4032 41.87194  12.56738
83    Italy 2020-03-21    50209           52389      54569              5969             53578               4827 41.87194  12.56738
84    Italy 2020-03-22    55841           58265      60689              6638             59138               5476 41.87194  12.56738
85    Italy 2020-03-23    61547           64219      66891              7316             63927               6077 41.87194  12.56738
86    Italy 2020-03-24    67225           70143      73061              7991             69176               6820 41.87194  12.56738
87    Italy 2020-03-25    72775           75934      79093              8651             74386               7505 41.87194  12.56738
88    Italy 2020-03-26    78104           81494      84884              9285             80539               8165 41.87194  12.56738
89    Italy 2020-03-27    83135           86744      90353              9883             86498               9136 41.87194  12.56738
90    Italy 2020-03-28    87812           91624      95436             10439             92472              10023 41.87194  12.56738
91    Italy 2020-03-29    92093           96091     100089             10948             97689              10781 41.87194  12.56738
92    Italy 2020-03-30    95961          100127     104293             11407            101739              11591 41.87194  12.56738
93    Italy 2020-03-31    99412          103727     108042             11817            101739              11591 41.87194  12.56738
94    Italy 2020-04-01   102457          106905     111353             12180                NA                 NA 41.87194  12.56738
95    Italy 2020-04-02   105119          109682     114245             12496                NA                 NA 41.87194  12.56738
96    Italy 2020-04-03   107426          112089     116752             12770                NA                 NA 41.87194  12.56738
97    Italy 2020-04-04   109411          114160     118909             13006                NA                 NA 41.87194  12.56738
98    Italy 2020-04-05   111107          115930     120753             13208                NA                 NA 41.87194  12.56738
99    Italy 2020-04-06   112549          117435     122321             13379                NA                 NA 41.87194  12.56738
100   Italy 2020-04-07   113770          118709     123648             13524                NA                 NA 41.87194  12.56738

Total de casos no mundo:  803541

Estimados a partir dos dados da OMS:
   day       date      x   xest
1    1 2019-12-30      0      0
2    2 2019-12-31      0      0
3    3 2020-01-01      0      0
4    4 2020-01-02      0      0
5    5 2020-01-03      0      0
6    6 2020-01-04      0      0
7    7 2020-01-05      0      0
8    8 2020-01-06      0      0
9    9 2020-01-07      0      0
10  10 2020-01-08      0      0
11  11 2020-01-09      0      0
12  12 2020-01-10      0      0
13  13 2020-01-11      0      0
14  14 2020-01-12      0      0
15  15 2020-01-13      0      0
16  16 2020-01-14      0      0
17  17 2020-01-15      0      0
18  18 2020-01-16      0      0
19  19 2020-01-17      0      0
20  20 2020-01-18      0      1
21  21 2020-01-19      0      1
22  22 2020-01-20      0      1
23  23 2020-01-21      0      1
24  24 2020-01-22      0      1
25  25 2020-01-23      0      1
26  26 2020-01-24      0      2
27  27 2020-01-25      0      2
28  28 2020-01-26      0      3
29  29 2020-01-27      0      3
30  30 2020-01-28      0      4
31  31 2020-01-29      0      4
32  32 2020-01-30      3      5
33  33 2020-01-31      3      7
34  34 2020-02-01      3      8
35  35 2020-02-02      3     10
36  36 2020-02-03      3     12
37  37 2020-02-04      3     14
38  38 2020-02-05      3     17
39  39 2020-02-06      3     21
40  40 2020-02-07      3     25
41  41 2020-02-08      3     30
42  42 2020-02-09      3     37
43  43 2020-02-10      3     44
44  44 2020-02-11      3     53
45  45 2020-02-12      3     65
46  46 2020-02-13      3     78
47  47 2020-02-14      3     95
48  48 2020-02-15      3    115
49  49 2020-02-16      3    139
50  50 2020-02-17      3    168
51  51 2020-02-18      3    203
52  52 2020-02-19      3    245
53  53 2020-02-20      3    296
54  54 2020-02-21     17    358
55  55 2020-02-22     79    433
56  56 2020-02-23    132    524
57  57 2020-02-24    229    633
58  58 2020-02-25    322    766
59  59 2020-02-26    400    925
60  60 2020-02-27    650   1117
61  61 2020-02-28    888   1349
62  62 2020-02-29   1128   1629
63  63 2020-03-01   1689   1965
64  64 2020-03-02   1835   2370
65  65 2020-03-03   2502   2855
66  66 2020-03-04   3089   3438
67  67 2020-03-05   3858   4136
68  68 2020-03-06   4636   4969
69  69 2020-03-07   5883   5962
70  70 2020-03-08   7375   7141
71  71 2020-03-09   9172   8538
72  72 2020-03-10  10149  10183
73  73 2020-03-11  12462  12113
74  74 2020-03-12  15113  14363
75  75 2020-03-13  17660  16969
76  76 2020-03-14  17750  19962
77  77 2020-03-15  23980  23368
78  78 2020-03-16  27980  27206
79  79 2020-03-17  31506  31479
80  80 2020-03-18  35713  36175
81  81 2020-03-19  41035  41263
82  82 2020-03-20  47021  46692
83  83 2020-03-21  53578  52389
84  84 2020-03-22  59138  58265
85  85 2020-03-23  63927  64219
86  86 2020-03-24  69176  70143
87  87 2020-03-25  74386  75934
88  88 2020-03-26  80539  81494
89  89 2020-03-27  86498  86744
90  90 2020-03-28  92472  91624
91  91 2020-03-29  97689  96091
92  92 2020-03-30 101739 100127
93  93 2020-03-31 101739 103727


Todos os dados gerados
    country       dias otimista casos_estimados pessimista estimativa_mortes casos_confirmados mortes_confirmadas latitude longitude
1     Italy 2019-12-30        0               0          0                 0                 0                  0 41.87194  12.56738
2     Italy 2019-12-31        0               0          0                 0                 0                  0 41.87194  12.56738
3     Italy 2020-01-01        0               0          0                 0                 0                  0 41.87194  12.56738
4     Italy 2020-01-02        0               0          0                 0                 0                  0 41.87194  12.56738
5     Italy 2020-01-03        0               0          0                 0                 0                  0 41.87194  12.56738
6     Italy 2020-01-04        0               0          0                 0                 0                  0 41.87194  12.56738
7     Italy 2020-01-05        0               0          0                 0                 0                  0 41.87194  12.56738
8     Italy 2020-01-06        0               0          0                 0                 0                  0 41.87194  12.56738
9     Italy 2020-01-07        0               0          0                 0                 0                  0 41.87194  12.56738
10    Italy 2020-01-08        0               0          0                 0                 0                  0 41.87194  12.56738
11    Italy 2020-01-09        0               0          0                 0                 0                  0 41.87194  12.56738
12    Italy 2020-01-10        0               0          0                 0                 0                  0 41.87194  12.56738
13    Italy 2020-01-11        0               0          0                 0                 0                  0 41.87194  12.56738
14    Italy 2020-01-12        0               0          0                 0                 0                  0 41.87194  12.56738
15    Italy 2020-01-13        0               0          0                 0                 0                  0 41.87194  12.56738
16    Italy 2020-01-14        0               0          0                 0                 0                  0 41.87194  12.56738
17    Italy 2020-01-15        0               0          0                 0                 0                  0 41.87194  12.56738
18    Italy 2020-01-16        0               0          0                 0                 0                  0 41.87194  12.56738
19    Italy 2020-01-17        0               0          0                 0                 0                  0 41.87194  12.56738
20    Italy 2020-01-18        1               1          1                 0                 0                  0 41.87194  12.56738
21    Italy 2020-01-19        1               1          1                 0                 0                  0 41.87194  12.56738
22    Italy 2020-01-20        1               1          1                 0                 0                  0 41.87194  12.56738
23    Italy 2020-01-21        1               1          1                 0                 0                  0 41.87194  12.56738
24    Italy 2020-01-22        1               1          1                 0                 0                  0 41.87194  12.56738
25    Italy 2020-01-23        1               1          1                 0                 0                  0 41.87194  12.56738
26    Italy 2020-01-24        2               2          2                 0                 0                  0 41.87194  12.56738
27    Italy 2020-01-25        2               2          2                 0                 0                  0 41.87194  12.56738
28    Italy 2020-01-26        3               3          3                 0                 0                  0 41.87194  12.56738
29    Italy 2020-01-27        3               3          3                 0                 0                  0 41.87194  12.56738
30    Italy 2020-01-28        4               4          4                 0                 0                  0 41.87194  12.56738
31    Italy 2020-01-29        4               4          4                 0                 0                  0 41.87194  12.56738
32    Italy 2020-01-30        5               5          5                 1                 3                  0 41.87194  12.56738
33    Italy 2020-01-31        7               7          7                 1                 3                  0 41.87194  12.56738
34    Italy 2020-02-01        8               8          8                 1                 3                  0 41.87194  12.56738
35    Italy 2020-02-02       10              10         10                 1                 3                  0 41.87194  12.56738
36    Italy 2020-02-03       12              12         12                 1                 3                  0 41.87194  12.56738
37    Italy 2020-02-04       13              14         15                 2                 3                  0 41.87194  12.56738
38    Italy 2020-02-05       16              17         18                 2                 3                  0 41.87194  12.56738
39    Italy 2020-02-06       20              21         22                 2                 3                  0 41.87194  12.56738
40    Italy 2020-02-07       24              25         26                 3                 3                  0 41.87194  12.56738
41    Italy 2020-02-08       29              30         31                 3                 3                  0 41.87194  12.56738
42    Italy 2020-02-09       35              37         39                 4                 3                  0 41.87194  12.56738
43    Italy 2020-02-10       42              44         46                 5                 3                  0 41.87194  12.56738
44    Italy 2020-02-11       51              53         55                 6                 3                  0 41.87194  12.56738
45    Italy 2020-02-12       62              65         68                 7                 3                  0 41.87194  12.56738
46    Italy 2020-02-13       75              78         81                 9                 3                  0 41.87194  12.56738
47    Italy 2020-02-14       91              95         99                11                 3                  0 41.87194  12.56738
48    Italy 2020-02-15      110             115        120                13                 3                  0 41.87194  12.56738
49    Italy 2020-02-16      133             139        145                16                 3                  0 41.87194  12.56738
50    Italy 2020-02-17      161             168        175                19                 3                  0 41.87194  12.56738
51    Italy 2020-02-18      195             203        211                23                 3                  0 41.87194  12.56738
52    Italy 2020-02-19      235             245        255                28                 3                  0 41.87194  12.56738
53    Italy 2020-02-20      284             296        308                34                 3                  0 41.87194  12.56738
54    Italy 2020-02-21      343             358        373                41                17                  0 41.87194  12.56738
55    Italy 2020-02-22      415             433        451                49                79                  2 41.87194  12.56738
56    Italy 2020-02-23      502             524        546                60               132                  2 41.87194  12.56738
57    Italy 2020-02-24      607             633        659                72               229                  6 41.87194  12.56738
58    Italy 2020-02-25      734             766        798                87               322                 11 41.87194  12.56738
59    Italy 2020-02-26      887             925        963               105               400                 12 41.87194  12.56738
60    Italy 2020-02-27     1071            1117       1163               127               650                 17 41.87194  12.56738
61    Italy 2020-02-28     1293            1349       1405               154               888                 21 41.87194  12.56738
62    Italy 2020-02-29     1561            1629       1697               186              1128                 29 41.87194  12.56738
63    Italy 2020-03-01     1883            1965       2047               224              1689                 35 41.87194  12.56738
64    Italy 2020-03-02     2271            2370       2469               270              1835                 52 41.87194  12.56738
65    Italy 2020-03-03     2736            2855       2974               325              2502                 80 41.87194  12.56738
66    Italy 2020-03-04     3295            3438       3581               392              3089                107 41.87194  12.56738
67    Italy 2020-03-05     3964            4136       4308               471              3858                148 41.87194  12.56738
68    Italy 2020-03-06     4762            4969       5176               566              4636                197 41.87194  12.56738
69    Italy 2020-03-07     5714            5962       6210               679              5883                233 41.87194  12.56738
70    Italy 2020-03-08     6844            7141       7438               814              7375                366 41.87194  12.56738
71    Italy 2020-03-09     8183            8538       8893               973              9172                464 41.87194  12.56738
72    Italy 2020-03-10     9759           10183      10607              1160             10149                631 41.87194  12.56738
73    Italy 2020-03-11    11609           12113      12617              1380             12462                827 41.87194  12.56738
74    Italy 2020-03-12    13765           14363      14961              1636             15113               1016 41.87194  12.56738
75    Italy 2020-03-13    16263           16969      17675              1933             17660               1268 41.87194  12.56738
76    Italy 2020-03-14    19132           19962      20792              2274             17750               1441 41.87194  12.56738
77    Italy 2020-03-15    22396           23368      24340              2662             23980               1811 41.87194  12.56738
78    Italy 2020-03-16    26074           27206      28338              3100             27980               2158 41.87194  12.56738
79    Italy 2020-03-17    30169           31479      32789              3586             31506               2505 41.87194  12.56738
80    Italy 2020-03-18    34670           36175      37680              4121             35713               2978 41.87194  12.56738
81    Italy 2020-03-19    39546           41263      42980              4701             41035               3407 41.87194  12.56738
82    Italy 2020-03-20    44749           46692      48635              5320             47021               4032 41.87194  12.56738
83    Italy 2020-03-21    50209           52389      54569              5969             53578               4827 41.87194  12.56738
84    Italy 2020-03-22    55841           58265      60689              6638             59138               5476 41.87194  12.56738
85    Italy 2020-03-23    61547           64219      66891              7316             63927               6077 41.87194  12.56738
86    Italy 2020-03-24    67225           70143      73061              7991             69176               6820 41.87194  12.56738
87    Italy 2020-03-25    72775           75934      79093              8651             74386               7505 41.87194  12.56738
88    Italy 2020-03-26    78104           81494      84884              9285             80539               8165 41.87194  12.56738
89    Italy 2020-03-27    83135           86744      90353              9883             86498               9136 41.87194  12.56738
90    Italy 2020-03-28    87812           91624      95436             10439             92472              10023 41.87194  12.56738
91    Italy 2020-03-29    92093           96091     100089             10948             97689              10781 41.87194  12.56738
92    Italy 2020-03-30    95961          100127     104293             11407            101739              11591 41.87194  12.56738
93    Italy 2020-03-31    99412          103727     108042             11817            101739              11591 41.87194  12.56738
94    Italy 2020-04-01   102457          106905     111353             12180                NA                 NA 41.87194  12.56738
95    Italy 2020-04-02   105119          109682     114245             12496                NA                 NA 41.87194  12.56738
96    Italy 2020-04-03   107426          112089     116752             12770                NA                 NA 41.87194  12.56738
97    Italy 2020-04-04   109411          114160     118909             13006                NA                 NA 41.87194  12.56738
98    Italy 2020-04-05   111107          115930     120753             13208                NA                 NA 41.87194  12.56738
99    Italy 2020-04-06   112549          117435     122321             13379                NA                 NA 41.87194  12.56738
100   Italy 2020-04-07   113770          118709     123648             13524                NA                 NA 41.87194  12.56738

Fontes:
	OMS - https://ourworldindata.org/coronavirus-source-data
	Worldometers - https://www.worldometers.info/coronavirus