
 Italy 
Projecao:  7  dias
Gerado em:  2020-04-22 12:30:18
RMSE(%):  7.2 , BIAS(%): 1.52

Taxa de Mortalidade 13.4 %

    country       dias otimista casos_estimados pessimista estimativa_mortes casos_confirmados mortes_confirmadas latitude longitude
103   Italy 2020-04-10   142183          153162     164141             20522            147577              19470 41.87194  12.56738
104   Italy 2020-04-11   145271          156488     167705             20967            152271              19901 41.87194  12.56738
105   Italy 2020-04-12   148101          159537     170973             21376            156363              20465 41.87194  12.56738
106   Italy 2020-04-13   150683          162318     173953             21749            159516              21069 41.87194  12.56738
107   Italy 2020-04-14   153031          164847     176663             22087            162488              21647 41.87194  12.56738
108   Italy 2020-04-15   155157          167138     179119             22394            165155              22172 41.87194  12.56738
109   Italy 2020-04-16   157077          169206     181335             22672            168941              22747 41.87194  12.56738
110   Italy 2020-04-17   158807          171069     183331             22921            172434              23227 41.87194  12.56738
111   Italy 2020-04-18   160360          172742     185124             23145            175925              23660 41.87194  12.56738
112   Italy 2020-04-19   161751          174241     186731             23346            178972              24114 41.87194  12.56738
113   Italy 2020-04-20   162995          175581     188167             23526            181228              24648 41.87194  12.56738
114   Italy 2020-04-21   164106          176778     189450             23686            183957              24648 41.87194  12.56738
115   Italy 2020-04-22   165096          177844     190592             23829            183957              24648 41.87194  12.56738
116   Italy 2020-04-23   165977          178793     191609             23956                NA                 NA 41.87194  12.56738
117   Italy 2020-04-24   166760          179636     192512             24069                NA                 NA 41.87194  12.56738
118   Italy 2020-04-25   167454          180384     193314             24169                NA                 NA 41.87194  12.56738
119   Italy 2020-04-26   168070          181048     194026             24258                NA                 NA 41.87194  12.56738
120   Italy 2020-04-27   168615          181635     194655             24337                NA                 NA 41.87194  12.56738
121   Italy 2020-04-28   169099          182156     195213             24407                NA                 NA 41.87194  12.56738
122   Italy 2020-04-29   169526          182616     195706             24468                NA                 NA 41.87194  12.56738

Total de casos no mundo:  2588350 883165 1160519 417537 92254 8201 25953 721 2588350

Estimados a partir dos dados da OMS:
    day       date      x   xest
1     1 2019-12-30      0      2
2     2 2019-12-31      0      2
3     3 2020-01-01      0      2
4     4 2020-01-02      0      3
5     5 2020-01-03      0      3
6     6 2020-01-04      0      3
7     7 2020-01-05      0      4
8     8 2020-01-06      0      4
9     9 2020-01-07      0      5
10   10 2020-01-08      0      6
11   11 2020-01-09      0      7
12   12 2020-01-10      0      8
13   13 2020-01-11      0      9
14   14 2020-01-12      0     10
15   15 2020-01-13      0     11
16   16 2020-01-14      0     13
17   17 2020-01-15      0     14
18   18 2020-01-16      0     16
19   19 2020-01-17      0     18
20   20 2020-01-18      0     21
21   21 2020-01-19      0     24
22   22 2020-01-20      0     27
23   23 2020-01-21      0     31
24   24 2020-01-22      0     35
25   25 2020-01-23      0     40
26   26 2020-01-24      0     45
27   27 2020-01-25      0     51
28   28 2020-01-26      0     58
29   29 2020-01-27      0     66
30   30 2020-01-28      0     75
31   31 2020-01-29      0     86
32   32 2020-01-30      3     97
33   33 2020-01-31      3    110
34   34 2020-02-01      3    126
35   35 2020-02-02      3    143
36   36 2020-02-03      3    162
37   37 2020-02-04      3    184
38   38 2020-02-05      3    209
39   39 2020-02-06      3    238
40   40 2020-02-07      3    271
41   41 2020-02-08      3    307
42   42 2020-02-09      3    349
43   43 2020-02-10      3    397
44   44 2020-02-11      3    451
45   45 2020-02-12      3    513
46   46 2020-02-13      3    583
47   47 2020-02-14      3    662
48   48 2020-02-15      3    752
49   49 2020-02-16      3    854
50   50 2020-02-17      3    970
51   51 2020-02-18      3   1102
52   52 2020-02-19      3   1252
53   53 2020-02-20      3   1422
54   54 2020-02-21     17   1614
55   55 2020-02-22     79   1833
56   56 2020-02-23    132   2080
57   57 2020-02-24    229   2361
58   58 2020-02-25    322   2679
59   59 2020-02-26    400   3039
60   60 2020-02-27    650   3447
61   61 2020-02-28    888   3908
62   62 2020-02-29   1128   4429
63   63 2020-03-01   1689   5018
64   64 2020-03-02   2036   5683
65   65 2020-03-03   2502   6433
66   66 2020-03-04   3089   7278
67   67 2020-03-05   3858   8228
68   68 2020-03-06   4636   9297
69   69 2020-03-07   5883  10495
70   70 2020-03-08   7375  11838
71   71 2020-03-09   9172  13340
72   72 2020-03-10  10149  15016
73   73 2020-03-11  12462  16882
74   74 2020-03-12  15113  18954
75   75 2020-03-13  17660  21249
76   76 2020-03-14  21157  23782
77   77 2020-03-15  23980  26568
78   78 2020-03-16  27980  29620
79   79 2020-03-17  31506  32951
80   80 2020-03-18  35713  36569
81   81 2020-03-19  41035  40480
82   82 2020-03-20  47021  44683
83   83 2020-03-21  53578  49176
84   84 2020-03-22  59138  53948
85   85 2020-03-23  63927  58983
86   86 2020-03-24  69176  64260
87   87 2020-03-25  74386  69750
88   88 2020-03-26  80539  75418
89   89 2020-03-27  86498  81225
90   90 2020-03-28  92472  87127
91   91 2020-03-29  97689  93078
92   92 2020-03-30 101739  99028
93   93 2020-03-31 105792 104929
94   94 2020-04-01 110574 110734
95   95 2020-04-02 115242 116399
96   96 2020-04-03 119827 121886
97   97 2020-04-04 124632 127159
98   98 2020-04-05 128948 132190
99   99 2020-04-06 132547 136957
100 100 2020-04-07 135586 141445
101 101 2020-04-08 139422 145643
102 102 2020-04-09 143626 149549
103 103 2020-04-10 147577 153162
104 104 2020-04-11 152271 156488
105 105 2020-04-12 156363 159537
106 106 2020-04-13 159516 162318
107 107 2020-04-14 162488 164847
108 108 2020-04-15 165155 167138
109 109 2020-04-16 168941 169206
110 110 2020-04-17 172434 171069
111 111 2020-04-18 175925 172742
112 112 2020-04-19 178972 174241
113 113 2020-04-20 181228 175581
114 114 2020-04-21 183957 176778
115 115 2020-04-22 183957 177844

Intervalo de Confianca
              2.5%         97.5%
Asym 182749.961147 189570.567250
xmid     90.537687     91.467909
scal      7.517653      8.105776


Formula: x ~ SSlogis(day, Asym, xmid, scal)

Parameters:
        Estimate  Std. Error t value            Pr(>|t|)    
Asym 186055.2669   1655.8833  112.36 <0.0000000000000002 ***
xmid     90.9916      0.2216  410.58 <0.0000000000000002 ***
scal      7.8066      0.1502   51.98 <0.0000000000000002 ***
---
Signif. codes:  0 ‘***’ 0.001 ‘**’ 0.01 ‘*’ 0.05 ‘.’ 0.1 ‘ ’ 1

Residual standard error: 2875 on 112 degrees of freedom

Number of iterations to convergence: 12 
Achieved convergence tolerance: 0.0000000149


Italy: o primeiro caso foi registrado em 30/01/2020 na data 22/04/2020 temos 83 dias desde o primeiro caso. A data de pico prevista pelo modelo logístico é 30/04/2020 (dia 91 desde os primeiros casos relatados).
Em 30/04/2020 o modelo estima 186055+/-1656 casos. De acordo com o modelo ajustado temos 8 de infecçao pela frente.

Todos os dados gerados
    country       dias otimista casos_estimados pessimista estimativa_mortes casos_confirmados mortes_confirmadas latitude longitude
1     Italy 2019-12-30        2               2          2                 0                 0                  0 41.87194  12.56738
2     Italy 2019-12-31        2               2          2                 0                 0                  0 41.87194  12.56738
3     Italy 2020-01-01        2               2          2                 0                 0                  0 41.87194  12.56738
4     Italy 2020-01-02        3               3          3                 0                 0                  0 41.87194  12.56738
5     Italy 2020-01-03        3               3          3                 0                 0                  0 41.87194  12.56738
6     Italy 2020-01-04        3               3          3                 0                 0                  0 41.87194  12.56738
7     Italy 2020-01-05        4               4          4                 1                 0                  0 41.87194  12.56738
8     Italy 2020-01-06        4               4          4                 1                 0                  0 41.87194  12.56738
9     Italy 2020-01-07        5               5          5                 1                 0                  0 41.87194  12.56738
10    Italy 2020-01-08        6               6          6                 1                 0                  0 41.87194  12.56738
11    Italy 2020-01-09        6               7          8                 1                 0                  0 41.87194  12.56738
12    Italy 2020-01-10        7               8          9                 1                 0                  0 41.87194  12.56738
13    Italy 2020-01-11        8               9         10                 1                 0                  0 41.87194  12.56738
14    Italy 2020-01-12        9              10         11                 1                 0                  0 41.87194  12.56738
15    Italy 2020-01-13       10              11         12                 1                 0                  0 41.87194  12.56738
16    Italy 2020-01-14       12              13         14                 2                 0                  0 41.87194  12.56738
17    Italy 2020-01-15       13              14         15                 2                 0                  0 41.87194  12.56738
18    Italy 2020-01-16       15              16         17                 2                 0                  0 41.87194  12.56738
19    Italy 2020-01-17       17              18         19                 2                 0                  0 41.87194  12.56738
20    Italy 2020-01-18       19              21         23                 3                 0                  0 41.87194  12.56738
21    Italy 2020-01-19       22              24         26                 3                 0                  0 41.87194  12.56738
22    Italy 2020-01-20       25              27         29                 4                 0                  0 41.87194  12.56738
23    Italy 2020-01-21       29              31         33                 4                 0                  0 41.87194  12.56738
24    Italy 2020-01-22       32              35         38                 5                 0                  0 41.87194  12.56738
25    Italy 2020-01-23       37              40         43                 5                 0                  0 41.87194  12.56738
26    Italy 2020-01-24       42              45         48                 6                 0                  0 41.87194  12.56738
27    Italy 2020-01-25       47              51         55                 7                 0                  0 41.87194  12.56738
28    Italy 2020-01-26       54              58         62                 8                 0                  0 41.87194  12.56738
29    Italy 2020-01-27       61              66         71                 9                 0                  0 41.87194  12.56738
30    Italy 2020-01-28       70              75         80                10                 0                  0 41.87194  12.56738
31    Italy 2020-01-29       80              86         92                12                 0                  0 41.87194  12.56738
32    Italy 2020-01-30       90              97        104                13                 3                  0 41.87194  12.56738
33    Italy 2020-01-31      102             110        118                15                 3                  0 41.87194  12.56738
34    Italy 2020-02-01      117             126        135                17                 3                  0 41.87194  12.56738
35    Italy 2020-02-02      133             143        153                19                 3                  0 41.87194  12.56738
36    Italy 2020-02-03      150             162        174                22                 3                  0 41.87194  12.56738
37    Italy 2020-02-04      171             184        197                25                 3                  0 41.87194  12.56738
38    Italy 2020-02-05      194             209        224                28                 3                  0 41.87194  12.56738
39    Italy 2020-02-06      221             238        255                32                 3                  0 41.87194  12.56738
40    Italy 2020-02-07      252             271        290                36                 3                  0 41.87194  12.56738
41    Italy 2020-02-08      285             307        329                41                 3                  0 41.87194  12.56738
42    Italy 2020-02-09      324             349        374                47                 3                  0 41.87194  12.56738
43    Italy 2020-02-10      369             397        425                53                 3                  0 41.87194  12.56738
44    Italy 2020-02-11      419             451        483                60                 3                  0 41.87194  12.56738
45    Italy 2020-02-12      476             513        550                69                 3                  0 41.87194  12.56738
46    Italy 2020-02-13      541             583        625                78                 3                  0 41.87194  12.56738
47    Italy 2020-02-14      615             662        709                89                 3                  0 41.87194  12.56738
48    Italy 2020-02-15      698             752        806               101                 3                  0 41.87194  12.56738
49    Italy 2020-02-16      793             854        915               114                 3                  0 41.87194  12.56738
50    Italy 2020-02-17      900             970       1040               130                 3                  0 41.87194  12.56738
51    Italy 2020-02-18     1023            1102       1181               148                 3                  0 41.87194  12.56738
52    Italy 2020-02-19     1162            1252       1342               168                 3                  0 41.87194  12.56738
53    Italy 2020-02-20     1320            1422       1524               191                 3                  0 41.87194  12.56738
54    Italy 2020-02-21     1498            1614       1730               216                17                  2 41.87194  12.56738
55    Italy 2020-02-22     1702            1833       1964               246                79                  2 41.87194  12.56738
56    Italy 2020-02-23     1931            2080       2229               279               132                  6 41.87194  12.56738
57    Italy 2020-02-24     2192            2361       2530               316               229                 11 41.87194  12.56738
58    Italy 2020-02-25     2487            2679       2871               359               322                 12 41.87194  12.56738
59    Italy 2020-02-26     2821            3039       3257               407               400                 17 41.87194  12.56738
60    Italy 2020-02-27     3200            3447       3694               462               650                 21 41.87194  12.56738
61    Italy 2020-02-28     3628            3908       4188               524               888                 29 41.87194  12.56738
62    Italy 2020-02-29     4112            4429       4746               593              1128                 35 41.87194  12.56738
63    Italy 2020-03-01     4658            5018       5378               672              1689                 52 41.87194  12.56738
64    Italy 2020-03-02     5276            5683       6090               761              2036                 80 41.87194  12.56738
65    Italy 2020-03-03     5972            6433       6894               862              2502                107 41.87194  12.56738
66    Italy 2020-03-04     6756            7278       7800               975              3089                148 41.87194  12.56738
67    Italy 2020-03-05     7638            8228       8818              1102              3858                197 41.87194  12.56738
68    Italy 2020-03-06     8631            9297       9963              1246              4636                233 41.87194  12.56738
69    Italy 2020-03-07     9743           10495      11247              1406              5883                366 41.87194  12.56738
70    Italy 2020-03-08    10989           11838      12687              1586              7375                464 41.87194  12.56738
71    Italy 2020-03-09    12384           13340      14296              1787              9172                631 41.87194  12.56738
72    Italy 2020-03-10    13940           15016      16092              2012             10149                827 41.87194  12.56738
73    Italy 2020-03-11    15672           16882      18092              2262             12462               1016 41.87194  12.56738
74    Italy 2020-03-12    17595           18954      20313              2540             15113               1268 41.87194  12.56738
75    Italy 2020-03-13    19726           21249      22772              2847             17660               1441 41.87194  12.56738
76    Italy 2020-03-14    22077           23782      25487              3186             21157               1811 41.87194  12.56738
77    Italy 2020-03-15    24664           26568      28472              3560             23980               2158 41.87194  12.56738
78    Italy 2020-03-16    27497           29620      31743              3969             27980               2505 41.87194  12.56738
79    Italy 2020-03-17    30589           32951      35313              4415             31506               2978 41.87194  12.56738
80    Italy 2020-03-18    33948           36569      39190              4900             35713               3407 41.87194  12.56738
81    Italy 2020-03-19    37578           40480      43382              5424             41035               4032 41.87194  12.56738
82    Italy 2020-03-20    41480           44683      47886              5987             47021               4827 41.87194  12.56738
83    Italy 2020-03-21    45651           49176      52701              6589             53578               5476 41.87194  12.56738
84    Italy 2020-03-22    50081           53948      57815              7228             59138               6077 41.87194  12.56738
85    Italy 2020-03-23    54755           58983      63211              7903             63927               6820 41.87194  12.56738
86    Italy 2020-03-24    59654           64260      68866              8610             69176               7505 41.87194  12.56738
87    Italy 2020-03-25    64750           69750      74750              9346             74386               8165 41.87194  12.56738
88    Italy 2020-03-26    70012           75418      80824             10105             80539               9136 41.87194  12.56738
89    Italy 2020-03-27    75403           81225      87047             10883             86498              10023 41.87194  12.56738
90    Italy 2020-03-28    80882           87127      93372             11674             92472              10781 41.87194  12.56738
91    Italy 2020-03-29    86406           93078      99750             12471             97689              11591 41.87194  12.56738
92    Italy 2020-03-30    91930           99028     106126             13269            101739              12430 41.87194  12.56738
93    Italy 2020-03-31    97408          104929     112450             14059            105792              13157 41.87194  12.56738
94    Italy 2020-04-01   102796          110734     118672             14837            110574              13917 41.87194  12.56738
95    Italy 2020-04-02   108055          116399     124743             15596            115242              14681 41.87194  12.56738
96    Italy 2020-04-03   113149          121886     130623             16331            119827              15362 41.87194  12.56738
97    Italy 2020-04-04   118044          127159     136274             17038            124632              15889 41.87194  12.56738
98    Italy 2020-04-05   122715          132190     141665             17712            128948              16525 41.87194  12.56738
99    Italy 2020-04-06   127140          136957     146774             18351            132547              17129 41.87194  12.56738
100   Italy 2020-04-07   131306          141445     151584             18952            135586              17669 41.87194  12.56738
101   Italy 2020-04-08   135203          145643     156083             19514            139422              18281 41.87194  12.56738
102   Italy 2020-04-09   138829          149549     160269             20038            143626              18851 41.87194  12.56738
103   Italy 2020-04-10   142183          153162     164141             20522            147577              19470 41.87194  12.56738
104   Italy 2020-04-11   145271          156488     167705             20967            152271              19901 41.87194  12.56738
105   Italy 2020-04-12   148101          159537     170973             21376            156363              20465 41.87194  12.56738
106   Italy 2020-04-13   150683          162318     173953             21749            159516              21069 41.87194  12.56738
107   Italy 2020-04-14   153031          164847     176663             22087            162488              21647 41.87194  12.56738
108   Italy 2020-04-15   155157          167138     179119             22394            165155              22172 41.87194  12.56738
109   Italy 2020-04-16   157077          169206     181335             22672            168941              22747 41.87194  12.56738
110   Italy 2020-04-17   158807          171069     183331             22921            172434              23227 41.87194  12.56738
111   Italy 2020-04-18   160360          172742     185124             23145            175925              23660 41.87194  12.56738
112   Italy 2020-04-19   161751          174241     186731             23346            178972              24114 41.87194  12.56738
113   Italy 2020-04-20   162995          175581     188167             23526            181228              24648 41.87194  12.56738
114   Italy 2020-04-21   164106          176778     189450             23686            183957              24648 41.87194  12.56738
115   Italy 2020-04-22   165096          177844     190592             23829            183957              24648 41.87194  12.56738
116   Italy 2020-04-23   165977          178793     191609             23956                NA                 NA 41.87194  12.56738
117   Italy 2020-04-24   166760          179636     192512             24069                NA                 NA 41.87194  12.56738
118   Italy 2020-04-25   167454          180384     193314             24169                NA                 NA 41.87194  12.56738
119   Italy 2020-04-26   168070          181048     194026             24258                NA                 NA 41.87194  12.56738
120   Italy 2020-04-27   168615          181635     194655             24337                NA                 NA 41.87194  12.56738
121   Italy 2020-04-28   169099          182156     195213             24407                NA                 NA 41.87194  12.56738
122   Italy 2020-04-29   169526          182616     195706             24468                NA                 NA 41.87194  12.56738

Fontes:
	OMS - https://ourworldindata.org/coronavirus-source-data
	Worldometers - https://www.worldometers.info/coronavirus