
 Brazil 
Projecao:  10  dias
Gerado em:  2020-08-04 20:42:00
RMSE(%):  5.7 , BIAS(%): 1.56

Taxa de Mortalidade 3.42 %

    country       dias otimista casos_estimados pessimista estimativa_mortes casos_confirmados mortes_confirmadas latitude longitude
210  Brazil 2020-07-26  2291671         2431451    2571231             83207           2419091              87618        0         0
211  Brazil 2020-07-27  2324116         2465875    2607634             84385           2442375              88539        0         0
212  Brazil 2020-07-28  2355925         2499624    2643323             85540           2483191              90134        0         0
213  Brazil 2020-07-29  2387082         2532681    2678280             86672           2552265              91263        0         0
214  Brazil 2020-07-30  2417571         2565030    2712489             87779           2610102              92475        0         0
215  Brazil 2020-07-31  2447383         2596660    2745937             88861           2662485              93563        0         0
216  Brazil 2020-08-01  2476504         2627558    2778612             89918           2707877              94104        0         0
217  Brazil 2020-08-02  2504929         2657717    2810505             90951           2733677              94665        0         0
218  Brazil 2020-08-03  2532652         2687131    2841610             91957           2750318              96096        0         0
219  Brazil 2020-08-04  2559668         2715794    2871920             92938           2808076              96096        0         0
220  Brazil 2020-08-05  2585973         2743704    2901435             93893                NA                 NA        0         0
221  Brazil 2020-08-06  2611568         2770860    2930152             94822                NA                 NA        0         0
222  Brazil 2020-08-07  2636453         2797263    2958073             95726                NA                 NA        0         0
223  Brazil 2020-08-08  2660631         2822916    2985201             96604                NA                 NA        0         0
224  Brazil 2020-08-09  2684105         2847821    3011537             97456                NA                 NA        0         0
225  Brazil 2020-08-10  2706880         2871985    3037090             98283                NA                 NA        0         0
226  Brazil 2020-08-11  2728962         2895414    3061866             99085                NA                 NA        0         0
227  Brazil 2020-08-12  2750359         2918116    3085873             99862                NA                 NA        0         0
228  Brazil 2020-08-13  2771079         2940100    3109121            100614                NA                 NA        0         0
229  Brazil 2020-08-14  2791131         2961375    3131619            101342                NA                 NA        0         0

Total de casos no mundo:  18681498 5773147 4360728 4601589 2943198 981593 20522 721 18681498

Estimados a partir dos dados da OMS:
    day       date       x    xest
1     1 2019-12-30       0     397
2     2 2019-12-31       0     417
3     3 2020-01-01       0     437
4     4 2020-01-02       0     458
5     5 2020-01-03       0     481
6     6 2020-01-04       0     504
7     7 2020-01-05       0     528
8     8 2020-01-06       0     554
9     9 2020-01-07       0     581
10   10 2020-01-08       0     609
11   11 2020-01-09       0     639
12   12 2020-01-10       0     670
13   13 2020-01-11       0     702
14   14 2020-01-12       0     737
15   15 2020-01-13       0     772
16   16 2020-01-14       0     810
17   17 2020-01-15       0     849
18   18 2020-01-16       0     890
19   19 2020-01-17       0     934
20   20 2020-01-18       0     979
21   21 2020-01-19       0    1027
22   22 2020-01-20       0    1077
23   23 2020-01-21       0    1129
24   24 2020-01-22       0    1184
25   25 2020-01-23       0    1241
26   26 2020-01-24       0    1302
27   27 2020-01-25       0    1365
28   28 2020-01-26       0    1431
29   29 2020-01-27       0    1501
30   30 2020-01-28       0    1573
31   31 2020-01-29       0    1650
32   32 2020-01-30       0    1730
33   33 2020-01-31       0    1814
34   34 2020-02-01       0    1902
35   35 2020-02-02       0    1995
36   36 2020-02-03       0    2092
37   37 2020-02-04       0    2193
38   38 2020-02-05       0    2300
39   39 2020-02-06       0    2411
40   40 2020-02-07       0    2528
41   41 2020-02-08       0    2651
42   42 2020-02-09       0    2780
43   43 2020-02-10       0    2915
44   44 2020-02-11       0    3057
45   45 2020-02-12       0    3205
46   46 2020-02-13       0    3361
47   47 2020-02-14       0    3524
48   48 2020-02-15       0    3695
49   49 2020-02-16       0    3874
50   50 2020-02-17       0    4062
51   51 2020-02-18       0    4259
52   52 2020-02-19       0    4466
53   53 2020-02-20       0    4683
54   54 2020-02-21       0    4910
55   55 2020-02-22       0    5149
56   56 2020-02-23       0    5398
57   57 2020-02-24       0    5660
58   58 2020-02-25       1    5935
59   59 2020-02-26       1    6223
60   60 2020-02-27       1    6525
61   61 2020-02-28       1    6841
62   62 2020-02-29       2    7173
63   63 2020-03-01       2    7521
64   64 2020-03-02       2    7886
65   65 2020-03-03       2    8268
66   66 2020-03-04       3    8669
67   67 2020-03-05       8    9089
68   68 2020-03-06      13    9530
69   69 2020-03-07      13    9992
70   70 2020-03-08      25   10476
71   71 2020-03-09      25   10983
72   72 2020-03-10      34   11515
73   73 2020-03-11      52   12073
74   74 2020-03-12      77   12658
75   75 2020-03-13      98   13271
76   76 2020-03-14     121   13913
77   77 2020-03-15     200   14586
78   78 2020-03-16     234   15292
79   79 2020-03-17     291   16032
80   80 2020-03-18     428   16807
81   81 2020-03-19     621   17620
82   82 2020-03-20     904   18472
83   83 2020-03-21    1128   19365
84   84 2020-03-22    1546   20301
85   85 2020-03-23    1891   21281
86   86 2020-03-24    2201   22309
87   87 2020-03-25    2433   23386
88   88 2020-03-26    2915   24514
89   89 2020-03-27    3417   25697
90   90 2020-03-28    3904   26936
91   91 2020-03-29    4256   28235
92   92 2020-03-30    4579   29596
93   93 2020-03-31    5717   31021
94   94 2020-04-01    6836   32515
95   95 2020-04-02    7910   34080
96   96 2020-04-03    9056   35719
97   97 2020-04-04   10278   37436
98   98 2020-04-05   11130   39235
99   99 2020-04-06   12056   41120
100 100 2020-04-07   13717   43093
101 101 2020-04-08   15927   45161
102 102 2020-04-09   17857   47326
103 103 2020-04-10   19638   49593
104 104 2020-04-11   20727   51967
105 105 2020-04-12   22169   54454
106 106 2020-04-13   23430   57057
107 107 2020-04-14   25262   59782
108 108 2020-04-15   28320   62636
109 109 2020-04-16   30425   65622
110 110 2020-04-17   33682   68749
111 111 2020-04-18   36599   72021
112 112 2020-04-19   38654   75446
113 113 2020-04-20   40581   79029
114 114 2020-04-21   43079   82779
115 115 2020-04-22   45757   86702
116 116 2020-04-23   49492   90806
117 117 2020-04-24   52995   95098
118 118 2020-04-25   58509   99588
119 119 2020-04-26   61888  104283
120 120 2020-04-27   66501  109193
121 121 2020-04-28   71886  114325
122 122 2020-04-29   78162  119691
123 123 2020-04-30   85380  125298
124 124 2020-05-01   91589  131159
125 125 2020-05-02   96559  137282
126 126 2020-05-03  101147  143679
127 127 2020-05-04  107780  150360
128 128 2020-05-05  114715  157337
129 129 2020-05-06  125218  164623
130 130 2020-05-07  135106  172228
131 131 2020-05-08  145328  180165
132 132 2020-05-09  155939  188447
133 133 2020-05-10  162699  197087
134 134 2020-05-11  168331  206099
135 135 2020-05-12  177589  215495
136 136 2020-05-13  188974  225291
137 137 2020-05-14  202918  235500
138 138 2020-05-15  218223  246136
139 139 2020-05-16  233142  257214
140 140 2020-05-17  241080  268750
141 141 2020-05-18  254220  280758
142 142 2020-05-19  271628  293253
143 143 2020-05-20  291579  306252
144 144 2020-05-21  310087  319768
145 145 2020-05-22  330890  333819
146 146 2020-05-23  347398  348419
147 147 2020-05-24  363211  363583
148 148 2020-05-25  374898  379328
149 149 2020-05-26  391222  395667
150 150 2020-05-27  411821  412617
151 151 2020-05-28  438238  430192
152 152 2020-05-29  465166  448406
153 153 2020-05-30  498440  467273
154 154 2020-05-31  514849  486806
155 155 2020-06-01  526447  507018
156 156 2020-06-02  555383  527922
157 157 2020-06-03  584016  549528
158 158 2020-06-04  614932  571847
159 159 2020-06-05  645762  594888
160 160 2020-06-06  672837  618660
161 161 2020-06-07  691758  643171
162 162 2020-06-08  707412  668425
163 163 2020-06-09  739503  694428
164 164 2020-06-10  772416  721184
165 165 2020-06-11  802828  748693
166 166 2020-06-12  828810  776956
167 167 2020-06-13  850514  805971
168 168 2020-06-14  867624  835734
169 169 2020-06-15  888271  866240
170 170 2020-06-16  923189  897482
171 171 2020-06-17  955377  929450
172 172 2020-06-18  978142  962132
173 173 2020-06-19 1032913  995515
174 174 2020-06-20 1067579 1029582
175 175 2020-06-21 1085038 1064316
176 176 2020-06-22 1106470 1099695
177 177 2020-06-23 1145906 1135697
178 178 2020-06-24 1188631 1172298
179 179 2020-06-25 1228114 1209469
180 180 2020-06-26 1274974 1247182
181 181 2020-06-27 1313667 1285404
182 182 2020-06-28 1344143 1324104
183 183 2020-06-29 1368195 1363244
184 184 2020-06-30 1402041 1402789
185 185 2020-07-01 1448753 1442698
186 186 2020-07-02 1496858 1482932
187 187 2020-07-03 1539081 1523449
188 188 2020-07-04 1577004 1564206
189 189 2020-07-05 1603055 1605158
190 190 2020-07-06 1623284 1646261
191 191 2020-07-07 1668589 1687468
192 192 2020-07-08 1713160 1728735
193 193 2020-07-09 1755779 1770013
194 194 2020-07-10 1800827 1811258
195 195 2020-07-11 1839850 1852422
196 196 2020-07-12 1864681 1893460
197 197 2020-07-13 1884967 1934326
198 198 2020-07-14 1926824 1974976
199 199 2020-07-15 1966748 2015366
200 200 2020-07-16 2012151 2055453
201 201 2020-07-17 2046328 2095197
202 202 2020-07-18 2074860 2134557
203 203 2020-07-19 2098389 2173495
204 204 2020-07-20 2118646 2211976
205 205 2020-07-21 2159654 2249964
206 206 2020-07-22 2227514 2287427
207 207 2020-07-23 2287475 2324334
208 208 2020-07-24 2343366 2360658
209 209 2020-07-25 2394513 2396372
210 210 2020-07-26 2419091 2431451
211 211 2020-07-27 2442375 2465875
212 212 2020-07-28 2483191 2499624
213 213 2020-07-29 2552265 2532681
214 214 2020-07-30 2610102 2565030
215 215 2020-07-31 2662485 2596660
216 216 2020-08-01 2707877 2627558
217 217 2020-08-02 2733677 2657717
218 218 2020-08-03 2750318 2687131
219 219 2020-08-04 2808076 2715794

Intervalo de Confianca
              2.5%         97.5%
Asym 3398312.20243 3566807.94750
xmid     191.10378     193.49424
scal      20.62726      21.52582


Formula: x ~ SSlogis(day, Asym, xmid, scal)

Parameters:
         Estimate   Std. Error t value            Pr(>|t|)    
Asym 3479424.1845   42426.5923   82.01 <0.0000000000000002 ***
xmid     192.2659       0.6016  319.58 <0.0000000000000002 ***
scal      21.0711       0.2346   89.80 <0.0000000000000002 ***
---
Signif. codes:  0 ‘***’ 0.001 ‘**’ 0.01 ‘*’ 0.05 ‘.’ 0.1 ‘ ’ 1

Residual standard error: 29290 on 216 degrees of freedom

Number of iterations to convergence: 7 
Achieved convergence tolerance: 0.0000000149


Brazil: o primeiro caso foi registrado em 25/02/2020 na data 04/08/2020 temos 161 dias desde o primeiro caso. A data de pico prevista pelo modelo logístico é 04/09/2020 (dia 192 desde os primeiros casos relatados).
Em 04/09/2020 o modelo estima 3479424+/-42427 casos. De acordo com o modelo ajustado temos 31 de infecçao pela frente.

Todos os dados gerados
    country       dias otimista casos_estimados pessimista estimativa_mortes casos_confirmados mortes_confirmadas latitude longitude
1    Brazil 2019-12-30      374             397        420                14                 0                  0        0         0
2    Brazil 2019-12-31      393             417        441                14                 0                  0        0         0
3    Brazil 2020-01-01      412             437        462                15                 0                  0        0         0
4    Brazil 2020-01-02      432             458        484                16                 0                  0        0         0
5    Brazil 2020-01-03      453             481        509                16                 0                  0        0         0
6    Brazil 2020-01-04      475             504        533                17                 0                  0        0         0
7    Brazil 2020-01-05      498             528        558                18                 0                  0        0         0
8    Brazil 2020-01-06      522             554        586                19                 0                  0        0         0
9    Brazil 2020-01-07      548             581        614                20                 0                  0        0         0
10   Brazil 2020-01-08      574             609        644                21                 0                  0        0         0
11   Brazil 2020-01-09      602             639        676                22                 0                  0        0         0
12   Brazil 2020-01-10      631             670        709                23                 0                  0        0         0
13   Brazil 2020-01-11      662             702        742                24                 0                  0        0         0
14   Brazil 2020-01-12      695             737        779                25                 0                  0        0         0
15   Brazil 2020-01-13      728             772        816                26                 0                  0        0         0
16   Brazil 2020-01-14      763             810        857                28                 0                  0        0         0
17   Brazil 2020-01-15      800             849        898                29                 0                  0        0         0
18   Brazil 2020-01-16      839             890        941                30                 0                  0        0         0
19   Brazil 2020-01-17      880             934        988                32                 0                  0        0         0
20   Brazil 2020-01-18      923             979       1035                34                 0                  0        0         0
21   Brazil 2020-01-19      968            1027       1086                35                 0                  0        0         0
22   Brazil 2020-01-20     1015            1077       1139                37                 0                  0        0         0
23   Brazil 2020-01-21     1064            1129       1194                39                 0                  0        0         0
24   Brazil 2020-01-22     1116            1184       1252                41                 0                  0        0         0
25   Brazil 2020-01-23     1170            1241       1312                42                 0                  0        0         0
26   Brazil 2020-01-24     1227            1302       1377                45                 0                  0        0         0
27   Brazil 2020-01-25     1287            1365       1443                47                 0                  0        0         0
28   Brazil 2020-01-26     1349            1431       1513                49                 0                  0        0         0
29   Brazil 2020-01-27     1415            1501       1587                51                 0                  0        0         0
30   Brazil 2020-01-28     1483            1573       1663                54                 0                  0        0         0
31   Brazil 2020-01-29     1555            1650       1745                56                 0                  0        0         0
32   Brazil 2020-01-30     1631            1730       1829                59                 0                  0        0         0
33   Brazil 2020-01-31     1710            1814       1918                62                 0                  0        0         0
34   Brazil 2020-02-01     1793            1902       2011                65                 0                  0        0         0
35   Brazil 2020-02-02     1880            1995       2110                68                 0                  0        0         0
36   Brazil 2020-02-03     1972            2092       2212                72                 0                  0        0         0
37   Brazil 2020-02-04     2067            2193       2319                75                 0                  0        0         0
38   Brazil 2020-02-05     2168            2300       2432                79                 0                  0        0         0
39   Brazil 2020-02-06     2272            2411       2550                83                 0                  0        0         0
40   Brazil 2020-02-07     2383            2528       2673                87                 0                  0        0         0
41   Brazil 2020-02-08     2499            2651       2803                91                 0                  0        0         0
42   Brazil 2020-02-09     2620            2780       2940                95                 0                  0        0         0
43   Brazil 2020-02-10     2747            2915       3083               100                 0                  0        0         0
44   Brazil 2020-02-11     2881            3057       3233               105                 0                  0        0         0
45   Brazil 2020-02-12     3021            3205       3389               110                 0                  0        0         0
46   Brazil 2020-02-13     3168            3361       3554               115                 0                  0        0         0
47   Brazil 2020-02-14     3321            3524       3727               121                 0                  0        0         0
48   Brazil 2020-02-15     3483            3695       3907               126                 0                  0        0         0
49   Brazil 2020-02-16     3651            3874       4097               133                 0                  0        0         0
50   Brazil 2020-02-17     3828            4062       4296               139                 0                  0        0         0
51   Brazil 2020-02-18     4014            4259       4504               146                 0                  0        0         0
52   Brazil 2020-02-19     4209            4466       4723               153                 0                  0        0         0
53   Brazil 2020-02-20     4414            4683       4952               160                 0                  0        0         0
54   Brazil 2020-02-21     4628            4910       5192               168                 0                  0        0         0
55   Brazil 2020-02-22     4853            5149       5445               176                 0                  0        0         0
56   Brazil 2020-02-23     5088            5398       5708               185                 0                  0        0         0
57   Brazil 2020-02-24     5335            5660       5985               194                 0                  0        0         0
58   Brazil 2020-02-25     5594            5935       6276               203                 1                  0        0         0
59   Brazil 2020-02-26     5865            6223       6581               213                 1                  0        0         0
60   Brazil 2020-02-27     6150            6525       6900               223                 1                  0        0         0
61   Brazil 2020-02-28     6448            6841       7234               234                 1                  0        0         0
62   Brazil 2020-02-29     6761            7173       7585               245                 2                  0        0         0
63   Brazil 2020-03-01     7089            7521       7953               257                 2                  0        0         0
64   Brazil 2020-03-02     7433            7886       8339               270                 2                  0        0         0
65   Brazil 2020-03-03     7793            8268       8743               283                 2                  0        0         0
66   Brazil 2020-03-04     8171            8669       9167               297                 3                  0        0         0
67   Brazil 2020-03-05     8566            9089       9612               311                 8                  0        0         0
68   Brazil 2020-03-06     8982            9530      10078               326                13                  0        0         0
69   Brazil 2020-03-07     9418            9992      10566               342                13                  0        0         0
70   Brazil 2020-03-08     9874           10476      11078               359                25                  0        0         0
71   Brazil 2020-03-09    10352           10983      11614               376                25                  0        0         0
72   Brazil 2020-03-10    10853           11515      12177               394                34                  0        0         0
73   Brazil 2020-03-11    11379           12073      12767               413                52                  0        0         0
74   Brazil 2020-03-12    11930           12658      13386               433                77                  0        0         0
75   Brazil 2020-03-13    12508           13271      14034               454                98                  0        0         0
76   Brazil 2020-03-14    13113           13913      14713               476               121                  0        0         0
77   Brazil 2020-03-15    13747           14586      15425               499               200                  0        0         0
78   Brazil 2020-03-16    14413           15292      16171               523               234                  1        0         0
79   Brazil 2020-03-17    15110           16032      16954               549               291                  4        0         0
80   Brazil 2020-03-18    15841           16807      17773               575               428                  6        0         0
81   Brazil 2020-03-19    16607           17620      18633               603               621                 11        0         0
82   Brazil 2020-03-20    17410           18472      19534               632               904                 18        0         0
83   Brazil 2020-03-21    18252           19365      20478               663              1128                 25        0         0
84   Brazil 2020-03-22    19134           20301      21468               695              1546                 34        0         0
85   Brazil 2020-03-23    20058           21281      22504               728              1891                 46        0         0
86   Brazil 2020-03-24    21026           22309      23592               763              2201                 57        0         0
87   Brazil 2020-03-25    22042           23386      24730               800              2433                 77        0         0
88   Brazil 2020-03-26    23105           24514      25923               839              2915                 92        0         0
89   Brazil 2020-03-27    24220           25697      27174               879              3417                114        0         0
90   Brazil 2020-03-28    25387           26936      28485               922              3904                136        0         0
91   Brazil 2020-03-29    26612           28235      29858               966              4256                159        0         0
92   Brazil 2020-03-30    27895           29596      31297              1013              4579                201        0         0
93   Brazil 2020-03-31    29238           31021      32804              1062              5717                241        0         0
94   Brazil 2020-04-01    30646           32515      34384              1113              6836                299        0         0
95   Brazil 2020-04-02    32121           34080      36039              1166              7910                359        0         0
96   Brazil 2020-04-03    33666           35719      37772              1222              9056                432        0         0
97   Brazil 2020-04-04    35284           37436      39588              1281             10278                486        0         0
98   Brazil 2020-04-05    36979           39235      41491              1343             11130                553        0         0
99   Brazil 2020-04-06    38756           41120      43484              1407             12056                667        0         0
100  Brazil 2020-04-07    40616           43093      45570              1475             13717                800        0         0
101  Brazil 2020-04-08    42565           45161      47757              1545             15927                941        0         0
102  Brazil 2020-04-09    44605           47326      50047              1620             17857               1056        0         0
103  Brazil 2020-04-10    46742           49593      52444              1697             19638               1124        0         0
104  Brazil 2020-04-11    48980           51967      54954              1778             20727               1223        0         0
105  Brazil 2020-04-12    51324           54454      57584              1863             22169               1328        0         0
106  Brazil 2020-04-13    53777           57057      60337              1953             23430               1532        0         0
107  Brazil 2020-04-14    56345           59782      63219              2046             25262               1736        0         0
108  Brazil 2020-04-15    59035           62636      66237              2143             28320               1924        0         0
109  Brazil 2020-04-16    61850           65622      69394              2246             30425               2141        0         0
110  Brazil 2020-04-17    64797           68749      72701              2353             33682               2347        0         0
111  Brazil 2020-04-18    67881           72021      76161              2465             36599               2462        0         0
112  Brazil 2020-04-19    71109           75446      79783              2582             38654               2575        0         0
113  Brazil 2020-04-20    74486           79029      83572              2704             40581               2741        0         0
114  Brazil 2020-04-21    78020           82779      87538              2833             43079               2906        0         0
115  Brazil 2020-04-22    81718           86702      91686              2967             45757               3313        0         0
116  Brazil 2020-04-23    85586           90806      96026              3107             49492               3670        0         0
117  Brazil 2020-04-24    89631           95098     100565              3254             52995               4016        0         0
118  Brazil 2020-04-25    93863           99588     105313              3408             58509               4205        0         0
119  Brazil 2020-04-26    98288          104283     110278              3569             61888               4543        0         0
120  Brazil 2020-04-27   102916          109193     115470              3737             66501               5017        0         0
121  Brazil 2020-04-28   107753          114325     120897              3912             71886               5466        0         0
122  Brazil 2020-04-29   112810          119691     126572              4096             78162               5901        0         0
123  Brazil 2020-04-30   118095          125298     132501              4288             85380               6329        0         0
124  Brazil 2020-05-01   123619          131159     138699              4488             91589               6750        0         0
125  Brazil 2020-05-02   129390          137282     145174              4698             96559               7025        0         0
126  Brazil 2020-05-03   135419          143679     151939              4917            101147               7321        0         0
127  Brazil 2020-05-04   141716          150360     159004              5146            107780               7921        0         0
128  Brazil 2020-05-05   148292          157337     166382              5384            114715               8536        0         0
129  Brazil 2020-05-06   155159          164623     174087              5634            125218               9146        0         0
130  Brazil 2020-05-07   162327          172228     182129              5894            135106               9897        0         0
131  Brazil 2020-05-08   169808          180165     190522              6165            145328              10627        0         0
132  Brazil 2020-05-09   177614          188447     199280              6449            155939              11123        0         0
133  Brazil 2020-05-10   185757          197087     208417              6745            162699              11519        0         0
134  Brazil 2020-05-11   194251          206099     217947              7053            168331              12400        0         0
135  Brazil 2020-05-12   203107          215495     227883              7375            177589              13149        0         0
136  Brazil 2020-05-13   212339          225291     238243              7710            188974              13993        0         0
137  Brazil 2020-05-14   221962          235500     249038              8059            202918              14817        0         0
138  Brazil 2020-05-15   231986          246136     260286              8423            218223              15633        0         0
139  Brazil 2020-05-16   242427          257214     272001              8802            233142              16118        0         0
140  Brazil 2020-05-17   253300          268750     284200              9197            241080              16792        0         0
141  Brazil 2020-05-18   264618          280758     296898              9608            254220              17971        0         0
142  Brazil 2020-05-19   276394          293253     310112             10035            271628              18859        0         0
143  Brazil 2020-05-20   288646          306252     323858             10480            291579              20047        0         0
144  Brazil 2020-05-21   301385          319768     338151             10943            310087              21048        0         0
145  Brazil 2020-05-22   314628          333819     353010             11424            330890              22013        0         0
146  Brazil 2020-05-23   328389          348419     368449             11923            347398              22666        0         0
147  Brazil 2020-05-24   342681          363583     384485             12442            363211              23473        0         0
148  Brazil 2020-05-25   357521          379328     401135             12981            374898              24512        0         0
149  Brazil 2020-05-26   372921          395667     418413             13540            391222              25598        0         0
150  Brazil 2020-05-27   388896          412617     436338             14120            411821              26754        0         0
151  Brazil 2020-05-28   405461          430192     454923             14722            438238              27878        0         0
152  Brazil 2020-05-29   422628          448406     474184             15345            465166              28834        0         0
153  Brazil 2020-05-30   440410          467273     494136             15991            498440              29314        0         0
154  Brazil 2020-05-31   458820          486806     514792             16659            514849              29937        0         0
155  Brazil 2020-06-01   477870          507018     536166             17351            526447              31199        0         0
156  Brazil 2020-06-02   497573          527922     558271             18066            555383              32548        0         0
157  Brazil 2020-06-03   517937          549528     581119             18806            584016              34021        0         0
158  Brazil 2020-06-04   538973          571847     604721             19569            614932              35026        0         0
159  Brazil 2020-06-05   560689          594888     629087             20358            645762              35930        0         0
160  Brazil 2020-06-06   583094          618660     654226             21171            672837              36455        0         0
161  Brazil 2020-06-07   606196          643171     680146             22010            691758              37134        0         0
162  Brazil 2020-06-08   629998          668425     706852             22874            707412              38406        0         0
163  Brazil 2020-06-09   654507          694428     734349             23764            739503              39680        0         0
164  Brazil 2020-06-10   679724          721184     762644             24680            772416              40919        0         0
165  Brazil 2020-06-11   705652          748693     791734             25621            802828              41828        0         0
166  Brazil 2020-06-12   732290          776956     821622             26588            828810              42720        0         0
167  Brazil 2020-06-13   759637          805971     852305             27581            850514              43332        0         0
168  Brazil 2020-06-14   787689          835734     883779             28600            867624              43959        0         0
169  Brazil 2020-06-15   816441          866240     916039             29644            888271              45241        0         0
170  Brazil 2020-06-16   845887          897482     949077             30713            923189              46510        0         0
171  Brazil 2020-06-17   876018          929450     982882             31807            955377              47748        0         0
172  Brazil 2020-06-18   906821          962132    1017443             32925            978142              48954        0         0
173  Brazil 2020-06-19   938285          995515    1052745             34068           1032913              49976        0         0
174  Brazil 2020-06-20   970393         1029582    1088771             35234           1067579              50617        0         0
175  Brazil 2020-06-21  1003130         1064316    1125502             36422           1085038              51271        0         0
176  Brazil 2020-06-22  1036475         1099695    1162915             37633           1106470              52645        0         0
177  Brazil 2020-06-23  1070408         1135697    1200986             38865           1145906              53830        0         0
178  Brazil 2020-06-24  1104905         1172298    1239691             40118           1188631              54971        0         0
179  Brazil 2020-06-25  1139939         1209469    1278999             41390           1228114              55961        0         0
180  Brazil 2020-06-26  1175484         1247182    1318880             42680           1274974              57070        0         0
181  Brazil 2020-06-27  1211508         1285404    1359300             43988           1313667              57622        0         0
182  Brazil 2020-06-28  1247984         1324104    1400224             45313           1344143              58314        0         0
183  Brazil 2020-06-29  1284873         1363244    1441615             46652           1368195              59594        0         0
184  Brazil 2020-06-30  1322145         1402789    1483433             48005           1402041              60632        0         0
185  Brazil 2020-07-01  1359760         1442698    1525636             49371           1448753              61884        0         0
186  Brazil 2020-07-02  1397681         1482932    1568183             50748           1496858              63174        0         0
187  Brazil 2020-07-03  1435869         1523449    1611029             52134           1539081              64265        0         0
188  Brazil 2020-07-04  1474282         1564206    1654130             53529           1577004              64867        0         0
189  Brazil 2020-07-05  1512880         1605158    1697436             54931           1603055              65487        0         0
190  Brazil 2020-07-06  1551620         1646261    1740902             56337           1623284              66741        0         0
191  Brazil 2020-07-07  1590458         1687468    1784478             57747           1668589              67964        0         0
192  Brazil 2020-07-08  1629353         1728735    1828117             59160           1713160              69184        0         0
193  Brazil 2020-07-09  1668258         1770013    1871768             60572           1755779              70398        0         0
194  Brazil 2020-07-10  1707132         1811258    1915384             61984           1800827              71469        0         0
195  Brazil 2020-07-11  1745929         1852422    1958915             63392           1839850              72100        0         0
196  Brazil 2020-07-12  1784608         1893460    2002312             64797           1864681              72833        0         0
197  Brazil 2020-07-13  1823125         1934326    2045527             66195           1884967              74133        0         0
198  Brazil 2020-07-14  1861438         1974976    2088514             67586           1926824              75366        0         0
199  Brazil 2020-07-15  1899506         2015366    2131226             68968           1966748              76688        0         0
200  Brazil 2020-07-16  1937289         2055453    2173617             70340           2012151              77851        0         0
201  Brazil 2020-07-17  1974748         2095197    2215646             71700           2046328              78772        0         0
202  Brazil 2020-07-18  2011845         2134557    2257269             73047           2074860              79488        0         0
203  Brazil 2020-07-19  2048545         2173495    2298445             74380           2098389              80120        0         0
204  Brazil 2020-07-20  2084813         2211976    2339139             75697           2118646              81487        0         0
205  Brazil 2020-07-21  2120617         2249964    2379311             76997           2159654              82771        0         0
206  Brazil 2020-07-22  2155927         2287427    2418927             78279           2227514              84082        0         0
207  Brazil 2020-07-23  2190712         2324334    2457956             79542           2287475              85238        0         0
208  Brazil 2020-07-24  2224948         2360658    2496368             80785           2343366              86449        0         0
209  Brazil 2020-07-25  2258609         2396372    2534135             82007           2394513              87004        0         0
210  Brazil 2020-07-26  2291671         2431451    2571231             83207           2419091              87618        0         0
211  Brazil 2020-07-27  2324116         2465875    2607634             84385           2442375              88539        0         0
212  Brazil 2020-07-28  2355925         2499624    2643323             85540           2483191              90134        0         0
213  Brazil 2020-07-29  2387082         2532681    2678280             86672           2552265              91263        0         0
214  Brazil 2020-07-30  2417571         2565030    2712489             87779           2610102              92475        0         0
215  Brazil 2020-07-31  2447383         2596660    2745937             88861           2662485              93563        0         0
216  Brazil 2020-08-01  2476504         2627558    2778612             89918           2707877              94104        0         0
217  Brazil 2020-08-02  2504929         2657717    2810505             90951           2733677              94665        0         0
218  Brazil 2020-08-03  2532652         2687131    2841610             91957           2750318              96096        0         0
219  Brazil 2020-08-04  2559668         2715794    2871920             92938           2808076              96096        0         0
220  Brazil 2020-08-05  2585973         2743704    2901435             93893                NA                 NA        0         0
221  Brazil 2020-08-06  2611568         2770860    2930152             94822                NA                 NA        0         0
222  Brazil 2020-08-07  2636453         2797263    2958073             95726                NA                 NA        0         0
223  Brazil 2020-08-08  2660631         2822916    2985201             96604                NA                 NA        0         0
224  Brazil 2020-08-09  2684105         2847821    3011537             97456                NA                 NA        0         0
225  Brazil 2020-08-10  2706880         2871985    3037090             98283                NA                 NA        0         0
226  Brazil 2020-08-11  2728962         2895414    3061866             99085                NA                 NA        0         0
227  Brazil 2020-08-12  2750359         2918116    3085873             99862                NA                 NA        0         0
228  Brazil 2020-08-13  2771079         2940100    3109121            100614                NA                 NA        0         0
229  Brazil 2020-08-14  2791131         2961375    3131619            101342                NA                 NA        0         0

Fontes:
	OMS - https://ourworldindata.org/coronavirus-source-data
	Worldometers - https://www.worldometers.info/coronavirus