
 Brazil 
Projecao:  7  dias
Gerado em:  2020-04-09 12:42:54
RMSE(%):  10.4 , BIAS(%): 1.26

Taxa de Mortalidade 5.08 %

    country       dias otimista casos_estimados pessimista estimativa_mortes casos_confirmados mortes_confirmadas latitude longitude
90   Brazil 2020-03-28     3340            3726       4112               189              3904                136        0         0
91   Brazil 2020-03-29     3909            4361       4813               221              4256                159        0         0
92   Brazil 2020-03-30     4556            5082       5608               258              4579                201        0         0
93   Brazil 2020-03-31     5284            5895       6506               299              5717                241        0         0
94   Brazil 2020-04-01     6096            6800       7504               345              6836                299        0         0
95   Brazil 2020-04-02     6989            7797       8605               396              7910                359        0         0
96   Brazil 2020-04-03     7963            8883       9803               451              9056                432        0         0
97   Brazil 2020-04-04     9007           10048      11089               510             10278                486        0         0
98   Brazil 2020-04-05    10112           11281      12450               573             11130                553        0         0
99   Brazil 2020-04-06    11263           12565      13867               638             12056                667        0         0
100  Brazil 2020-04-07    12443           13881      15319               704             13717                800        0         0
101  Brazil 2020-04-08    13634           15209      16784               772             15927                826        0         0
102  Brazil 2020-04-09    14813           16525      18237               839             16275                826        0         0
103  Brazil 2020-04-10    15964           17809      19654               904                NA                 NA        0         0
104  Brazil 2020-04-11    17069           19041      21013               966                NA                 NA        0         0
105  Brazil 2020-04-12    18113           20206      22299              1026                NA                 NA        0         0
106  Brazil 2020-04-13    19086           21291      23496              1081                NA                 NA        0         0
107  Brazil 2020-04-14    19979           22288      24597              1131                NA                 NA        0         0
108  Brazil 2020-04-15    20791           23193      25595              1177                NA                 NA        0         0
109  Brazil 2020-04-16    21518           24005      26492              1218                NA                 NA        0         0

Total de casos no mundo:  1541739 1541739

Estimados a partir dos dados da OMS:
    day       date     x  xest
1     1 2019-12-30     0     0
2     2 2019-12-31     0     0
3     3 2020-01-01     0     0
4     4 2020-01-02     0     0
5     5 2020-01-03     0     0
6     6 2020-01-04     0     0
7     7 2020-01-05     0     0
8     8 2020-01-06     0     0
9     9 2020-01-07     0     0
10   10 2020-01-08     0     0
11   11 2020-01-09     0     0
12   12 2020-01-10     0     0
13   13 2020-01-11     0     0
14   14 2020-01-12     0     0
15   15 2020-01-13     0     0
16   16 2020-01-14     0     0
17   17 2020-01-15     0     0
18   18 2020-01-16     0     0
19   19 2020-01-17     0     0
20   20 2020-01-18     0     0
21   21 2020-01-19     0     0
22   22 2020-01-20     0     0
23   23 2020-01-21     0     0
24   24 2020-01-22     0     0
25   25 2020-01-23     0     0
26   26 2020-01-24     0     0
27   27 2020-01-25     0     0
28   28 2020-01-26     0     0
29   29 2020-01-27     0     0
30   30 2020-01-28     0     0
31   31 2020-01-29     0     0
32   32 2020-01-30     0     0
33   33 2020-01-31     0     0
34   34 2020-02-01     0     0
35   35 2020-02-02     0     0
36   36 2020-02-03     0     0
37   37 2020-02-04     0     0
38   38 2020-02-05     0     0
39   39 2020-02-06     0     0
40   40 2020-02-07     0     0
41   41 2020-02-08     0     1
42   42 2020-02-09     0     1
43   43 2020-02-10     0     1
44   44 2020-02-11     0     1
45   45 2020-02-12     0     1
46   46 2020-02-13     0     1
47   47 2020-02-14     0     2
48   48 2020-02-15     0     2
49   49 2020-02-16     0     2
50   50 2020-02-17     0     3
51   51 2020-02-18     0     3
52   52 2020-02-19     0     4
53   53 2020-02-20     0     5
54   54 2020-02-21     0     6
55   55 2020-02-22     0     7
56   56 2020-02-23     0     9
57   57 2020-02-24     0    10
58   58 2020-02-25     1    12
59   59 2020-02-26     1    15
60   60 2020-02-27     1    18
61   61 2020-02-28     1    21
62   62 2020-02-29     2    26
63   63 2020-03-01     2    31
64   64 2020-03-02     0    37
65   65 2020-03-03     0    44
66   66 2020-03-04     3    53
67   67 2020-03-05     8    64
68   68 2020-03-06    13    77
69   69 2020-03-07    13    92
70   70 2020-03-08    25   110
71   71 2020-03-09     0   132
72   72 2020-03-10    34   159
73   73 2020-03-11    52   190
74   74 2020-03-12    77   228
75   75 2020-03-13    98   273
76   76 2020-03-14   121   327
77   77 2020-03-15   200   392
78   78 2020-03-16   234   470
79   79 2020-03-17   291   562
80   80 2020-03-18   428   672
81   81 2020-03-19   621   803
82   82 2020-03-20   904   958
83   83 2020-03-21  1128  1143
84   84 2020-03-22  1546  1361
85   85 2020-03-23  1891  1619
86   86 2020-03-24  2201  1922
87   87 2020-03-25  2433  2277
88   88 2020-03-26  2915  2691
89   89 2020-03-27  3417  3172
90   90 2020-03-28  3904  3726
91   91 2020-03-29  4256  4361
92   92 2020-03-30  4579  5082
93   93 2020-03-31  5717  5895
94   94 2020-04-01  6836  6800
95   95 2020-04-02  7910  7797
96   96 2020-04-03  9056  8883
97   97 2020-04-04 10278 10048
98   98 2020-04-05 11130 11281
99   99 2020-04-06 12056 12565
100 100 2020-04-07 13717 13881
101 101 2020-04-08 15927 15209
102 102 2020-04-09 16275 16525


Todos os dados gerados
    country       dias otimista casos_estimados pessimista estimativa_mortes casos_confirmados mortes_confirmadas latitude longitude
1    Brazil 2019-12-30        0               0          0                 0                 0                  0        0         0
2    Brazil 2019-12-31        0               0          0                 0                 0                  0        0         0
3    Brazil 2020-01-01        0               0          0                 0                 0                  0        0         0
4    Brazil 2020-01-02        0               0          0                 0                 0                  0        0         0
5    Brazil 2020-01-03        0               0          0                 0                 0                  0        0         0
6    Brazil 2020-01-04        0               0          0                 0                 0                  0        0         0
7    Brazil 2020-01-05        0               0          0                 0                 0                  0        0         0
8    Brazil 2020-01-06        0               0          0                 0                 0                  0        0         0
9    Brazil 2020-01-07        0               0          0                 0                 0                  0        0         0
10   Brazil 2020-01-08        0               0          0                 0                 0                  0        0         0
11   Brazil 2020-01-09        0               0          0                 0                 0                  0        0         0
12   Brazil 2020-01-10        0               0          0                 0                 0                  0        0         0
13   Brazil 2020-01-11        0               0          0                 0                 0                  0        0         0
14   Brazil 2020-01-12        0               0          0                 0                 0                  0        0         0
15   Brazil 2020-01-13        0               0          0                 0                 0                  0        0         0
16   Brazil 2020-01-14        0               0          0                 0                 0                  0        0         0
17   Brazil 2020-01-15        0               0          0                 0                 0                  0        0         0
18   Brazil 2020-01-16        0               0          0                 0                 0                  0        0         0
19   Brazil 2020-01-17        0               0          0                 0                 0                  0        0         0
20   Brazil 2020-01-18        0               0          0                 0                 0                  0        0         0
21   Brazil 2020-01-19        0               0          0                 0                 0                  0        0         0
22   Brazil 2020-01-20        0               0          0                 0                 0                  0        0         0
23   Brazil 2020-01-21        0               0          0                 0                 0                  0        0         0
24   Brazil 2020-01-22        0               0          0                 0                 0                  0        0         0
25   Brazil 2020-01-23        0               0          0                 0                 0                  0        0         0
26   Brazil 2020-01-24        0               0          0                 0                 0                  0        0         0
27   Brazil 2020-01-25        0               0          0                 0                 0                  0        0         0
28   Brazil 2020-01-26        0               0          0                 0                 0                  0        0         0
29   Brazil 2020-01-27        0               0          0                 0                 0                  0        0         0
30   Brazil 2020-01-28        0               0          0                 0                 0                  0        0         0
31   Brazil 2020-01-29        0               0          0                 0                 0                  0        0         0
32   Brazil 2020-01-30        0               0          0                 0                 0                  0        0         0
33   Brazil 2020-01-31        0               0          0                 0                 0                  0        0         0
34   Brazil 2020-02-01        0               0          0                 0                 0                  0        0         0
35   Brazil 2020-02-02        0               0          0                 0                 0                  0        0         0
36   Brazil 2020-02-03        0               0          0                 0                 0                  0        0         0
37   Brazil 2020-02-04        0               0          0                 0                 0                  0        0         0
38   Brazil 2020-02-05        0               0          0                 0                 0                  0        0         0
39   Brazil 2020-02-06        0               0          0                 0                 0                  0        0         0
40   Brazil 2020-02-07        0               0          0                 0                 0                  0        0         0
41   Brazil 2020-02-08        1               1          1                 0                 0                  0        0         0
42   Brazil 2020-02-09        1               1          1                 0                 0                  0        0         0
43   Brazil 2020-02-10        1               1          1                 0                 0                  0        0         0
44   Brazil 2020-02-11        1               1          1                 0                 0                  0        0         0
45   Brazil 2020-02-12        1               1          1                 0                 0                  0        0         0
46   Brazil 2020-02-13        1               1          1                 0                 0                  0        0         0
47   Brazil 2020-02-14        2               2          2                 0                 0                  0        0         0
48   Brazil 2020-02-15        2               2          2                 0                 0                  0        0         0
49   Brazil 2020-02-16        2               2          2                 0                 0                  0        0         0
50   Brazil 2020-02-17        3               3          3                 0                 0                  0        0         0
51   Brazil 2020-02-18        3               3          3                 0                 0                  0        0         0
52   Brazil 2020-02-19        4               4          4                 0                 0                  0        0         0
53   Brazil 2020-02-20        4               5          6                 0                 0                  0        0         0
54   Brazil 2020-02-21        5               6          7                 0                 0                  0        0         0
55   Brazil 2020-02-22        6               7          8                 0                 0                  0        0         0
56   Brazil 2020-02-23        8               9         10                 0                 0                  0        0         0
57   Brazil 2020-02-24        9              10         11                 1                 0                  0        0         0
58   Brazil 2020-02-25       11              12         13                 1                 1                  0        0         0
59   Brazil 2020-02-26       13              15         17                 1                 1                  0        0         0
60   Brazil 2020-02-27       16              18         20                 1                 1                  0        0         0
61   Brazil 2020-02-28       19              21         23                 1                 1                  0        0         0
62   Brazil 2020-02-29       23              26         29                 1                 2                  0        0         0
63   Brazil 2020-03-01       28              31         34                 2                 2                 NA        0         0
64   Brazil 2020-03-02       33              37         41                 2                 0                 NA        0         0
65   Brazil 2020-03-03       39              44         49                 2                 0                  0        0         0
66   Brazil 2020-03-04       48              53         58                 3                 3                  0        0         0
67   Brazil 2020-03-05       57              64         71                 3                 8                  0        0         0
68   Brazil 2020-03-06       69              77         85                 4                13                  0        0         0
69   Brazil 2020-03-07       82              92        102                 5                13                  0        0         0
70   Brazil 2020-03-08       99             110        121                 6                25                 NA        0         0
71   Brazil 2020-03-09      118             132        146                 7                 0                  0        0         0
72   Brazil 2020-03-10      143             159        175                 8                34                  0        0         0
73   Brazil 2020-03-11      170             190        210                10                52                  0        0         0
74   Brazil 2020-03-12      204             228        252                12                77                  0        0         0
75   Brazil 2020-03-13      245             273        301                14                98                  0        0         0
76   Brazil 2020-03-14      293             327        361                17               121                  0        0         0
77   Brazil 2020-03-15      351             392        433                20               200                  0        0         0
78   Brazil 2020-03-16      421             470        519                24               234                  1        0         0
79   Brazil 2020-03-17      504             562        620                29               291                  4        0         0
80   Brazil 2020-03-18      602             672        742                34               428                  6        0         0
81   Brazil 2020-03-19      720             803        886                41               621                 11        0         0
82   Brazil 2020-03-20      859             958       1057                49               904                 18        0         0
83   Brazil 2020-03-21     1025            1143       1261                58              1128                 25        0         0
84   Brazil 2020-03-22     1220            1361       1502                69              1546                 34        0         0
85   Brazil 2020-03-23     1451            1619       1787                82              1891                 46        0         0
86   Brazil 2020-03-24     1723            1922       2121                98              2201                 57        0         0
87   Brazil 2020-03-25     2041            2277       2513               116              2433                 77        0         0
88   Brazil 2020-03-26     2412            2691       2970               137              2915                 92        0         0
89   Brazil 2020-03-27     2843            3172       3501               161              3417                114        0         0
90   Brazil 2020-03-28     3340            3726       4112               189              3904                136        0         0
91   Brazil 2020-03-29     3909            4361       4813               221              4256                159        0         0
92   Brazil 2020-03-30     4556            5082       5608               258              4579                201        0         0
93   Brazil 2020-03-31     5284            5895       6506               299              5717                241        0         0
94   Brazil 2020-04-01     6096            6800       7504               345              6836                299        0         0
95   Brazil 2020-04-02     6989            7797       8605               396              7910                359        0         0
96   Brazil 2020-04-03     7963            8883       9803               451              9056                432        0         0
97   Brazil 2020-04-04     9007           10048      11089               510             10278                486        0         0
98   Brazil 2020-04-05    10112           11281      12450               573             11130                553        0         0
99   Brazil 2020-04-06    11263           12565      13867               638             12056                667        0         0
100  Brazil 2020-04-07    12443           13881      15319               704             13717                800        0         0
101  Brazil 2020-04-08    13634           15209      16784               772             15927                826        0         0
102  Brazil 2020-04-09    14813           16525      18237               839             16275                826        0         0
103  Brazil 2020-04-10    15964           17809      19654               904                NA                 NA        0         0
104  Brazil 2020-04-11    17069           19041      21013               966                NA                 NA        0         0
105  Brazil 2020-04-12    18113           20206      22299              1026                NA                 NA        0         0
106  Brazil 2020-04-13    19086           21291      23496              1081                NA                 NA        0         0
107  Brazil 2020-04-14    19979           22288      24597              1131                NA                 NA        0         0
108  Brazil 2020-04-15    20791           23193      25595              1177                NA                 NA        0         0
109  Brazil 2020-04-16    21518           24005      26492              1218                NA                 NA        0         0

Fontes:
	OMS - https://ourworldindata.org/coronavirus-source-data
	Worldometers - https://www.worldometers.info/coronavirus