
 Brazil 
Projecao:  10  dias
Gerado em:  2020-06-21 20:06:21
RMSE(%):  3.4 , BIAS(%): 0.75

Taxa de Mortalidade 4.66 %

    country       dias otimista casos_estimados pessimista estimativa_mortes casos_confirmados mortes_confirmadas latitude longitude
166  Brazil 2020-06-12   800020          827781     855542             38616            828810              42720        0         0
167  Brazil 2020-06-13   826841          855533     884225             39911            850514              43332        0         0
168  Brazil 2020-06-14   853562          883181     912800             41200            867624              43959        0         0
169  Brazil 2020-06-15   880122          910662     941202             42482            888271              45241        0         0
170  Brazil 2020-06-16   906459          937913     969367             43754            923189              46510        0         0
171  Brazil 2020-06-17   932515          964874     997233             45011            955377              47748        0         0
172  Brazil 2020-06-18   958236          991487    1024738             46253            978142              48954        0         0
173  Brazil 2020-06-19   983569         1017699    1051829             47476           1032913              49976        0         0
174  Brazil 2020-06-20  1008463         1043457    1078451             48677           1067579              50617        0         0
175  Brazil 2020-06-21  1032875         1068716    1104557             49856           1085038              50617        0         0
176  Brazil 2020-06-22  1056761         1093431    1130101             51009                NA                 NA        0         0
177  Brazil 2020-06-23  1080085         1117564    1155043             52134                NA                 NA        0         0
178  Brazil 2020-06-24  1102812         1141080    1179348             53231                NA                 NA        0         0
179  Brazil 2020-06-25  1124916         1163951    1202986             54298                NA                 NA        0         0
180  Brazil 2020-06-26  1146372         1186151    1225930             55334                NA                 NA        0         0
181  Brazil 2020-06-27  1167158         1207659    1248160             56337                NA                 NA        0         0
182  Brazil 2020-06-28  1187260         1228458    1269656             57308                NA                 NA        0         0
183  Brazil 2020-06-29  1206666         1248538    1290410             58244                NA                 NA        0         0
184  Brazil 2020-06-30  1225368         1267889    1310410             59147                NA                 NA        0         0
185  Brazil 2020-07-01  1243364         1286509    1329654             60016                NA                 NA        0         0

Total de casos no mundo:  9033193 2727152 1775332 2310959 1900824 309126 9079 721 9033193

Estimados a partir dos dados da OMS:
    day       date       x    xest
1     1 2019-12-30       0      21
2     2 2019-12-31       0      22
3     3 2020-01-01       0      24
4     4 2020-01-02       0      26
5     5 2020-01-03       0      27
6     6 2020-01-04       0      29
7     7 2020-01-05       0      31
8     8 2020-01-06       0      34
9     9 2020-01-07       0      36
10   10 2020-01-08       0      38
11   11 2020-01-09       0      41
12   12 2020-01-10       0      44
13   13 2020-01-11       0      47
14   14 2020-01-12       0      51
15   15 2020-01-13       0      54
16   16 2020-01-14       0      58
17   17 2020-01-15       0      62
18   18 2020-01-16       0      67
19   19 2020-01-17       0      71
20   20 2020-01-18       0      76
21   21 2020-01-19       0      82
22   22 2020-01-20       0      88
23   23 2020-01-21       0      94
24   24 2020-01-22       0     100
25   25 2020-01-23       0     108
26   26 2020-01-24       0     115
27   27 2020-01-25       0     123
28   28 2020-01-26       0     132
29   29 2020-01-27       0     142
30   30 2020-01-28       0     152
31   31 2020-01-29       0     162
32   32 2020-01-30       0     174
33   33 2020-01-31       0     186
34   34 2020-02-01       0     199
35   35 2020-02-02       0     213
36   36 2020-02-03       0     229
37   37 2020-02-04       0     245
38   38 2020-02-05       0     262
39   39 2020-02-06       0     281
40   40 2020-02-07       0     301
41   41 2020-02-08       0     322
42   42 2020-02-09       0     345
43   43 2020-02-10       0     369
44   44 2020-02-11       0     396
45   45 2020-02-12       0     424
46   46 2020-02-13       0     454
47   47 2020-02-14       0     486
48   48 2020-02-15       0     520
49   49 2020-02-16       0     557
50   50 2020-02-17       0     597
51   51 2020-02-18       0     639
52   52 2020-02-19       0     684
53   53 2020-02-20       0     733
54   54 2020-02-21       0     785
55   55 2020-02-22       0     840
56   56 2020-02-23       0     900
57   57 2020-02-24       0     964
58   58 2020-02-25       1    1032
59   59 2020-02-26       1    1105
60   60 2020-02-27       1    1183
61   61 2020-02-28       1    1267
62   62 2020-02-29       2    1357
63   63 2020-03-01       2    1453
64   64 2020-03-02       2    1556
65   65 2020-03-03       2    1666
66   66 2020-03-04       3    1784
67   67 2020-03-05       8    1911
68   68 2020-03-06      13    2046
69   69 2020-03-07      13    2191
70   70 2020-03-08      25    2346
71   71 2020-03-09      25    2513
72   72 2020-03-10      34    2690
73   73 2020-03-11      52    2881
74   74 2020-03-12      77    3085
75   75 2020-03-13      98    3303
76   76 2020-03-14     121    3537
77   77 2020-03-15     200    3787
78   78 2020-03-16     234    4055
79   79 2020-03-17     291    4342
80   80 2020-03-18     428    4649
81   81 2020-03-19     621    4978
82   82 2020-03-20     904    5330
83   83 2020-03-21    1128    5706
84   84 2020-03-22    1546    6110
85   85 2020-03-23    1891    6541
86   86 2020-03-24    2201    7003
87   87 2020-03-25    2433    7497
88   88 2020-03-26    2915    8027
89   89 2020-03-27    3417    8593
90   90 2020-03-28    3904    9199
91   91 2020-03-29    4256    9847
92   92 2020-03-30    4579   10541
93   93 2020-03-31    5717   11284
94   94 2020-04-01    6836   12078
95   95 2020-04-02    7910   12928
96   96 2020-04-03    9056   13837
97   97 2020-04-04   10278   14809
98   98 2020-04-05   11130   15849
99   99 2020-04-06   12056   16962
100 100 2020-04-07   13717   18151
101 101 2020-04-08   15927   19423
102 102 2020-04-09   17857   20783
103 103 2020-04-10   19638   22237
104 104 2020-04-11   20727   23791
105 105 2020-04-12   22169   25452
106 106 2020-04-13   23430   27227
107 107 2020-04-14   25262   29124
108 108 2020-04-15   28320   31149
109 109 2020-04-16   30425   33313
110 110 2020-04-17   33682   35624
111 111 2020-04-18   36599   38092
112 112 2020-04-19   38654   40725
113 113 2020-04-20   40581   43536
114 114 2020-04-21   43079   46536
115 115 2020-04-22   45757   49735
116 116 2020-04-23   49492   53147
117 117 2020-04-24   52995   56784
118 118 2020-04-25   58509   60661
119 119 2020-04-26   61888   64792
120 120 2020-04-27   66501   69191
121 121 2020-04-28   71886   73875
122 122 2020-04-29   78162   78860
123 123 2020-04-30   85380   84163
124 124 2020-05-01   91589   89802
125 125 2020-05-02   96559   95795
126 126 2020-05-03  101147  102162
127 127 2020-05-04  107780  108921
128 128 2020-05-05  114715  116094
129 129 2020-05-06  125218  123700
130 130 2020-05-07  135106  131761
131 131 2020-05-08  145328  140298
132 132 2020-05-09  155939  149333
133 133 2020-05-10  162699  158887
134 134 2020-05-11  168331  168983
135 135 2020-05-12  177589  179641
136 136 2020-05-13  188974  190883
137 137 2020-05-14  202918  202730
138 138 2020-05-15  218223  215201
139 139 2020-05-16  233142  228316
140 140 2020-05-17  241080  242093
141 141 2020-05-18  254220  256549
142 142 2020-05-19  271628  271698
143 143 2020-05-20  291579  287552
144 144 2020-05-21  310087  304124
145 145 2020-05-22  330890  321421
146 146 2020-05-23  347398  339448
147 147 2020-05-24  363211  358209
148 148 2020-05-25  374898  377700
149 149 2020-05-26  391222  397918
150 150 2020-05-27  411821  418855
151 151 2020-05-28  438238  440497
152 152 2020-05-29  465166  462827
153 153 2020-05-30  498440  485824
154 154 2020-05-31  514849  509461
155 155 2020-06-01  526447  533708
156 156 2020-06-02  555383  558531
157 157 2020-06-03  584016  583888
158 158 2020-06-04  614932  609737
159 159 2020-06-05  645762  636030
160 160 2020-06-06  672837  662714
161 161 2020-06-07  691758  689735
162 162 2020-06-08  707412  717035
163 163 2020-06-09  739503  744553
164 164 2020-06-10  772416  772226
165 165 2020-06-11  802828  799990
166 166 2020-06-12  828810  827781
167 167 2020-06-13  850514  855533
168 168 2020-06-14  867624  883181
169 169 2020-06-15  888271  910662
170 170 2020-06-16  923189  937913
171 171 2020-06-17  955377  964874
172 172 2020-06-18  978142  991487
173 173 2020-06-19 1032913 1017699
174 174 2020-06-20 1067579 1043457
175 175 2020-06-21 1085038 1068716

Intervalo de Confianca
              2.5%         97.5%
Asym 1589131.28652 1657802.43997
xmid     164.77299     166.06131
scal      14.40674      14.78335


Formula: x ~ SSlogis(day, Asym, xmid, scal)

Parameters:
          Estimate    Std. Error t value            Pr(>|t|)    
Asym 1622444.63030   17379.79802   93.35 <0.0000000000000002 ***
xmid     165.40414       0.32647  506.64 <0.0000000000000002 ***
scal      14.59363       0.09634  151.49 <0.0000000000000002 ***
---
Signif. codes:  0 ‘***’ 0.001 ‘**’ 0.01 ‘*’ 0.05 ‘.’ 0.1 ‘ ’ 1

Residual standard error: 4986 on 172 degrees of freedom

Number of iterations to convergence: 11 
Achieved convergence tolerance: 0.0000000149


Brazil: o primeiro caso foi registrado em 25/02/2020 na data 21/06/2020 temos 117 dias desde o primeiro caso. A data de pico prevista pelo modelo logístico é 08/08/2020 (dia 165 desde os primeiros casos relatados).
Em 08/08/2020 o modelo estima 1622445+/-17380 casos. De acordo com o modelo ajustado temos 48 de infecçao pela frente.

Todos os dados gerados
    country       dias otimista casos_estimados pessimista estimativa_mortes casos_confirmados mortes_confirmadas latitude longitude
1    Brazil 2019-12-30       20              21         22                 1                 0                  0        0         0
2    Brazil 2019-12-31       21              22         23                 1                 0                  0        0         0
3    Brazil 2020-01-01       23              24         25                 1                 0                  0        0         0
4    Brazil 2020-01-02       25              26         27                 1                 0                  0        0         0
5    Brazil 2020-01-03       26              27         28                 1                 0                  0        0         0
6    Brazil 2020-01-04       28              29         30                 1                 0                  0        0         0
7    Brazil 2020-01-05       30              31         32                 1                 0                  0        0         0
8    Brazil 2020-01-06       33              34         35                 2                 0                  0        0         0
9    Brazil 2020-01-07       35              36         37                 2                 0                  0        0         0
10   Brazil 2020-01-08       37              38         39                 2                 0                  0        0         0
11   Brazil 2020-01-09       40              41         42                 2                 0                  0        0         0
12   Brazil 2020-01-10       43              44         45                 2                 0                  0        0         0
13   Brazil 2020-01-11       45              47         49                 2                 0                  0        0         0
14   Brazil 2020-01-12       49              51         53                 2                 0                  0        0         0
15   Brazil 2020-01-13       52              54         56                 3                 0                  0        0         0
16   Brazil 2020-01-14       56              58         60                 3                 0                  0        0         0
17   Brazil 2020-01-15       60              62         64                 3                 0                  0        0         0
18   Brazil 2020-01-16       65              67         69                 3                 0                  0        0         0
19   Brazil 2020-01-17       69              71         73                 3                 0                  0        0         0
20   Brazil 2020-01-18       73              76         79                 4                 0                  0        0         0
21   Brazil 2020-01-19       79              82         85                 4                 0                  0        0         0
22   Brazil 2020-01-20       85              88         91                 4                 0                  0        0         0
23   Brazil 2020-01-21       91              94         97                 4                 0                  0        0         0
24   Brazil 2020-01-22       97             100        103                 5                 0                  0        0         0
25   Brazil 2020-01-23      104             108        112                 5                 0                  0        0         0
26   Brazil 2020-01-24      111             115        119                 5                 0                  0        0         0
27   Brazil 2020-01-25      119             123        127                 6                 0                  0        0         0
28   Brazil 2020-01-26      128             132        136                 6                 0                  0        0         0
29   Brazil 2020-01-27      137             142        147                 7                 0                  0        0         0
30   Brazil 2020-01-28      147             152        157                 7                 0                  0        0         0
31   Brazil 2020-01-29      157             162        167                 8                 0                  0        0         0
32   Brazil 2020-01-30      168             174        180                 8                 0                  0        0         0
33   Brazil 2020-01-31      180             186        192                 9                 0                  0        0         0
34   Brazil 2020-02-01      192             199        206                 9                 0                  0        0         0
35   Brazil 2020-02-02      206             213        220                10                 0                  0        0         0
36   Brazil 2020-02-03      221             229        237                11                 0                  0        0         0
37   Brazil 2020-02-04      237             245        253                11                 0                  0        0         0
38   Brazil 2020-02-05      253             262        271                12                 0                  0        0         0
39   Brazil 2020-02-06      272             281        290                13                 0                  0        0         0
40   Brazil 2020-02-07      291             301        311                14                 0                  0        0         0
41   Brazil 2020-02-08      311             322        333                15                 0                  0        0         0
42   Brazil 2020-02-09      333             345        357                16                 0                  0        0         0
43   Brazil 2020-02-10      357             369        381                17                 0                  0        0         0
44   Brazil 2020-02-11      383             396        409                18                 0                  0        0         0
45   Brazil 2020-02-12      410             424        438                20                 0                  0        0         0
46   Brazil 2020-02-13      439             454        469                21                 0                  0        0         0
47   Brazil 2020-02-14      470             486        502                23                 0                  0        0         0
48   Brazil 2020-02-15      503             520        537                24                 0                  0        0         0
49   Brazil 2020-02-16      538             557        576                26                 0                  0        0         0
50   Brazil 2020-02-17      577             597        617                28                 0                  0        0         0
51   Brazil 2020-02-18      618             639        660                30                 0                  0        0         0
52   Brazil 2020-02-19      661             684        707                32                 0                  0        0         0
53   Brazil 2020-02-20      708             733        758                34                 0                  0        0         0
54   Brazil 2020-02-21      759             785        811                37                 0                  0        0         0
55   Brazil 2020-02-22      812             840        868                39                 0                  0        0         0
56   Brazil 2020-02-23      870             900        930                42                 0                  0        0         0
57   Brazil 2020-02-24      932             964        996                45                 0                  0        0         0
58   Brazil 2020-02-25      997            1032       1067                48                 1                  0        0         0
59   Brazil 2020-02-26     1068            1105       1142                52                 1                  0        0         0
60   Brazil 2020-02-27     1143            1183       1223                55                 1                  0        0         0
61   Brazil 2020-02-28     1225            1267       1309                59                 1                  0        0         0
62   Brazil 2020-02-29     1311            1357       1403                63                 2                  0        0         0
63   Brazil 2020-03-01     1404            1453       1502                68                 2                  0        0         0
64   Brazil 2020-03-02     1504            1556       1608                73                 2                  0        0         0
65   Brazil 2020-03-03     1610            1666       1722                78                 2                  0        0         0
66   Brazil 2020-03-04     1724            1784       1844                83                 3                  0        0         0
67   Brazil 2020-03-05     1847            1911       1975                89                 8                  0        0         0
68   Brazil 2020-03-06     1977            2046       2115                95                13                  0        0         0
69   Brazil 2020-03-07     2118            2191       2264               102                13                  0        0         0
70   Brazil 2020-03-08     2267            2346       2425               109                25                  0        0         0
71   Brazil 2020-03-09     2429            2513       2597               117                25                  0        0         0
72   Brazil 2020-03-10     2600            2690       2780               125                34                  0        0         0
73   Brazil 2020-03-11     2784            2881       2978               134                52                  0        0         0
74   Brazil 2020-03-12     2982            3085       3188               144                77                  0        0         0
75   Brazil 2020-03-13     3192            3303       3414               154                98                  0        0         0
76   Brazil 2020-03-14     3418            3537       3656               165               121                  0        0         0
77   Brazil 2020-03-15     3660            3787       3914               177               200                  0        0         0
78   Brazil 2020-03-16     3919            4055       4191               189               234                  1        0         0
79   Brazil 2020-03-17     4196            4342       4488               203               291                  4        0         0
80   Brazil 2020-03-18     4493            4649       4805               217               428                  6        0         0
81   Brazil 2020-03-19     4811            4978       5145               232               621                 11        0         0
82   Brazil 2020-03-20     5151            5330       5509               249               904                 18        0         0
83   Brazil 2020-03-21     5515            5706       5897               266              1128                 25        0         0
84   Brazil 2020-03-22     5905            6110       6315               285              1546                 34        0         0
85   Brazil 2020-03-23     6322            6541       6760               305              1891                 46        0         0
86   Brazil 2020-03-24     6768            7003       7238               327              2201                 57        0         0
87   Brazil 2020-03-25     7246            7497       7748               350              2433                 77        0         0
88   Brazil 2020-03-26     7758            8027       8296               374              2915                 92        0         0
89   Brazil 2020-03-27     8305            8593       8881               401              3417                114        0         0
90   Brazil 2020-03-28     8890            9199       9508               429              3904                136        0         0
91   Brazil 2020-03-29     9517            9847      10177               459              4256                159        0         0
92   Brazil 2020-03-30    10187           10541      10895               492              4579                201        0         0
93   Brazil 2020-03-31    10906           11284      11662               526              5717                241        0         0
94   Brazil 2020-04-01    11673           12078      12483               563              6836                299        0         0
95   Brazil 2020-04-02    12494           12928      13362               603              7910                359        0         0
96   Brazil 2020-04-03    13373           13837      14301               645              9056                432        0         0
97   Brazil 2020-04-04    14312           14809      15306               691             10278                486        0         0
98   Brazil 2020-04-05    15317           15849      16381               739             11130                553        0         0
99   Brazil 2020-04-06    16393           16962      17531               791             12056                667        0         0
100  Brazil 2020-04-07    17542           18151      18760               847             13717                800        0         0
101  Brazil 2020-04-08    18772           19423      20074               906             15927                941        0         0
102  Brazil 2020-04-09    20086           20783      21480               970             17857               1056        0         0
103  Brazil 2020-04-10    21491           22237      22983              1037             19638               1124        0         0
104  Brazil 2020-04-11    22993           23791      24589              1110             20727               1223        0         0
105  Brazil 2020-04-12    24598           25452      26306              1187             22169               1328        0         0
106  Brazil 2020-04-13    26314           27227      28140              1270             23430               1532        0         0
107  Brazil 2020-04-14    28147           29124      30101              1359             25262               1736        0         0
108  Brazil 2020-04-15    30104           31149      32194              1453             28320               1924        0         0
109  Brazil 2020-04-16    32196           33313      34430              1554             30425               2141        0         0
110  Brazil 2020-04-17    34429           35624      36819              1662             33682               2347        0         0
111  Brazil 2020-04-18    36815           38092      39369              1777             36599               2462        0         0
112  Brazil 2020-04-19    39359           40725      42091              1900             38654               2575        0         0
113  Brazil 2020-04-20    42076           43536      44996              2031             40581               2741        0         0
114  Brazil 2020-04-21    44975           46536      48097              2171             43079               2906        0         0
115  Brazil 2020-04-22    48067           49735      51403              2320             45757               3313        0         0
116  Brazil 2020-04-23    51365           53147      54929              2479             49492               3670        0         0
117  Brazil 2020-04-24    54880           56784      58688              2649             52995               4016        0         0
118  Brazil 2020-04-25    58627           60661      62695              2830             58509               4205        0         0
119  Brazil 2020-04-26    62619           64792      66965              3023             61888               4543        0         0
120  Brazil 2020-04-27    66871           69191      71511              3228             66501               5017        0         0
121  Brazil 2020-04-28    71397           73875      76353              3446             71886               5466        0         0
122  Brazil 2020-04-29    76215           78860      81505              3679             78162               5901        0         0
123  Brazil 2020-04-30    81340           84163      86986              3926             85380               6329        0         0
124  Brazil 2020-05-01    86790           89802      92814              4189             91589               6750        0         0
125  Brazil 2020-05-02    92582           95795      99008              4469             96559               7025        0         0
126  Brazil 2020-05-03    98736          102162     105588              4766            101147               7321        0         0
127  Brazil 2020-05-04   105268          108921     112574              5081            107780               7921        0         0
128  Brazil 2020-05-05   112201          116094     119987              5416            114715               8536        0         0
129  Brazil 2020-05-06   119552          123700     127848              5771            125218               9146        0         0
130  Brazil 2020-05-07   127342          131761     136180              6147            135106               9897        0         0
131  Brazil 2020-05-08   135593          140298     145003              6545            145328              10627        0         0
132  Brazil 2020-05-09   144325          149333     154341              6966            155939              11123        0         0
133  Brazil 2020-05-10   153558          158887     164216              7412            162699              11519        0         0
134  Brazil 2020-05-11   163316          168983     174650              7883            168331              12400        0         0
135  Brazil 2020-05-12   173616          179641     185666              8380            177589              13149        0         0
136  Brazil 2020-05-13   184481          190883     197285              8905            188974              13993        0         0
137  Brazil 2020-05-14   195931          202730     209529              9457            202918              14817        0         0
138  Brazil 2020-05-15   207984          215201     222418             10039            218223              15633        0         0
139  Brazil 2020-05-16   220659          228316     235973             10651            233142              16118        0         0
140  Brazil 2020-05-17   233974          242093     250212             11294            241080              16792        0         0
141  Brazil 2020-05-18   247945          256549     265153             11968            254220              17971        0         0
142  Brazil 2020-05-19   262586          271698     280810             12675            271628              18859        0         0
143  Brazil 2020-05-20   277908          287552     297196             13414            291579              20047        0         0
144  Brazil 2020-05-21   293925          304124     314323             14187            310087              21048        0         0
145  Brazil 2020-05-22   310642          321421     332200             14994            330890              22013        0         0
146  Brazil 2020-05-23   328064          339448     350832             15835            347398              22666        0         0
147  Brazil 2020-05-24   346196          358209     370222             16710            363211              23473        0         0
148  Brazil 2020-05-25   365033          377700     390367             17620            374898              24512        0         0
149  Brazil 2020-05-26   384573          397918     411263             18563            391222              25598        0         0
150  Brazil 2020-05-27   404808          418855     432902             19540            411821              26754        0         0
151  Brazil 2020-05-28   425724          440497     455270             20549            438238              27878        0         0
152  Brazil 2020-05-29   447305          462827     478349             21591            465166              28834        0         0
153  Brazil 2020-05-30   469531          485824     502117             22664            498440              29314        0         0
154  Brazil 2020-05-31   492375          509461     526547             23766            514849              29937        0         0
155  Brazil 2020-06-01   515809          533708     551607             24897            526447              31199        0         0
156  Brazil 2020-06-02   539800          558531     577262             26055            555383              32548        0         0
157  Brazil 2020-06-03   564306          583888     603470             27238            584016              34021        0         0
158  Brazil 2020-06-04   589289          609737     630185             28444            614932              35026        0         0
159  Brazil 2020-06-05   614700          636030     657360             29671            645762              35930        0         0
160  Brazil 2020-06-06   640489          662714     684939             30916            672837              36455        0         0
161  Brazil 2020-06-07   666604          689735     712866             32176            691758              37134        0         0
162  Brazil 2020-06-08   692988          717035     741082             33450            707412              38406        0         0
163  Brazil 2020-06-09   719583          744553     769523             34733            739503              39680        0         0
164  Brazil 2020-06-10   746328          772226     798124             36024            772416              40919        0         0
165  Brazil 2020-06-11   773161          799990     826819             37320            802828              41828        0         0
166  Brazil 2020-06-12   800020          827781     855542             38616            828810              42720        0         0
167  Brazil 2020-06-13   826841          855533     884225             39911            850514              43332        0         0
168  Brazil 2020-06-14   853562          883181     912800             41200            867624              43959        0         0
169  Brazil 2020-06-15   880122          910662     941202             42482            888271              45241        0         0
170  Brazil 2020-06-16   906459          937913     969367             43754            923189              46510        0         0
171  Brazil 2020-06-17   932515          964874     997233             45011            955377              47748        0         0
172  Brazil 2020-06-18   958236          991487    1024738             46253            978142              48954        0         0
173  Brazil 2020-06-19   983569         1017699    1051829             47476           1032913              49976        0         0
174  Brazil 2020-06-20  1008463         1043457    1078451             48677           1067579              50617        0         0
175  Brazil 2020-06-21  1032875         1068716    1104557             49856           1085038              50617        0         0
176  Brazil 2020-06-22  1056761         1093431    1130101             51009                NA                 NA        0         0
177  Brazil 2020-06-23  1080085         1117564    1155043             52134                NA                 NA        0         0
178  Brazil 2020-06-24  1102812         1141080    1179348             53231                NA                 NA        0         0
179  Brazil 2020-06-25  1124916         1163951    1202986             54298                NA                 NA        0         0
180  Brazil 2020-06-26  1146372         1186151    1225930             55334                NA                 NA        0         0
181  Brazil 2020-06-27  1167158         1207659    1248160             56337                NA                 NA        0         0
182  Brazil 2020-06-28  1187260         1228458    1269656             57308                NA                 NA        0         0
183  Brazil 2020-06-29  1206666         1248538    1290410             58244                NA                 NA        0         0
184  Brazil 2020-06-30  1225368         1267889    1310410             59147                NA                 NA        0         0
185  Brazil 2020-07-01  1243364         1286509    1329654             60016                NA                 NA        0         0

Fontes:
	OMS - https://ourworldindata.org/coronavirus-source-data
	Worldometers - https://www.worldometers.info/coronavirus