
 Brazil 
Projecao:  10  dias
Gerado em:  2020-08-14 20:42:06
RMSE(%):  6 , BIAS(%): 1.68

Taxa de Mortalidade 3.25 %

    country       dias otimista casos_estimados pessimista estimativa_mortes casos_confirmados mortes_confirmadas latitude longitude
220  Brazil 2020-08-05  2688311         2860950    3033589             92987           2859073              98493        0         0
221  Brazil 2020-08-06  2721188         2895938    3070688             94124           2912212              99572        0         0
222  Brazil 2020-08-07  2753417         2930237    3107057             95239           2962442             100477        0         0
223  Brazil 2020-08-08  2784988         2963835    3142682             96331           3012412             101049        0         0
224  Brazil 2020-08-09  2815891         2996723    3177555             97400           3035422             101752        0         0
225  Brazil 2020-08-10  2846119         3028892    3211665             98445           3057470             103026        0         0
226  Brazil 2020-08-11  2875665         3060335    3245005             99467           3109630             104201        0         0
227  Brazil 2020-08-12  2904524         3091048    3277572            100466           3164785             105463        0         0
228  Brazil 2020-08-13  2932694         3121027    3309360            101440           3224876             106571        0         0
229  Brazil 2020-08-14  2960174         3150271    3340368            102390           3278895             106571        0         0
230  Brazil 2020-08-15  2986961         3178779    3370597            103317                NA                 NA        0         0
231  Brazil 2020-08-16  3013058         3206552    3400046            104220                NA                 NA        0         0
232  Brazil 2020-08-17  3038468         3233593    3428718            105099                NA                 NA        0         0
233  Brazil 2020-08-18  3063193         3259906    3456619            105954                NA                 NA        0         0
234  Brazil 2020-08-19  3087237         3285494    3483751            106785                NA                 NA        0         0
235  Brazil 2020-08-20  3110607         3310365    3510123            107594                NA                 NA        0         0
236  Brazil 2020-08-21  3133309         3334525    3535741            108379                NA                 NA        0         0
237  Brazil 2020-08-22  3155351         3357982    3560613            109141                NA                 NA        0         0
238  Brazil 2020-08-23  3176739         3380744    3584749            109881                NA                 NA        0         0
239  Brazil 2020-08-24  3197485         3402822    3608159            110599                NA                 NA        0         0

Total de casos no mundo:  21334903 6447588 5145581 5486523 3128619 1101065 24806 721 21334903

Estimados a partir dos dados da OMS:
    day       date       x    xest
1     1 2019-12-30       0     690
2     2 2019-12-31       0     721
3     3 2020-01-01       0     754
4     4 2020-01-02       0     787
5     5 2020-01-03       0     823
6     6 2020-01-04       0     860
7     7 2020-01-05       0     898
8     8 2020-01-06       0     938
9     9 2020-01-07       0     980
10   10 2020-01-08       0    1024
11   11 2020-01-09       0    1070
12   12 2020-01-10       0    1118
13   13 2020-01-11       0    1168
14   14 2020-01-12       0    1220
15   15 2020-01-13       0    1275
16   16 2020-01-14       0    1332
17   17 2020-01-15       0    1392
18   18 2020-01-16       0    1454
19   19 2020-01-17       0    1519
20   20 2020-01-18       0    1587
21   21 2020-01-19       0    1658
22   22 2020-01-20       0    1732
23   23 2020-01-21       0    1810
24   24 2020-01-22       0    1891
25   25 2020-01-23       0    1975
26   26 2020-01-24       0    2064
27   27 2020-01-25       0    2156
28   28 2020-01-26       0    2253
29   29 2020-01-27       0    2354
30   30 2020-01-28       0    2459
31   31 2020-01-29       0    2569
32   32 2020-01-30       0    2684
33   33 2020-01-31       0    2804
34   34 2020-02-01       0    2930
35   35 2020-02-02       0    3061
36   36 2020-02-03       0    3198
37   37 2020-02-04       0    3341
38   38 2020-02-05       0    3490
39   39 2020-02-06       0    3647
40   40 2020-02-07       0    3810
41   41 2020-02-08       0    3980
42   42 2020-02-09       0    4158
43   43 2020-02-10       0    4344
44   44 2020-02-11       0    4539
45   45 2020-02-12       0    4742
46   46 2020-02-13       0    4954
47   47 2020-02-14       0    5176
48   48 2020-02-15       0    5407
49   49 2020-02-16       0    5649
50   50 2020-02-17       0    5902
51   51 2020-02-18       0    6166
52   52 2020-02-19       0    6441
53   53 2020-02-20       0    6729
54   54 2020-02-21       0    7030
55   55 2020-02-22       0    7344
56   56 2020-02-23       0    7673
57   57 2020-02-24       0    8016
58   58 2020-02-25       1    8374
59   59 2020-02-26       1    8748
60   60 2020-02-27       1    9139
61   61 2020-02-28       1    9547
62   62 2020-02-29       2    9974
63   63 2020-03-01       2   10420
64   64 2020-03-02       2   10885
65   65 2020-03-03       2   11371
66   66 2020-03-04       3   11879
67   67 2020-03-05       8   12409
68   68 2020-03-06      13   12963
69   69 2020-03-07      13   13542
70   70 2020-03-08      25   14146
71   71 2020-03-09      25   14778
72   72 2020-03-10      34   15437
73   73 2020-03-11      52   16126
74   74 2020-03-12      77   16845
75   75 2020-03-13      98   17596
76   76 2020-03-14     121   18380
77   77 2020-03-15     200   19200
78   78 2020-03-16     234   20055
79   79 2020-03-17     291   20949
80   80 2020-03-18     428   21882
81   81 2020-03-19     621   22857
82   82 2020-03-20     904   23874
83   83 2020-03-21    1128   24937
84   84 2020-03-22    1546   26046
85   85 2020-03-23    1891   27205
86   86 2020-03-24    2201   28415
87   87 2020-03-25    2433   29678
88   88 2020-03-26    2915   30997
89   89 2020-03-27    3417   32374
90   90 2020-03-28    3904   33812
91   91 2020-03-29    4256   35313
92   92 2020-03-30    4579   36880
93   93 2020-03-31    5717   38516
94   94 2020-04-01    6836   40223
95   95 2020-04-02    7910   42006
96   96 2020-04-03    9056   43867
97   97 2020-04-04   10278   45809
98   98 2020-04-05   11130   47836
99   99 2020-04-06   12056   49952
100 100 2020-04-07   13717   52160
101 101 2020-04-08   15927   54464
102 102 2020-04-09   17857   56869
103 103 2020-04-10   19638   59378
104 104 2020-04-11   20727   61996
105 105 2020-04-12   22169   64728
106 106 2020-04-13   23430   67578
107 107 2020-04-14   25262   70551
108 108 2020-04-15   28320   73652
109 109 2020-04-16   30425   76888
110 110 2020-04-17   33682   80262
111 111 2020-04-18   36599   83781
112 112 2020-04-19   38654   87451
113 113 2020-04-20   40581   91279
114 114 2020-04-21   43079   95269
115 115 2020-04-22   45757   99430
116 116 2020-04-23   49492  103767
117 117 2020-04-24   52995  108289
118 118 2020-04-25   58509  113001
119 119 2020-04-26   61888  117913
120 120 2020-04-27   66501  123031
121 121 2020-04-28   71886  128364
122 122 2020-04-29   78162  133920
123 123 2020-04-30   85380  139708
124 124 2020-05-01   91589  145736
125 125 2020-05-02   96559  152015
126 126 2020-05-03  101147  158553
127 127 2020-05-04  107780  165359
128 128 2020-05-05  114715  172445
129 129 2020-05-06  125218  179820
130 130 2020-05-07  135106  187495
131 131 2020-05-08  145328  195481
132 132 2020-05-09  155939  203789
133 133 2020-05-10  162699  212430
134 134 2020-05-11  168331  221416
135 135 2020-05-12  177589  230758
136 136 2020-05-13  188974  240470
137 137 2020-05-14  202918  250563
138 138 2020-05-15  218223  261050
139 139 2020-05-16  233142  271945
140 140 2020-05-17  241080  283259
141 141 2020-05-18  254220  295006
142 142 2020-05-19  271628  307201
143 143 2020-05-20  291579  319855
144 144 2020-05-21  310087  332984
145 145 2020-05-22  330890  346601
146 146 2020-05-23  347398  360719
147 147 2020-05-24  363211  375354
148 148 2020-05-25  374898  390517
149 149 2020-05-26  391222  406225
150 150 2020-05-27  411821  422490
151 151 2020-05-28  438238  439326
152 152 2020-05-29  465166  456748
153 153 2020-05-30  498440  474767
154 154 2020-05-31  514849  493398
155 155 2020-06-01  526447  512653
156 156 2020-06-02  555383  532545
157 157 2020-06-03  584016  553086
158 158 2020-06-04  614932  574288
159 159 2020-06-05  645762  596161
160 160 2020-06-06  672837  618715
161 161 2020-06-07  691758  641962
162 162 2020-06-08  707412  665909
163 163 2020-06-09  739503  690564
164 164 2020-06-10  772416  715936
165 165 2020-06-11  802828  742029
166 166 2020-06-12  828810  768850
167 167 2020-06-13  850514  796402
168 168 2020-06-14  867624  824688
169 169 2020-06-15  888271  853710
170 170 2020-06-16  923189  883468
171 171 2020-06-17  955377  913959
172 172 2020-06-18  978142  945183
173 173 2020-06-19 1032913  977133
174 174 2020-06-20 1067579 1009805
175 175 2020-06-21 1085038 1043190
176 176 2020-06-22 1106470 1077278
177 177 2020-06-23 1145906 1112060
178 178 2020-06-24 1188631 1147521
179 179 2020-06-25 1228114 1183647
180 180 2020-06-26 1274974 1220420
181 181 2020-06-27 1313667 1257823
182 182 2020-06-28 1344143 1295835
183 183 2020-06-29 1368195 1334433
184 184 2020-06-30 1402041 1373593
185 185 2020-07-01 1448753 1413289
186 186 2020-07-02 1496858 1453494
187 187 2020-07-03 1539081 1494177
188 188 2020-07-04 1577004 1535308
189 189 2020-07-05 1603055 1576855
190 190 2020-07-06 1623284 1618782
191 191 2020-07-07 1668589 1661055
192 192 2020-07-08 1713160 1703636
193 193 2020-07-09 1755779 1746488
194 194 2020-07-10 1800827 1789572
195 195 2020-07-11 1839850 1832848
196 196 2020-07-12 1864681 1876275
197 197 2020-07-13 1884967 1919813
198 198 2020-07-14 1926824 1963420
199 199 2020-07-15 1966748 2007054
200 200 2020-07-16 2012151 2050674
201 201 2020-07-17 2046328 2094237
202 202 2020-07-18 2074860 2137702
203 203 2020-07-19 2098389 2181028
204 204 2020-07-20 2118646 2224174
205 205 2020-07-21 2159654 2267101
206 206 2020-07-22 2227514 2309767
207 207 2020-07-23 2287475 2352137
208 208 2020-07-24 2343366 2394172
209 209 2020-07-25 2394513 2435837
210 210 2020-07-26 2419091 2477097
211 211 2020-07-27 2442375 2517919
212 212 2020-07-28 2483191 2558271
213 213 2020-07-29 2552265 2598124
214 214 2020-07-30 2610102 2637448
215 215 2020-07-31 2662485 2676219
216 216 2020-08-01 2707877 2714410
217 217 2020-08-02 2733677 2751998
218 218 2020-08-03 2750318 2788964
219 219 2020-08-04 2801921 2825287
220 220 2020-08-05 2859073 2860950
221 221 2020-08-06 2912212 2895938
222 222 2020-08-07 2962442 2930237
223 223 2020-08-08 3012412 2963835
224 224 2020-08-09 3035422 2996723
225 225 2020-08-10 3057470 3028892
226 226 2020-08-11 3109630 3060335
227 227 2020-08-12 3164785 3091048
228 228 2020-08-13 3224876 3121027
229 229 2020-08-14 3278895 3150271

Intervalo de Confianca
             2.5%         97.5%
Asym 3889946.6585 4084686.68127
xmid     197.3666     200.00977
scal      22.3222      23.33628


Formula: x ~ SSlogis(day, Asym, xmid, scal)

Parameters:
         Estimate   Std. Error t value            Pr(>|t|)    
Asym 3983636.7380   49090.0245   81.15 <0.0000000000000002 ***
xmid     198.6508       0.6656  298.45 <0.0000000000000002 ***
scal      22.8229       0.2662   85.74 <0.0000000000000002 ***
---
Signif. codes:  0 ‘***’ 0.001 ‘**’ 0.01 ‘*’ 0.05 ‘.’ 0.1 ‘ ’ 1

Residual standard error: 37510 on 226 degrees of freedom

Number of iterations to convergence: 8 
Achieved convergence tolerance: 0.0000000149


Brazil: o primeiro caso foi registrado em 25/02/2020 na data 14/08/2020 temos 171 dias desde o primeiro caso. A data de pico prevista pelo modelo logístico é 11/09/2020 (dia 199 desde os primeiros casos relatados).
Em 11/09/2020 o modelo estima 3983637+/-49090 casos. De acordo com o modelo ajustado temos 28 de infecçao pela frente.

Todos os dados gerados
    country       dias otimista casos_estimados pessimista estimativa_mortes casos_confirmados mortes_confirmadas latitude longitude
1    Brazil 2019-12-30      648             690        732                22                 0                  0        0         0
2    Brazil 2019-12-31      677             721        765                23                 0                  0        0         0
3    Brazil 2020-01-01      709             754        799                25                 0                  0        0         0
4    Brazil 2020-01-02      740             787        834                26                 0                  0        0         0
5    Brazil 2020-01-03      773             823        873                27                 0                  0        0         0
6    Brazil 2020-01-04      808             860        912                28                 0                  0        0         0
7    Brazil 2020-01-05      844             898        952                29                 0                  0        0         0
8    Brazil 2020-01-06      881             938        995                30                 0                  0        0         0
9    Brazil 2020-01-07      921             980       1039                32                 0                  0        0         0
10   Brazil 2020-01-08      962            1024       1086                33                 0                  0        0         0
11   Brazil 2020-01-09     1005            1070       1135                35                 0                  0        0         0
12   Brazil 2020-01-10     1051            1118       1185                36                 0                  0        0         0
13   Brazil 2020-01-11     1098            1168       1238                38                 0                  0        0         0
14   Brazil 2020-01-12     1146            1220       1294                40                 0                  0        0         0
15   Brazil 2020-01-13     1198            1275       1352                41                 0                  0        0         0
16   Brazil 2020-01-14     1252            1332       1412                43                 0                  0        0         0
17   Brazil 2020-01-15     1308            1392       1476                45                 0                  0        0         0
18   Brazil 2020-01-16     1366            1454       1542                47                 0                  0        0         0
19   Brazil 2020-01-17     1427            1519       1611                49                 0                  0        0         0
20   Brazil 2020-01-18     1491            1587       1683                52                 0                  0        0         0
21   Brazil 2020-01-19     1558            1658       1758                54                 0                  0        0         0
22   Brazil 2020-01-20     1627            1732       1837                56                 0                  0        0         0
23   Brazil 2020-01-21     1701            1810       1919                59                 0                  0        0         0
24   Brazil 2020-01-22     1777            1891       2005                61                 0                  0        0         0
25   Brazil 2020-01-23     1856            1975       2094                64                 0                  0        0         0
26   Brazil 2020-01-24     1939            2064       2189                67                 0                  0        0         0
27   Brazil 2020-01-25     2026            2156       2286                70                 0                  0        0         0
28   Brazil 2020-01-26     2117            2253       2389                73                 0                  0        0         0
29   Brazil 2020-01-27     2212            2354       2496                77                 0                  0        0         0
30   Brazil 2020-01-28     2311            2459       2607                80                 0                  0        0         0
31   Brazil 2020-01-29     2414            2569       2724                83                 0                  0        0         0
32   Brazil 2020-01-30     2522            2684       2846                87                 0                  0        0         0
33   Brazil 2020-01-31     2635            2804       2973                91                 0                  0        0         0
34   Brazil 2020-02-01     2753            2930       3107                95                 0                  0        0         0
35   Brazil 2020-02-02     2876            3061       3246                99                 0                  0        0         0
36   Brazil 2020-02-03     3005            3198       3391               104                 0                  0        0         0
37   Brazil 2020-02-04     3139            3341       3543               109                 0                  0        0         0
38   Brazil 2020-02-05     3279            3490       3701               113                 0                  0        0         0
39   Brazil 2020-02-06     3427            3647       3867               119                 0                  0        0         0
40   Brazil 2020-02-07     3580            3810       4040               124                 0                  0        0         0
41   Brazil 2020-02-08     3740            3980       4220               129                 0                  0        0         0
42   Brazil 2020-02-09     3907            4158       4409               135                 0                  0        0         0
43   Brazil 2020-02-10     4082            4344       4606               141                 0                  0        0         0
44   Brazil 2020-02-11     4265            4539       4813               148                 0                  0        0         0
45   Brazil 2020-02-12     4456            4742       5028               154                 0                  0        0         0
46   Brazil 2020-02-13     4655            4954       5253               161                 0                  0        0         0
47   Brazil 2020-02-14     4864            5176       5488               168                 0                  0        0         0
48   Brazil 2020-02-15     5081            5407       5733               176                 0                  0        0         0
49   Brazil 2020-02-16     5308            5649       5990               184                 0                  0        0         0
50   Brazil 2020-02-17     5546            5902       6258               192                 0                  0        0         0
51   Brazil 2020-02-18     5794            6166       6538               200                 0                  0        0         0
52   Brazil 2020-02-19     6052            6441       6830               209                 0                  0        0         0
53   Brazil 2020-02-20     6323            6729       7135               219                 0                  0        0         0
54   Brazil 2020-02-21     6606            7030       7454               228                 0                  0        0         0
55   Brazil 2020-02-22     6901            7344       7787               239                 0                  0        0         0
56   Brazil 2020-02-23     7210            7673       8136               249                 0                  0        0         0
57   Brazil 2020-02-24     7532            8016       8500               261                 0                  0        0         0
58   Brazil 2020-02-25     7869            8374       8879               272                 1                  0        0         0
59   Brazil 2020-02-26     8220            8748       9276               284                 1                  0        0         0
60   Brazil 2020-02-27     8588            9139       9690               297                 1                  0        0         0
61   Brazil 2020-02-28     8971            9547      10123               310                 1                  0        0         0
62   Brazil 2020-02-29     9372            9974      10576               324                 2                  0        0         0
63   Brazil 2020-03-01     9791           10420      11049               339                 2                  0        0         0
64   Brazil 2020-03-02    10228           10885      11542               354                 2                  0        0         0
65   Brazil 2020-03-03    10685           11371      12057               370                 2                  0        0         0
66   Brazil 2020-03-04    11162           11879      12596               386                 3                  0        0         0
67   Brazil 2020-03-05    11660           12409      13158               403                 8                  0        0         0
68   Brazil 2020-03-06    12181           12963      13745               421                13                  0        0         0
69   Brazil 2020-03-07    12725           13542      14359               440                13                  0        0         0
70   Brazil 2020-03-08    13292           14146      15000               460                25                  0        0         0
71   Brazil 2020-03-09    13886           14778      15670               480                25                  0        0         0
72   Brazil 2020-03-10    14505           15437      16369               502                34                  0        0         0
73   Brazil 2020-03-11    15153           16126      17099               524                52                  0        0         0
74   Brazil 2020-03-12    15829           16845      17861               547                77                  0        0         0
75   Brazil 2020-03-13    16534           17596      18658               572                98                  0        0         0
76   Brazil 2020-03-14    17271           18380      19489               597               121                  0        0         0
77   Brazil 2020-03-15    18041           19200      20359               624               200                  0        0         0
78   Brazil 2020-03-16    18845           20055      21265               652               234                  1        0         0
79   Brazil 2020-03-17    19685           20949      22213               681               291                  4        0         0
80   Brazil 2020-03-18    20562           21882      23202               711               428                  6        0         0
81   Brazil 2020-03-19    21478           22857      24236               743               621                 11        0         0
82   Brazil 2020-03-20    22433           23874      25315               776               904                 18        0         0
83   Brazil 2020-03-21    23432           24937      26442               811              1128                 25        0         0
84   Brazil 2020-03-22    24474           26046      27618               847              1546                 34        0         0
85   Brazil 2020-03-23    25563           27205      28847               884              1891                 46        0         0
86   Brazil 2020-03-24    26700           28415      30130               924              2201                 57        0         0
87   Brazil 2020-03-25    27887           29678      31469               965              2433                 77        0         0
88   Brazil 2020-03-26    29127           30997      32867              1007              2915                 92        0         0
89   Brazil 2020-03-27    30420           32374      34328              1052              3417                114        0         0
90   Brazil 2020-03-28    31772           33812      35852              1099              3904                136        0         0
91   Brazil 2020-03-29    33182           35313      37444              1148              4256                159        0         0
92   Brazil 2020-03-30    34655           36880      39105              1199              4579                201        0         0
93   Brazil 2020-03-31    36192           38516      40840              1252              5717                241        0         0
94   Brazil 2020-04-01    37796           40223      42650              1307              6836                299        0         0
95   Brazil 2020-04-02    39471           42006      44541              1365              7910                359        0         0
96   Brazil 2020-04-03    41220           43867      46514              1426              9056                432        0         0
97   Brazil 2020-04-04    43045           45809      48573              1489             10278                486        0         0
98   Brazil 2020-04-05    44949           47836      50723              1555             11130                553        0         0
99   Brazil 2020-04-06    46938           49952      52966              1624             12056                667        0         0
100  Brazil 2020-04-07    49012           52160      55308              1695             13717                800        0         0
101  Brazil 2020-04-08    51177           54464      57751              1770             15927                941        0         0
102  Brazil 2020-04-09    53437           56869      60301              1848             17857               1056        0         0
103  Brazil 2020-04-10    55795           59378      62961              1930             19638               1124        0         0
104  Brazil 2020-04-11    58255           61996      65737              2015             20727               1223        0         0
105  Brazil 2020-04-12    60822           64728      68634              2104             22169               1328        0         0
106  Brazil 2020-04-13    63500           67578      71656              2196             23430               1532        0         0
107  Brazil 2020-04-14    66294           70551      74808              2293             25262               1736        0         0
108  Brazil 2020-04-15    69208           73652      78096              2394             28320               1924        0         0
109  Brazil 2020-04-16    72248           76888      81528              2499             30425               2141        0         0
110  Brazil 2020-04-17    75419           80262      85105              2609             33682               2347        0         0
111  Brazil 2020-04-18    78725           83781      88837              2723             36599               2462        0         0
112  Brazil 2020-04-19    82174           87451      92728              2842             38654               2575        0         0
113  Brazil 2020-04-20    85771           91279      96787              2967             40581               2741        0         0
114  Brazil 2020-04-21    89520           95269     101018              3096             43079               2906        0         0
115  Brazil 2020-04-22    93430           99430     105430              3232             45757               3313        0         0
116  Brazil 2020-04-23    97505          103767     110029              3373             49492               3670        0         0
117  Brazil 2020-04-24   101754          108289     114824              3520             52995               4016        0         0
118  Brazil 2020-04-25   106182          113001     119820              3673             58509               4205        0         0
119  Brazil 2020-04-26   110798          117913     125028              3832             61888               4543        0         0
120  Brazil 2020-04-27   115607          123031     130455              3999             66501               5017        0         0
121  Brazil 2020-04-28   120618          128364     136110              4172             71886               5466        0         0
122  Brazil 2020-04-29   125839          133920     142001              4353             78162               5901        0         0
123  Brazil 2020-04-30   131278          139708     148138              4541             85380               6329        0         0
124  Brazil 2020-05-01   136942          145736     154530              4737             91589               6750        0         0
125  Brazil 2020-05-02   142842          152015     161188              4941             96559               7025        0         0
126  Brazil 2020-05-03   148985          158553     168121              5153            101147               7321        0         0
127  Brazil 2020-05-04   155381          165359     175337              5375            107780               7921        0         0
128  Brazil 2020-05-05   162039          172445     182851              5605            114715               8536        0         0
129  Brazil 2020-05-06   168969          179820     190671              5845            125218               9146        0         0
130  Brazil 2020-05-07   176181          187495     198809              6094            135106               9897        0         0
131  Brazil 2020-05-08   183685          195481     207277              6354            145328              10627        0         0
132  Brazil 2020-05-09   191492          203789     216086              6624            155939              11123        0         0
133  Brazil 2020-05-10   199611          212430     225249              6904            162699              11519        0         0
134  Brazil 2020-05-11   208055          221416     234777              7196            168331              12400        0         0
135  Brazil 2020-05-12   216833          230758     244683              7500            177589              13149        0         0
136  Brazil 2020-05-13   225959          240470     254981              7816            188974              13993        0         0
137  Brazil 2020-05-14   235443          250563     265683              8144            202918              14817        0         0
138  Brazil 2020-05-15   245297          261050     276803              8485            218223              15633        0         0
139  Brazil 2020-05-16   255535          271945     288355              8839            233142              16118        0         0
140  Brazil 2020-05-17   266166          283259     300352              9207            241080              16792        0         0
141  Brazil 2020-05-18   277204          295006     312808              9588            254220              17971        0         0
142  Brazil 2020-05-19   288664          307201     325738              9985            271628              18859        0         0
143  Brazil 2020-05-20   300554          319855     339156             10396            291579              20047        0         0
144  Brazil 2020-05-21   312891          332984     353077             10823            310087              21048        0         0
145  Brazil 2020-05-22   325686          346601     367516             11265            330890              22013        0         0
146  Brazil 2020-05-23   338952          360719     382486             11724            347398              22666        0         0
147  Brazil 2020-05-24   352704          375354     398004             12200            363211              23473        0         0
148  Brazil 2020-05-25   366952          390517     414082             12693            374898              24512        0         0
149  Brazil 2020-05-26   381712          406225     430738             13203            391222              25598        0         0
150  Brazil 2020-05-27   396996          422490     447984             13732            411821              26754        0         0
151  Brazil 2020-05-28   412816          439326     465836             14279            438238              27878        0         0
152  Brazil 2020-05-29   429186          456748     484310             14845            465166              28834        0         0
153  Brazil 2020-05-30   446118          474767     503416             15431            498440              29314        0         0
154  Brazil 2020-05-31   463625          493398     523171             16036            514849              29937        0         0
155  Brazil 2020-06-01   481718          512653     543588             16662            526447              31199        0         0
156  Brazil 2020-06-02   500410          532545     564680             17309            555383              32548        0         0
157  Brazil 2020-06-03   519711          553086     586461             17976            584016              34021        0         0
158  Brazil 2020-06-04   539634          574288     608942             18666            614932              35026        0         0
159  Brazil 2020-06-05   560187          596161     632135             19376            645762              35930        0         0
160  Brazil 2020-06-06   581380          618715     656050             20110            672837              36455        0         0
161  Brazil 2020-06-07   603224          641962     680700             20865            691758              37134        0         0
162  Brazil 2020-06-08   625726          665909     706092             21643            707412              38406        0         0
163  Brazil 2020-06-09   648893          690564     732235             22445            739503              39680        0         0
164  Brazil 2020-06-10   672734          715936     759138             23269            772416              40919        0         0
165  Brazil 2020-06-11   697253          742029     786805             24118            802828              41828        0         0
166  Brazil 2020-06-12   722455          768850     815245             24989            828810              42720        0         0
167  Brazil 2020-06-13   748345          796402     844459             25885            850514              43332        0         0
168  Brazil 2020-06-14   774924          824688     874452             26804            867624              43959        0         0
169  Brazil 2020-06-15   802194          853710     905226             27747            888271              45241        0         0
170  Brazil 2020-06-16   830157          883468     936779             28715            923189              46510        0         0
171  Brazil 2020-06-17   858808          913959     969110             29706            955377              47748        0         0
172  Brazil 2020-06-18   888148          945183    1002218             30720            978142              48954        0         0
173  Brazil 2020-06-19   918170          977133    1036096             31759           1032913              49976        0         0
174  Brazil 2020-06-20   948870         1009805    1070740             32821           1067579              50617        0         0
175  Brazil 2020-06-21   980241         1043190    1106139             33906           1085038              51271        0         0
176  Brazil 2020-06-22  1012272         1077278    1142284             35014           1106470              52645        0         0
177  Brazil 2020-06-23  1044955         1112060    1179165             36144           1145906              53830        0         0
178  Brazil 2020-06-24  1078276         1147521    1216766             37297           1188631              54971        0         0
179  Brazil 2020-06-25  1112222         1183647    1255072             38471           1228114              55961        0         0
180  Brazil 2020-06-26  1146776         1220420    1294064             39666           1274974              57070        0         0
181  Brazil 2020-06-27  1181922         1257823    1333724             40882           1313667              57622        0         0
182  Brazil 2020-06-28  1217640         1295835    1374030             42117           1344143              58314        0         0
183  Brazil 2020-06-29  1253909         1334433    1414957             43372           1368195              59594        0         0
184  Brazil 2020-06-30  1290706         1373593    1456480             44645           1402041              60632        0         0
185  Brazil 2020-07-01  1328007         1413289    1498571             45935           1448753              61884        0         0
186  Brazil 2020-07-02  1365786         1453494    1541202             47242           1496858              63174        0         0
187  Brazil 2020-07-03  1404014         1494177    1584340             48564           1539081              64265        0         0
188  Brazil 2020-07-04  1442663         1535308    1627953             49901           1577004              64867        0         0
189  Brazil 2020-07-05  1481703         1576855    1672007             51251           1603055              65487        0         0
190  Brazil 2020-07-06  1521100         1618782    1716464             52614           1623284              66741        0         0
191  Brazil 2020-07-07  1560822         1661055    1761288             53988           1668589              67964        0         0
192  Brazil 2020-07-08  1600833         1703636    1806439             55372           1713160              69184        0         0
193  Brazil 2020-07-09  1641099         1746488    1851877             56765           1755779              70398        0         0
194  Brazil 2020-07-10  1681584         1789572    1897560             58165           1800827              71469        0         0
195  Brazil 2020-07-11  1722248         1832848    1943448             59571           1839850              72100        0         0
196  Brazil 2020-07-12  1763055         1876275    1989495             60983           1864681              72833        0         0
197  Brazil 2020-07-13  1803965         1919813    2035661             62398           1884967              74133        0         0
198  Brazil 2020-07-14  1844941         1963420    2081899             63815           1926824              75366        0         0
199  Brazil 2020-07-15  1885942         2007054    2128166             65233           1966748              76688        0         0
200  Brazil 2020-07-16  1926930         2050674    2174418             66651           2012151              77851        0         0
201  Brazil 2020-07-17  1967864         2094237    2220610             68067           2046328              78772        0         0
202  Brazil 2020-07-18  2008706         2137702    2266698             69480           2074860              79488        0         0
203  Brazil 2020-07-19  2049418         2181028    2312638             70888           2098389              80120        0         0
204  Brazil 2020-07-20  2089960         2224174    2358388             72290           2118646              81487        0         0
205  Brazil 2020-07-21  2130297         2267101    2403905             73686           2159654              82771        0         0
206  Brazil 2020-07-22  2170388         2309767    2449146             75072           2227514              84082        0         0
207  Brazil 2020-07-23  2210202         2352137    2494072             76449           2287475              85238        0         0
208  Brazil 2020-07-24  2249700         2394172    2538644             77816           2343366              86449        0         0
209  Brazil 2020-07-25  2288851         2435837    2582823             79170           2394513              87004        0         0
210  Brazil 2020-07-26  2327621         2477097    2626573             80511           2419091              87618        0         0
211  Brazil 2020-07-27  2365980         2517919    2669858             81838           2442375              88539        0         0
212  Brazil 2020-07-28  2403897         2558271    2712645             83149           2483191              90134        0         0
213  Brazil 2020-07-29  2441345         2598124    2754903             84445           2552265              91263        0         0
214  Brazil 2020-07-30  2478296         2637448    2796600             85723           2610102              92475        0         0
215  Brazil 2020-07-31  2514727         2676219    2837711             86983           2662485              93563        0         0
216  Brazil 2020-08-01  2550614         2714410    2878206             88224           2707877              94104        0         0
217  Brazil 2020-08-02  2585934         2751998    2918062             89446           2733677              94665        0         0
218  Brazil 2020-08-03  2620669         2788964    2957259             90647           2750318              95819        0         0
219  Brazil 2020-08-04  2654800         2825287    2995774             91828           2801921              97256        0         0
220  Brazil 2020-08-05  2688311         2860950    3033589             92987           2859073              98493        0         0
221  Brazil 2020-08-06  2721188         2895938    3070688             94124           2912212              99572        0         0
222  Brazil 2020-08-07  2753417         2930237    3107057             95239           2962442             100477        0         0
223  Brazil 2020-08-08  2784988         2963835    3142682             96331           3012412             101049        0         0
224  Brazil 2020-08-09  2815891         2996723    3177555             97400           3035422             101752        0         0
225  Brazil 2020-08-10  2846119         3028892    3211665             98445           3057470             103026        0         0
226  Brazil 2020-08-11  2875665         3060335    3245005             99467           3109630             104201        0         0
227  Brazil 2020-08-12  2904524         3091048    3277572            100466           3164785             105463        0         0
228  Brazil 2020-08-13  2932694         3121027    3309360            101440           3224876             106571        0         0
229  Brazil 2020-08-14  2960174         3150271    3340368            102390           3278895             106571        0         0
230  Brazil 2020-08-15  2986961         3178779    3370597            103317                NA                 NA        0         0
231  Brazil 2020-08-16  3013058         3206552    3400046            104220                NA                 NA        0         0
232  Brazil 2020-08-17  3038468         3233593    3428718            105099                NA                 NA        0         0
233  Brazil 2020-08-18  3063193         3259906    3456619            105954                NA                 NA        0         0
234  Brazil 2020-08-19  3087237         3285494    3483751            106785                NA                 NA        0         0
235  Brazil 2020-08-20  3110607         3310365    3510123            107594                NA                 NA        0         0
236  Brazil 2020-08-21  3133309         3334525    3535741            108379                NA                 NA        0         0
237  Brazil 2020-08-22  3155351         3357982    3560613            109141                NA                 NA        0         0
238  Brazil 2020-08-23  3176739         3380744    3584749            109881                NA                 NA        0         0
239  Brazil 2020-08-24  3197485         3402822    3608159            110599                NA                 NA        0         0

Fontes:
	OMS - https://ourworldindata.org/coronavirus-source-data
	Worldometers - https://www.worldometers.info/coronavirus