
 Brazil 
Projecao:  7  dias
Gerado em:  2020-04-24 07:51:38
RMSE(%):  7 , BIAS(%): 1.38

Taxa de Mortalidade 6.66 %

    country       dias otimista casos_estimados pessimista estimativa_mortes casos_confirmados mortes_confirmadas latitude longitude
105  Brazil 2020-04-12    20724           22275      23826              1483             22169               1328        0         0
106  Brazil 2020-04-13    22701           24400      26099              1624             23430               1532        0         0
107  Brazil 2020-04-14    24769           26623      28477              1772             25262               1736        0         0
108  Brazil 2020-04-15    26915           28929      30943              1926             28320               1924        0         0
109  Brazil 2020-04-16    29123           31302      33481              2084             30425               2141        0         0
110  Brazil 2020-04-17    31375           33723      36071              2245             33682               2347        0         0
111  Brazil 2020-04-18    33653           36171      38689              2408             36599               2462        0         0
112  Brazil 2020-04-19    35937           38626      41315              2571             38654               2575        0         0
113  Brazil 2020-04-20    38205           41064      43923              2734             40581               2741        0         0
114  Brazil 2020-04-21    40440           43466      46492              2894             43079               2906        0         0
115  Brazil 2020-04-22    42622           45811      49000              3050             45757               3313        0         0
116  Brazil 2020-04-23    44735           48082      51429              3201             49492               3331        0         0
117  Brazil 2020-04-24    46763           50262      53761              3346             50036               3331        0         0
118  Brazil 2020-04-25    48694           52338      55982              3484                NA                 NA        0         0
119  Brazil 2020-04-26    50521           54302      58083              3615                NA                 NA        0         0
120  Brazil 2020-04-27    52237           56146      60055              3738                NA                 NA        0         0
121  Brazil 2020-04-28    53836           57865      61894              3852                NA                 NA        0         0
122  Brazil 2020-04-29    55319           59459      63599              3958                NA                 NA        0         0
123  Brazil 2020-04-30    56686           60928      65170              4056                NA                 NA        0         0
124  Brazil 2020-05-01    57938           62274      66610              4146                NA                 NA        0         0

Total de casos no mundo:  2744708 955771 1209351 438351 103931 8232 28351 721 2744708

Estimados a partir dos dados da OMS:
    day       date     x  xest
1     1 2019-12-30     0     0
2     2 2019-12-31     0     0
3     3 2020-01-01     0     0
4     4 2020-01-02     0     0
5     5 2020-01-03     0     0
6     6 2020-01-04     0     0
7     7 2020-01-05     0     0
8     8 2020-01-06     0     0
9     9 2020-01-07     0     0
10   10 2020-01-08     0     0
11   11 2020-01-09     0     0
12   12 2020-01-10     0     0
13   13 2020-01-11     0     0
14   14 2020-01-12     0     0
15   15 2020-01-13     0     0
16   16 2020-01-14     0     0
17   17 2020-01-15     0     0
18   18 2020-01-16     0     0
19   19 2020-01-17     0     0
20   20 2020-01-18     0     0
21   21 2020-01-19     0     0
22   22 2020-01-20     0     0
23   23 2020-01-21     0     1
24   24 2020-01-22     0     1
25   25 2020-01-23     0     1
26   26 2020-01-24     0     1
27   27 2020-01-25     0     1
28   28 2020-01-26     0     1
29   29 2020-01-27     0     1
30   30 2020-01-28     0     1
31   31 2020-01-29     0     2
32   32 2020-01-30     0     2
33   33 2020-01-31     0     2
34   34 2020-02-01     0     2
35   35 2020-02-02     0     3
36   36 2020-02-03     0     3
37   37 2020-02-04     0     4
38   38 2020-02-05     0     4
39   39 2020-02-06     0     5
40   40 2020-02-07     0     6
41   41 2020-02-08     0     6
42   42 2020-02-09     0     7
43   43 2020-02-10     0     8
44   44 2020-02-11     0     9
45   45 2020-02-12     0    11
46   46 2020-02-13     0    12
47   47 2020-02-14     0    14
48   48 2020-02-15     0    16
49   49 2020-02-16     0    18
50   50 2020-02-17     0    21
51   51 2020-02-18     0    24
52   52 2020-02-19     0    27
53   53 2020-02-20     0    31
54   54 2020-02-21     0    36
55   55 2020-02-22     0    41
56   56 2020-02-23     0    46
57   57 2020-02-24     0    53
58   58 2020-02-25     1    61
59   59 2020-02-26     1    69
60   60 2020-02-27     1    79
61   61 2020-02-28     1    90
62   62 2020-02-29     2   103
63   63 2020-03-01     2   118
64   64 2020-03-02     2   135
65   65 2020-03-03     2   154
66   66 2020-03-04     3   176
67   67 2020-03-05     8   201
68   68 2020-03-06    13   229
69   69 2020-03-07    13   262
70   70 2020-03-08    25   299
71   71 2020-03-09    25   342
72   72 2020-03-10    34   390
73   73 2020-03-11    52   446
74   74 2020-03-12    77   509
75   75 2020-03-13    98   581
76   76 2020-03-14   121   663
77   77 2020-03-15   200   756
78   78 2020-03-16   234   863
79   79 2020-03-17   291   984
80   80 2020-03-18   428  1122
81   81 2020-03-19   621  1280
82   82 2020-03-20   904  1458
83   83 2020-03-21  1128  1662
84   84 2020-03-22  1546  1893
85   85 2020-03-23  1891  2155
86   86 2020-03-24  2201  2452
87   87 2020-03-25  2433  2788
88   88 2020-03-26  2915  3168
89   89 2020-03-27  3417  3598
90   90 2020-03-28  3904  4083
91   91 2020-03-29  4256  4629
92   92 2020-03-30  4579  5242
93   93 2020-03-31  5717  5929
94   94 2020-04-01  6836  6698
95   95 2020-04-02  7910  7555
96   96 2020-04-03  9056  8508
97   97 2020-04-04 10278  9563
98   98 2020-04-05 11130 10729
99   99 2020-04-06 12056 12009
100 100 2020-04-07 13717 13410
101 101 2020-04-08 15927 14935
102 102 2020-04-09 17857 16585
103 103 2020-04-10 19638 18361
104 104 2020-04-11 20727 20260
105 105 2020-04-12 22169 22275
106 106 2020-04-13 23430 24400
107 107 2020-04-14 25262 26623
108 108 2020-04-15 28320 28929
109 109 2020-04-16 30425 31302
110 110 2020-04-17 33682 33723
111 111 2020-04-18 36599 36171
112 112 2020-04-19 38654 38626
113 113 2020-04-20 40581 41064
114 114 2020-04-21 43079 43466
115 115 2020-04-22 45757 45811
116 116 2020-04-23 49492 48082
117 117 2020-04-24 50036 50262

Intervalo de Confianca
             2.5%        97.5%
Asym 70738.568765 77028.007462
xmid   110.619214   111.987881
scal     7.293585     7.716281


Formula: x ~ SSlogis(day, Asym, xmid, scal)

Parameters:
       Estimate Std. Error t value            Pr(>|t|)    
Asym 73691.3473  1609.7869   45.78 <0.0000000000000002 ***
xmid   111.2746     0.3516  316.46 <0.0000000000000002 ***
scal     7.5014     0.1110   67.61 <0.0000000000000002 ***
---
Signif. codes:  0 ‘***’ 0.001 ‘**’ 0.01 ‘*’ 0.05 ‘.’ 0.1 ‘ ’ 1

Residual standard error: 391.7 on 114 degrees of freedom

Number of iterations to convergence: 13 
Achieved convergence tolerance: 0.0000000149


Brazil: o primeiro caso foi registrado em 25/02/2020 na data 24/04/2020 temos 59 dias desde o primeiro caso. A data de pico prevista pelo modelo logístico é 15/06/2020 (dia 111 desde os primeiros casos relatados).
Em 15/06/2020 o modelo estima 73691+/-1610 casos. De acordo com o modelo ajustado temos 52 de infecçao pela frente.

Todos os dados gerados
    country       dias otimista casos_estimados pessimista estimativa_mortes casos_confirmados mortes_confirmadas latitude longitude
1    Brazil 2019-12-30        0               0          0                 0                 0                  0        0         0
2    Brazil 2019-12-31        0               0          0                 0                 0                  0        0         0
3    Brazil 2020-01-01        0               0          0                 0                 0                  0        0         0
4    Brazil 2020-01-02        0               0          0                 0                 0                  0        0         0
5    Brazil 2020-01-03        0               0          0                 0                 0                  0        0         0
6    Brazil 2020-01-04        0               0          0                 0                 0                  0        0         0
7    Brazil 2020-01-05        0               0          0                 0                 0                  0        0         0
8    Brazil 2020-01-06        0               0          0                 0                 0                  0        0         0
9    Brazil 2020-01-07        0               0          0                 0                 0                  0        0         0
10   Brazil 2020-01-08        0               0          0                 0                 0                  0        0         0
11   Brazil 2020-01-09        0               0          0                 0                 0                  0        0         0
12   Brazil 2020-01-10        0               0          0                 0                 0                  0        0         0
13   Brazil 2020-01-11        0               0          0                 0                 0                  0        0         0
14   Brazil 2020-01-12        0               0          0                 0                 0                  0        0         0
15   Brazil 2020-01-13        0               0          0                 0                 0                  0        0         0
16   Brazil 2020-01-14        0               0          0                 0                 0                  0        0         0
17   Brazil 2020-01-15        0               0          0                 0                 0                  0        0         0
18   Brazil 2020-01-16        0               0          0                 0                 0                  0        0         0
19   Brazil 2020-01-17        0               0          0                 0                 0                  0        0         0
20   Brazil 2020-01-18        0               0          0                 0                 0                  0        0         0
21   Brazil 2020-01-19        0               0          0                 0                 0                  0        0         0
22   Brazil 2020-01-20        0               0          0                 0                 0                  0        0         0
23   Brazil 2020-01-21        1               1          1                 0                 0                  0        0         0
24   Brazil 2020-01-22        1               1          1                 0                 0                  0        0         0
25   Brazil 2020-01-23        1               1          1                 0                 0                  0        0         0
26   Brazil 2020-01-24        1               1          1                 0                 0                  0        0         0
27   Brazil 2020-01-25        1               1          1                 0                 0                  0        0         0
28   Brazil 2020-01-26        1               1          1                 0                 0                  0        0         0
29   Brazil 2020-01-27        1               1          1                 0                 0                  0        0         0
30   Brazil 2020-01-28        1               1          1                 0                 0                  0        0         0
31   Brazil 2020-01-29        2               2          2                 0                 0                  0        0         0
32   Brazil 2020-01-30        2               2          2                 0                 0                  0        0         0
33   Brazil 2020-01-31        2               2          2                 0                 0                  0        0         0
34   Brazil 2020-02-01        2               2          2                 0                 0                  0        0         0
35   Brazil 2020-02-02        3               3          3                 0                 0                  0        0         0
36   Brazil 2020-02-03        3               3          3                 0                 0                  0        0         0
37   Brazil 2020-02-04        4               4          4                 0                 0                  0        0         0
38   Brazil 2020-02-05        4               4          4                 0                 0                  0        0         0
39   Brazil 2020-02-06        5               5          5                 0                 0                  0        0         0
40   Brazil 2020-02-07        6               6          6                 0                 0                  0        0         0
41   Brazil 2020-02-08        6               6          6                 0                 0                  0        0         0
42   Brazil 2020-02-09        7               7          7                 0                 0                  0        0         0
43   Brazil 2020-02-10        7               8          9                 1                 0                  0        0         0
44   Brazil 2020-02-11        8               9         10                 1                 0                  0        0         0
45   Brazil 2020-02-12       10              11         12                 1                 0                  0        0         0
46   Brazil 2020-02-13       11              12         13                 1                 0                  0        0         0
47   Brazil 2020-02-14       13              14         15                 1                 0                  0        0         0
48   Brazil 2020-02-15       15              16         17                 1                 0                  0        0         0
49   Brazil 2020-02-16       17              18         19                 1                 0                  0        0         0
50   Brazil 2020-02-17       20              21         22                 1                 0                  0        0         0
51   Brazil 2020-02-18       22              24         26                 2                 0                  0        0         0
52   Brazil 2020-02-19       25              27         29                 2                 0                  0        0         0
53   Brazil 2020-02-20       29              31         33                 2                 0                  0        0         0
54   Brazil 2020-02-21       33              36         39                 2                 0                  0        0         0
55   Brazil 2020-02-22       38              41         44                 3                 0                  0        0         0
56   Brazil 2020-02-23       43              46         49                 3                 0                  0        0         0
57   Brazil 2020-02-24       49              53         57                 4                 0                  0        0         0
58   Brazil 2020-02-25       57              61         65                 4                 1                  0        0         0
59   Brazil 2020-02-26       64              69         74                 5                 1                  0        0         0
60   Brazil 2020-02-27       73              79         85                 5                 1                  0        0         0
61   Brazil 2020-02-28       84              90         96                 6                 1                  0        0         0
62   Brazil 2020-02-29       96             103        110                 7                 2                  0        0         0
63   Brazil 2020-03-01      110             118        126                 8                 2                  0        0         0
64   Brazil 2020-03-02      126             135        144                 9                 2                  0        0         0
65   Brazil 2020-03-03      143             154        165                10                 2                  0        0         0
66   Brazil 2020-03-04      164             176        188                12                 3                  0        0         0
67   Brazil 2020-03-05      187             201        215                13                 8                  0        0         0
68   Brazil 2020-03-06      213             229        245                15                13                  0        0         0
69   Brazil 2020-03-07      244             262        280                17                13                  0        0         0
70   Brazil 2020-03-08      278             299        320                20                25                  0        0         0
71   Brazil 2020-03-09      318             342        366                23                25                  0        0         0
72   Brazil 2020-03-10      363             390        417                26                34                  0        0         0
73   Brazil 2020-03-11      415             446        477                30                52                  0        0         0
74   Brazil 2020-03-12      474             509        544                34                77                  0        0         0
75   Brazil 2020-03-13      541             581        621                39                98                  0        0         0
76   Brazil 2020-03-14      617             663        709                44               121                  0        0         0
77   Brazil 2020-03-15      703             756        809                50               200                  0        0         0
78   Brazil 2020-03-16      803             863        923                57               234                  1        0         0
79   Brazil 2020-03-17      915             984       1053                66               291                  4        0         0
80   Brazil 2020-03-18     1044            1122       1200                75               428                  6        0         0
81   Brazil 2020-03-19     1191            1280       1369                85               621                 11        0         0
82   Brazil 2020-03-20     1356            1458       1560                97               904                 18        0         0
83   Brazil 2020-03-21     1546            1662       1778               111              1128                 25        0         0
84   Brazil 2020-03-22     1761            1893       2025               126              1546                 34        0         0
85   Brazil 2020-03-23     2005            2155       2305               143              1891                 46        0         0
86   Brazil 2020-03-24     2281            2452       2623               163              2201                 57        0         0
87   Brazil 2020-03-25     2594            2788       2982               186              2433                 77        0         0
88   Brazil 2020-03-26     2947            3168       3389               211              2915                 92        0         0
89   Brazil 2020-03-27     3348            3598       3848               240              3417                114        0         0
90   Brazil 2020-03-28     3799            4083       4367               272              3904                136        0         0
91   Brazil 2020-03-29     4307            4629       4951               308              4256                159        0         0
92   Brazil 2020-03-30     4877            5242       5607               349              4579                201        0         0
93   Brazil 2020-03-31     5516            5929       6342               395              5717                241        0         0
94   Brazil 2020-04-01     6232            6698       7164               446              6836                299        0         0
95   Brazil 2020-04-02     7029            7555       8081               503              7910                359        0         0
96   Brazil 2020-04-03     7916            8508       9100               566              9056                432        0         0
97   Brazil 2020-04-04     8897            9563      10229               637             10278                486        0         0
98   Brazil 2020-04-05     9982           10729      11476               714             11130                553        0         0
99   Brazil 2020-04-06    11173           12009      12845               799             12056                667        0         0
100  Brazil 2020-04-07    12476           13410      14344               893             13717                800        0         0
101  Brazil 2020-04-08    13895           14935      15975               994             15927                941        0         0
102  Brazil 2020-04-09    15430           16585      17740              1104             17857               1056        0         0
103  Brazil 2020-04-10    17083           18361      19639              1222             19638               1124        0         0
104  Brazil 2020-04-11    18849           20260      21671              1349             20727               1223        0         0
105  Brazil 2020-04-12    20724           22275      23826              1483             22169               1328        0         0
106  Brazil 2020-04-13    22701           24400      26099              1624             23430               1532        0         0
107  Brazil 2020-04-14    24769           26623      28477              1772             25262               1736        0         0
108  Brazil 2020-04-15    26915           28929      30943              1926             28320               1924        0         0
109  Brazil 2020-04-16    29123           31302      33481              2084             30425               2141        0         0
110  Brazil 2020-04-17    31375           33723      36071              2245             33682               2347        0         0
111  Brazil 2020-04-18    33653           36171      38689              2408             36599               2462        0         0
112  Brazil 2020-04-19    35937           38626      41315              2571             38654               2575        0         0
113  Brazil 2020-04-20    38205           41064      43923              2734             40581               2741        0         0
114  Brazil 2020-04-21    40440           43466      46492              2894             43079               2906        0         0
115  Brazil 2020-04-22    42622           45811      49000              3050             45757               3313        0         0
116  Brazil 2020-04-23    44735           48082      51429              3201             49492               3331        0         0
117  Brazil 2020-04-24    46763           50262      53761              3346             50036               3331        0         0
118  Brazil 2020-04-25    48694           52338      55982              3484                NA                 NA        0         0
119  Brazil 2020-04-26    50521           54302      58083              3615                NA                 NA        0         0
120  Brazil 2020-04-27    52237           56146      60055              3738                NA                 NA        0         0
121  Brazil 2020-04-28    53836           57865      61894              3852                NA                 NA        0         0
122  Brazil 2020-04-29    55319           59459      63599              3958                NA                 NA        0         0
123  Brazil 2020-04-30    56686           60928      65170              4056                NA                 NA        0         0
124  Brazil 2020-05-01    57938           62274      66610              4146                NA                 NA        0         0

Fontes:
	OMS - https://ourworldindata.org/coronavirus-source-data
	Worldometers - https://www.worldometers.info/coronavirus