
 Italy 
Projecao:  7  dias
Gerado em:  2020-06-16 17:02:56
RMSE(%):  5.4 , BIAS(%): 1.16

Taxa de Mortalidade 14.49 %

    country       dias otimista casos_estimados pessimista estimativa_mortes casos_confirmados mortes_confirmadas latitude longitude
158   Italy 2020-06-04   217575          229923     242271             33307            234013              33774 41.87194  12.56738
159   Italy 2020-06-05   217646          229998     242350             33318            234531              33846 41.87194  12.56738
160   Italy 2020-06-06   217712          230067     242422             33328            234801              33899 41.87194  12.56738
161   Italy 2020-06-07   217771          230130     242489             33337            234998              33964 41.87194  12.56738
162   Italy 2020-06-08   217826          230188     242550             33346            235278              34043 41.87194  12.56738
163   Italy 2020-06-09   217875          230240     242605             33353            235561              34114 41.87194  12.56738
164   Italy 2020-06-10   217921          230288     242655             33360            235763              34167 41.87194  12.56738
165   Italy 2020-06-11   217962          230332     242702             33367            236142              34223 41.87194  12.56738
166   Italy 2020-06-12   218000          230372     242744             33372            236305              34301 41.87194  12.56738
167   Italy 2020-06-13   218035          230409     242783             33378            236651              34345 41.87194  12.56738
168   Italy 2020-06-14   218067          230442     242817             33383            236989              34371 41.87194  12.56738
169   Italy 2020-06-15   218096          230473     242850             33387            237290              34405 41.87194  12.56738
170   Italy 2020-06-16   218122          230501     242880             33391            237500              34405 41.87194  12.56738
171   Italy 2020-06-17   218146          230526     242906             33395                NA                 NA 41.87194  12.56738
172   Italy 2020-06-18   218168          230549     242930             33398                NA                 NA 41.87194  12.56738
173   Italy 2020-06-19   218189          230571     242953             33401                NA                 NA 41.87194  12.56738
174   Italy 2020-06-20   218207          230590     242973             33404                NA                 NA 41.87194  12.56738
175   Italy 2020-06-21   218224          230608     242992             33407                NA                 NA 41.87194  12.56738
176   Italy 2020-06-22   218239          230624     243009             33409                NA                 NA 41.87194  12.56738
177   Italy 2020-06-23   218253          230639     243025             33411                NA                 NA 41.87194  12.56738

Total de casos no mundo:  8204006 2529175 1481460 2235030 1690808 257852 8960 721 8204006

Estimados a partir dos dados da OMS:
    day       date      x   xest
1     1 2019-12-30      0     38
2     2 2019-12-31      0     41
3     3 2020-01-01      0     45
4     4 2020-01-02      0     49
5     5 2020-01-03      0     54
6     6 2020-01-04      0     59
7     7 2020-01-05      0     65
8     8 2020-01-06      0     71
9     9 2020-01-07      0     78
10   10 2020-01-08      0     85
11   11 2020-01-09      0     93
12   12 2020-01-10      0    102
13   13 2020-01-11      0    112
14   14 2020-01-12      0    123
15   15 2020-01-13      0    134
16   16 2020-01-14      0    147
17   17 2020-01-15      0    161
18   18 2020-01-16      0    177
19   19 2020-01-17      0    193
20   20 2020-01-18      0    212
21   21 2020-01-19      0    232
22   22 2020-01-20      0    254
23   23 2020-01-21      0    278
24   24 2020-01-22      0    305
25   25 2020-01-23      0    334
26   26 2020-01-24      0    366
27   27 2020-01-25      0    401
28   28 2020-01-26      0    439
29   29 2020-01-27      0    480
30   30 2020-01-28      0    526
31   31 2020-01-29      0    576
32   32 2020-01-30      3    631
33   33 2020-01-31      3    691
34   34 2020-02-01      3    757
35   35 2020-02-02      3    828
36   36 2020-02-03      3    907
37   37 2020-02-04      3    993
38   38 2020-02-05      3   1088
39   39 2020-02-06      3   1191
40   40 2020-02-07      3   1304
41   41 2020-02-08      3   1427
42   42 2020-02-09      3   1562
43   43 2020-02-10      3   1710
44   44 2020-02-11      3   1872
45   45 2020-02-12      3   2049
46   46 2020-02-13      3   2242
47   47 2020-02-14      3   2454
48   48 2020-02-15      3   2685
49   49 2020-02-16      3   2938
50   50 2020-02-17      3   3214
51   51 2020-02-18      3   3516
52   52 2020-02-19      3   3846
53   53 2020-02-20      3   4206
54   54 2020-02-21     17   4599
55   55 2020-02-22     79   5027
56   56 2020-02-23    132   5495
57   57 2020-02-24    229   6006
58   58 2020-02-25    322   6562
59   59 2020-02-26    400   7168
60   60 2020-02-27    650   7829
61   61 2020-02-28    888   8548
62   62 2020-02-29   1128   9330
63   63 2020-03-01   1689  10180
64   64 2020-03-02   2036  11104
65   65 2020-03-03   2502  12107
66   66 2020-03-04   3089  13196
67   67 2020-03-05   3858  14375
68   68 2020-03-06   4636  15653
69   69 2020-03-07   5883  17036
70   70 2020-03-08   7375  18529
71   71 2020-03-09   9172  20142
72   72 2020-03-10  10149  21881
73   73 2020-03-11  12462  23752
74   74 2020-03-12  15113  25764
75   75 2020-03-13  17660  27924
76   76 2020-03-14  21157  30237
77   77 2020-03-15  23980  32712
78   78 2020-03-16  27980  35353
79   79 2020-03-17  31506  38167
80   80 2020-03-18  35713  41157
81   81 2020-03-19  41035  44327
82   82 2020-03-20  47021  47681
83   83 2020-03-21  53578  51218
84   84 2020-03-22  59138  54940
85   85 2020-03-23  63927  58842
86   86 2020-03-24  69176  62923
87   87 2020-03-25  74386  67177
88   88 2020-03-26  80539  71595
89   89 2020-03-27  86498  76169
90   90 2020-03-28  92472  80886
91   91 2020-03-29  97689  85734
92   92 2020-03-30 101739  90696
93   93 2020-03-31 105792  95756
94   94 2020-04-01 110574 100895
95   95 2020-04-02 115242 106093
96   96 2020-04-03 119827 111329
97   97 2020-04-04 124632 116582
98   98 2020-04-05 128948 121831
99   99 2020-04-06 132547 127052
100 100 2020-04-07 135586 132226
101 101 2020-04-08 139422 137332
102 102 2020-04-09 143626 142350
103 103 2020-04-10 147577 147263
104 104 2020-04-11 152271 152053
105 105 2020-04-12 156363 156707
106 106 2020-04-13 159516 161212
107 107 2020-04-14 162488 165557
108 108 2020-04-15 165155 169734
109 109 2020-04-16 168941 173735
110 110 2020-04-17 172434 177556
111 111 2020-04-18 175925 181194
112 112 2020-04-19 178972 184649
113 113 2020-04-20 181228 187919
114 114 2020-04-21 183957 191008
115 115 2020-04-22 187327 193918
116 116 2020-04-23 189973 196653
117 117 2020-04-24 192994 199219
118 118 2020-04-25 195351 201620
119 119 2020-04-26 197675 203863
120 120 2020-04-27 199414 205955
121 121 2020-04-28 201505 207903
122 122 2020-04-29 203591 209714
123 123 2020-04-30 205463 211394
124 124 2020-05-01 207428 212952
125 125 2020-05-02 209328 214395
126 126 2020-05-03 210717 215729
127 127 2020-05-04 211938 216962
128 128 2020-05-05 213013 218100
129 129 2020-05-06 214457 219149
130 130 2020-05-07 215858 220116
131 131 2020-05-08 217185 221006
132 132 2020-05-09 218268 221825
133 133 2020-05-10 219070 222578
134 134 2020-05-11 219814 223270
135 135 2020-05-12 221216 223905
136 136 2020-05-13 222104 224488
137 137 2020-05-14 223096 225024
138 138 2020-05-15 223885 225514
139 139 2020-05-16 224760 225964
140 140 2020-05-17 225435 226377
141 141 2020-05-18 225886 226754
142 142 2020-05-19 226699 227100
143 143 2020-05-20 227364 227417
144 144 2020-05-21 228006 227707
145 145 2020-05-22 228658 227972
146 146 2020-05-23 229327 228215
147 147 2020-05-24 229858 228437
148 148 2020-05-25 230158 228641
149 149 2020-05-26 230555 228826
150 150 2020-05-27 231139 228996
151 151 2020-05-28 231732 229152
152 152 2020-05-29 232248 229294
153 153 2020-05-30 232664 229423
154 154 2020-05-31 233019 229542
155 155 2020-06-01 233197 229650
156 156 2020-06-02 233515 229749
157 157 2020-06-03 233836 229840
158 158 2020-06-04 234013 229923
159 159 2020-06-05 234531 229998
160 160 2020-06-06 234801 230067
161 161 2020-06-07 234998 230130
162 162 2020-06-08 235278 230188
163 163 2020-06-09 235561 230240
164 164 2020-06-10 235763 230288
165 165 2020-06-11 236142 230332
166 166 2020-06-12 236305 230372
167 167 2020-06-13 236651 230409
168 168 2020-06-14 236989 230442
169 169 2020-06-15 237290 230473
170 170 2020-06-16 237500 230501

Intervalo de Confianca
             2.5%        97.5%
Asym 228936.35827 232677.56625
xmid     96.30068     97.25253
scal     10.60464     11.36379


Formula: x ~ SSlogis(day, Asym, xmid, scal)

Parameters:
        Estimate  Std. Error t value            Pr(>|t|)    
Asym 230793.4634    918.4227  251.29 <0.0000000000000002 ***
xmid     96.7743      0.2295  421.73 <0.0000000000000002 ***
scal     10.9800      0.1937   56.69 <0.0000000000000002 ***
---
Signif. codes:  0 ‘***’ 0.001 ‘**’ 0.01 ‘*’ 0.05 ‘.’ 0.1 ‘ ’ 1

Residual standard error: 5362 on 167 degrees of freedom

Number of iterations to convergence: 9 
Achieved convergence tolerance: 0.0000000149


Italy: o primeiro caso foi registrado em 30/01/2020 na data 16/06/2020 temos 138 dias desde o primeiro caso. A data de pico prevista pelo modelo logístico foi 06/05/2020 (dia 97 desde os primeiros casos relatados).
Em 06/05/2020 o modelo estimou 230793+/-918 casos.

Todos os dados gerados
    country       dias otimista casos_estimados pessimista estimativa_mortes casos_confirmados mortes_confirmadas latitude longitude
1     Italy 2019-12-30       36              38         40                 6                 0                  0 41.87194  12.56738
2     Italy 2019-12-31       39              41         43                 6                 0                  0 41.87194  12.56738
3     Italy 2020-01-01       43              45         47                 7                 0                  0 41.87194  12.56738
4     Italy 2020-01-02       46              49         52                 7                 0                  0 41.87194  12.56738
5     Italy 2020-01-03       51              54         57                 8                 0                  0 41.87194  12.56738
6     Italy 2020-01-04       56              59         62                 9                 0                  0 41.87194  12.56738
7     Italy 2020-01-05       62              65         68                 9                 0                  0 41.87194  12.56738
8     Italy 2020-01-06       67              71         75                10                 0                  0 41.87194  12.56738
9     Italy 2020-01-07       74              78         82                11                 0                  0 41.87194  12.56738
10    Italy 2020-01-08       80              85         90                12                 0                  0 41.87194  12.56738
11    Italy 2020-01-09       88              93         98                13                 0                  0 41.87194  12.56738
12    Italy 2020-01-10       97             102        107                15                 0                  0 41.87194  12.56738
13    Italy 2020-01-11      106             112        118                16                 0                  0 41.87194  12.56738
14    Italy 2020-01-12      116             123        130                18                 0                  0 41.87194  12.56738
15    Italy 2020-01-13      127             134        141                19                 0                  0 41.87194  12.56738
16    Italy 2020-01-14      139             147        155                21                 0                  0 41.87194  12.56738
17    Italy 2020-01-15      152             161        170                23                 0                  0 41.87194  12.56738
18    Italy 2020-01-16      167             177        187                26                 0                  0 41.87194  12.56738
19    Italy 2020-01-17      183             193        203                28                 0                  0 41.87194  12.56738
20    Italy 2020-01-18      201             212        223                31                 0                  0 41.87194  12.56738
21    Italy 2020-01-19      220             232        244                34                 0                  0 41.87194  12.56738
22    Italy 2020-01-20      240             254        268                37                 0                  0 41.87194  12.56738
23    Italy 2020-01-21      263             278        293                40                 0                  0 41.87194  12.56738
24    Italy 2020-01-22      289             305        321                44                 0                  0 41.87194  12.56738
25    Italy 2020-01-23      316             334        352                48                 0                  0 41.87194  12.56738
26    Italy 2020-01-24      346             366        386                53                 0                  0 41.87194  12.56738
27    Italy 2020-01-25      379             401        423                58                 0                  0 41.87194  12.56738
28    Italy 2020-01-26      415             439        463                64                 0                  0 41.87194  12.56738
29    Italy 2020-01-27      454             480        506                70                 0                  0 41.87194  12.56738
30    Italy 2020-01-28      498             526        554                76                 0                  0 41.87194  12.56738
31    Italy 2020-01-29      545             576        607                83                 0                  0 41.87194  12.56738
32    Italy 2020-01-30      597             631        665                91                 3                  0 41.87194  12.56738
33    Italy 2020-01-31      654             691        728               100                 3                  0 41.87194  12.56738
34    Italy 2020-02-01      716             757        798               110                 3                  0 41.87194  12.56738
35    Italy 2020-02-02      784             828        872               120                 3                  0 41.87194  12.56738
36    Italy 2020-02-03      858             907        956               131                 3                  0 41.87194  12.56738
37    Italy 2020-02-04      940             993       1046               144                 3                  0 41.87194  12.56738
38    Italy 2020-02-05     1030            1088       1146               158                 3                  0 41.87194  12.56738
39    Italy 2020-02-06     1127            1191       1255               173                 3                  0 41.87194  12.56738
40    Italy 2020-02-07     1234            1304       1374               189                 3                  0 41.87194  12.56738
41    Italy 2020-02-08     1350            1427       1504               207                 3                  0 41.87194  12.56738
42    Italy 2020-02-09     1478            1562       1646               226                 3                  0 41.87194  12.56738
43    Italy 2020-02-10     1618            1710       1802               248                 3                  0 41.87194  12.56738
44    Italy 2020-02-11     1771            1872       1973               271                 3                  0 41.87194  12.56738
45    Italy 2020-02-12     1939            2049       2159               297                 3                  0 41.87194  12.56738
46    Italy 2020-02-13     2122            2242       2362               325                 3                  0 41.87194  12.56738
47    Italy 2020-02-14     2322            2454       2586               355                 3                  0 41.87194  12.56738
48    Italy 2020-02-15     2541            2685       2829               389                 3                  0 41.87194  12.56738
49    Italy 2020-02-16     2780            2938       3096               426                 3                  0 41.87194  12.56738
50    Italy 2020-02-17     3041            3214       3387               466                 3                  0 41.87194  12.56738
51    Italy 2020-02-18     3327            3516       3705               509                 3                  0 41.87194  12.56738
52    Italy 2020-02-19     3639            3846       4053               557                 3                  0 41.87194  12.56738
53    Italy 2020-02-20     3980            4206       4432               609                 3                  0 41.87194  12.56738
54    Italy 2020-02-21     4352            4599       4846               666                17                  2 41.87194  12.56738
55    Italy 2020-02-22     4757            5027       5297               728                79                  2 41.87194  12.56738
56    Italy 2020-02-23     5200            5495       5790               796               132                  6 41.87194  12.56738
57    Italy 2020-02-24     5683            6006       6329               870               229                 11 41.87194  12.56738
58    Italy 2020-02-25     6210            6562       6914               951               322                 12 41.87194  12.56738
59    Italy 2020-02-26     6783            7168       7553              1038               400                 17 41.87194  12.56738
60    Italy 2020-02-27     7409            7829       8249              1134               650                 21 41.87194  12.56738
61    Italy 2020-02-28     8089            8548       9007              1238               888                 29 41.87194  12.56738
62    Italy 2020-02-29     8829            9330       9831              1352              1128                 35 41.87194  12.56738
63    Italy 2020-03-01     9633           10180      10727              1475              1689                 52 41.87194  12.56738
64    Italy 2020-03-02    10508           11104      11700              1609              2036                 80 41.87194  12.56738
65    Italy 2020-03-03    11457           12107      12757              1754              2502                107 41.87194  12.56738
66    Italy 2020-03-04    12487           13196      13905              1912              3089                148 41.87194  12.56738
67    Italy 2020-03-05    13603           14375      15147              2082              3858                197 41.87194  12.56738
68    Italy 2020-03-06    14812           15653      16494              2268              4636                233 41.87194  12.56738
69    Italy 2020-03-07    16121           17036      17951              2468              5883                366 41.87194  12.56738
70    Italy 2020-03-08    17534           18529      19524              2684              7375                464 41.87194  12.56738
71    Italy 2020-03-09    19060           20142      21224              2918              9172                631 41.87194  12.56738
72    Italy 2020-03-10    20706           21881      23056              3170             10149                827 41.87194  12.56738
73    Italy 2020-03-11    22476           23752      25028              3441             12462               1016 41.87194  12.56738
74    Italy 2020-03-12    24380           25764      27148              3732             15113               1268 41.87194  12.56738
75    Italy 2020-03-13    26424           27924      29424              4045             17660               1441 41.87194  12.56738
76    Italy 2020-03-14    28613           30237      31861              4380             21157               1811 41.87194  12.56738
77    Italy 2020-03-15    30955           32712      34469              4739             23980               2158 41.87194  12.56738
78    Italy 2020-03-16    33454           35353      37252              5121             27980               2505 41.87194  12.56738
79    Italy 2020-03-17    36117           38167      40217              5529             31506               2978 41.87194  12.56738
80    Italy 2020-03-18    38947           41157      43367              5962             35713               3407 41.87194  12.56738
81    Italy 2020-03-19    41946           44327      46708              6421             41035               4032 41.87194  12.56738
82    Italy 2020-03-20    45120           47681      50242              6907             47021               4827 41.87194  12.56738
83    Italy 2020-03-21    48467           51218      53969              7420             53578               5476 41.87194  12.56738
84    Italy 2020-03-22    51990           54940      57890              7959             59138               6077 41.87194  12.56738
85    Italy 2020-03-23    55682           58842      62002              8524             63927               6820 41.87194  12.56738
86    Italy 2020-03-24    59544           62923      66302              9115             69176               7505 41.87194  12.56738
87    Italy 2020-03-25    63569           67177      70785              9731             74386               8165 41.87194  12.56738
88    Italy 2020-03-26    67750           71595      75440             10371             80539               9136 41.87194  12.56738
89    Italy 2020-03-27    72078           76169      80260             11034             86498              10023 41.87194  12.56738
90    Italy 2020-03-28    76542           80886      85230             11717             92472              10781 41.87194  12.56738
91    Italy 2020-03-29    81130           85734      90338             12420             97689              11591 41.87194  12.56738
92    Italy 2020-03-30    85825           90696      95567             13139            101739              12430 41.87194  12.56738
93    Italy 2020-03-31    90614           95756     100898             13872            105792              13157 41.87194  12.56738
94    Italy 2020-04-01    95477          100895     106313             14616            110574              13917 41.87194  12.56738
95    Italy 2020-04-02   100395          106093     111791             15369            115242              14681 41.87194  12.56738
96    Italy 2020-04-03   105350          111329     117308             16127            119827              15362 41.87194  12.56738
97    Italy 2020-04-04   110321          116582     122843             16888            124632              15889 41.87194  12.56738
98    Italy 2020-04-05   115288          121831     128374             17649            128948              16525 41.87194  12.56738
99    Italy 2020-04-06   120229          127052     133875             18405            132547              17129 41.87194  12.56738
100   Italy 2020-04-07   125125          132226     139327             19155            135586              17669 41.87194  12.56738
101   Italy 2020-04-08   129957          137332     144707             19894            139422              18281 41.87194  12.56738
102   Italy 2020-04-09   134705          142350     149995             20621            143626              18851 41.87194  12.56738
103   Italy 2020-04-10   139354          147263     155172             21333            147577              19470 41.87194  12.56738
104   Italy 2020-04-11   143887          152053     160219             22027            152271              19901 41.87194  12.56738
105   Italy 2020-04-12   148291          156707     165123             22701            156363              20465 41.87194  12.56738
106   Italy 2020-04-13   152554          161212     169870             23354            159516              21069 41.87194  12.56738
107   Italy 2020-04-14   156666          165557     174448             23983            162488              21647 41.87194  12.56738
108   Italy 2020-04-15   160619          169734     178849             24588            165155              22172 41.87194  12.56738
109   Italy 2020-04-16   164405          173735     183065             25168            168941              22747 41.87194  12.56738
110   Italy 2020-04-17   168021          177556     187091             25721            172434              23227 41.87194  12.56738
111   Italy 2020-04-18   171463          181194     190925             26248            175925              23660 41.87194  12.56738
112   Italy 2020-04-19   174733          184649     194565             26749            178972              24114 41.87194  12.56738
113   Italy 2020-04-20   177827          187919     198011             27223            181228              24648 41.87194  12.56738
114   Italy 2020-04-21   180750          191008     201266             27670            183957              25085 41.87194  12.56738
115   Italy 2020-04-22   183504          193918     204332             28092            187327              25549 41.87194  12.56738
116   Italy 2020-04-23   186092          196653     207214             28488            189973              25969 41.87194  12.56738
117   Italy 2020-04-24   188520          199219     209918             28859            192994              26384 41.87194  12.56738
118   Italy 2020-04-25   190792          201620     212448             29207            195351              26644 41.87194  12.56738
119   Italy 2020-04-26   192915          203863     214811             29532            197675              26977 41.87194  12.56738
120   Italy 2020-04-27   194895          205955     217015             29835            199414              27359 41.87194  12.56738
121   Italy 2020-04-28   196738          207903     219068             30117            201505              27682 41.87194  12.56738
122   Italy 2020-04-29   198452          209714     220976             30380            203591              27967 41.87194  12.56738
123   Italy 2020-04-30   200041          211394     222747             30623            205463              28236 41.87194  12.56738
124   Italy 2020-05-01   201516          212952     224388             30849            207428              28710 41.87194  12.56738
125   Italy 2020-05-02   202881          214395     225909             31058            209328              28884 41.87194  12.56738
126   Italy 2020-05-03   204144          215729     227314             31251            210717              29079 41.87194  12.56738
127   Italy 2020-05-04   205310          216962     228614             31430            211938              29315 41.87194  12.56738
128   Italy 2020-05-05   206387          218100     229813             31595            213013              29684 41.87194  12.56738
129   Italy 2020-05-06   207380          219149     230918             31747            214457              29958 41.87194  12.56738
130   Italy 2020-05-07   208295          220116     231937             31887            215858              30201 41.87194  12.56738
131   Italy 2020-05-08   209137          221006     232875             32016            217185              30395 41.87194  12.56738
132   Italy 2020-05-09   209912          221825     233738             32134            218268              30560 41.87194  12.56738
133   Italy 2020-05-10   210625          222578     234531             32243            219070              30739 41.87194  12.56738
134   Italy 2020-05-11   211280          223270     235260             32344            219814              30911 41.87194  12.56738
135   Italy 2020-05-12   211881          223905     235929             32436            221216              31106 41.87194  12.56738
136   Italy 2020-05-13   212432          224488     236544             32520            222104              31368 41.87194  12.56738
137   Italy 2020-05-14   212939          225024     237109             32598            223096              31610 41.87194  12.56738
138   Italy 2020-05-15   213403          225514     237625             32669            223885              31763 41.87194  12.56738
139   Italy 2020-05-16   213829          225964     238099             32734            224760              31908 41.87194  12.56738
140   Italy 2020-05-17   214220          226377     238534             32794            225435              32007 41.87194  12.56738
141   Italy 2020-05-18   214577          226754     238931             32848            225886              32169 41.87194  12.56738
142   Italy 2020-05-19   214904          227100     239296             32898            226699              32330 41.87194  12.56738
143   Italy 2020-05-20   215204          227417     239630             32944            227364              32486 41.87194  12.56738
144   Italy 2020-05-21   215478          227707     239936             32986            228006              32616 41.87194  12.56738
145   Italy 2020-05-22   215729          227972     240215             33025            228658              32735 41.87194  12.56738
146   Italy 2020-05-23   215959          228215     240471             33060            229327              32785 41.87194  12.56738
147   Italy 2020-05-24   216169          228437     240705             33092            229858              32877 41.87194  12.56738
148   Italy 2020-05-25   216362          228641     240920             33122            230158              32955 41.87194  12.56738
149   Italy 2020-05-26   216537          228826     241115             33148            230555              33072 41.87194  12.56738
150   Italy 2020-05-27   216698          228996     241294             33173            231139              33142 41.87194  12.56738
151   Italy 2020-05-28   216846          229152     241458             33196            231732              33229 41.87194  12.56738
152   Italy 2020-05-29   216980          229294     241608             33216            232248              33340 41.87194  12.56738
153   Italy 2020-05-30   217102          229423     241744             33235            232664              33415 41.87194  12.56738
154   Italy 2020-05-31   217215          229542     241869             33252            233019              33475 41.87194  12.56738
155   Italy 2020-06-01   217317          229650     241983             33268            233197              33530 41.87194  12.56738
156   Italy 2020-06-02   217411          229749     242087             33282            233515              33601 41.87194  12.56738
157   Italy 2020-06-03   217497          229840     242183             33295            233836              33689 41.87194  12.56738
158   Italy 2020-06-04   217575          229923     242271             33307            234013              33774 41.87194  12.56738
159   Italy 2020-06-05   217646          229998     242350             33318            234531              33846 41.87194  12.56738
160   Italy 2020-06-06   217712          230067     242422             33328            234801              33899 41.87194  12.56738
161   Italy 2020-06-07   217771          230130     242489             33337            234998              33964 41.87194  12.56738
162   Italy 2020-06-08   217826          230188     242550             33346            235278              34043 41.87194  12.56738
163   Italy 2020-06-09   217875          230240     242605             33353            235561              34114 41.87194  12.56738
164   Italy 2020-06-10   217921          230288     242655             33360            235763              34167 41.87194  12.56738
165   Italy 2020-06-11   217962          230332     242702             33367            236142              34223 41.87194  12.56738
166   Italy 2020-06-12   218000          230372     242744             33372            236305              34301 41.87194  12.56738
167   Italy 2020-06-13   218035          230409     242783             33378            236651              34345 41.87194  12.56738
168   Italy 2020-06-14   218067          230442     242817             33383            236989              34371 41.87194  12.56738
169   Italy 2020-06-15   218096          230473     242850             33387            237290              34405 41.87194  12.56738
170   Italy 2020-06-16   218122          230501     242880             33391            237500              34405 41.87194  12.56738
171   Italy 2020-06-17   218146          230526     242906             33395                NA                 NA 41.87194  12.56738
172   Italy 2020-06-18   218168          230549     242930             33398                NA                 NA 41.87194  12.56738
173   Italy 2020-06-19   218189          230571     242953             33401                NA                 NA 41.87194  12.56738
174   Italy 2020-06-20   218207          230590     242973             33404                NA                 NA 41.87194  12.56738
175   Italy 2020-06-21   218224          230608     242992             33407                NA                 NA 41.87194  12.56738
176   Italy 2020-06-22   218239          230624     243009             33409                NA                 NA 41.87194  12.56738
177   Italy 2020-06-23   218253          230639     243025             33411                NA                 NA 41.87194  12.56738

Fontes:
	OMS - https://ourworldindata.org/coronavirus-source-data
	Worldometers - https://www.worldometers.info/coronavirus