
 Brazil 
Projecao:  10  dias
Gerado em:  2020-09-11 19:41:19
RMSE(%):  5.1 , BIAS(%): 1.58

Taxa de Mortalidade 3.05 %

    country       dias otimista casos_estimados pessimista estimativa_mortes casos_confirmados mortes_confirmadas latitude longitude
248  Brazil 2020-09-02  3753155         3956531    4159907            120480           3997865             124614        0         0
249  Brazil 2020-09-03  3779434         3984234    4189034            121324           4041638             125521        0         0
250  Brazil 2020-09-04  3805072         4011261    4217450            122147           4092832             126203        0         0
251  Brazil 2020-09-05  3830073         4037617    4245161            122949           4123000             126650        0         0
252  Brazil 2020-09-06  3854443         4063307    4272171            123732           4137521             126960        0         0
253  Brazil 2020-09-07  3878188         4088339    4298490            124494           4147794             127464        0         0
254  Brazil 2020-09-08  3901315         4112719    4324123            125236           4162073             128539        0         0
255  Brazil 2020-09-09  3923831         4136455    4349079            125959           4197889             129522        0         0
256  Brazil 2020-09-10  3945743         4159555    4373367            126662           4238446             130396        0         0
257  Brazil 2020-09-11  3967062         4182029    4396996            127347           4282164             130396        0         0
258  Brazil 2020-09-12  3987795         4203885    4419975            128012                NA                 NA        0         0
259  Brazil 2020-09-13  4007951         4225134    4442317            128659                NA                 NA        0         0
260  Brazil 2020-09-14  4027540         4245784    4464028            129288                NA                 NA        0         0
261  Brazil 2020-09-15  4046572         4265847    4485122            129899                NA                 NA        0         0
262  Brazil 2020-09-16  4065055         4285332    4505609            130492                NA                 NA        0         0
263  Brazil 2020-09-17  4083002         4304251    4525500            131069                NA                 NA        0         0
264  Brazil 2020-09-18  4100422         4322615    4544808            131628                NA                 NA        0         0
265  Brazil 2020-09-19  4117325         4340434    4563543            132170                NA                 NA        0         0
266  Brazil 2020-09-20  4133722         4357720    4581718            132697                NA                 NA        0         0
267  Brazil 2020-09-21  4149625         4374484    4599343            133207                NA                 NA        0         0

Total de casos no mundo:  28618206 7886654 8356190 6987437 4012444 1344980 29780 721 28618206

Estimados a partir dos dados da OMS:
    day       date       x    xest
1     1 2019-12-30       0    1606
2     2 2019-12-31       0    1669
3     3 2020-01-01       0    1734
4     4 2020-01-02       0    1802
5     5 2020-01-03       0    1873
6     6 2020-01-04       0    1946
7     7 2020-01-05       0    2023
8     8 2020-01-06       0    2102
9     9 2020-01-07       0    2184
10   10 2020-01-08       0    2270
11   11 2020-01-09       0    2359
12   12 2020-01-10       0    2451
13   13 2020-01-11       0    2547
14   14 2020-01-12       0    2647
15   15 2020-01-13       0    2751
16   16 2020-01-14       0    2859
17   17 2020-01-15       0    2971
18   18 2020-01-16       0    3087
19   19 2020-01-17       0    3208
20   20 2020-01-18       0    3334
21   21 2020-01-19       0    3465
22   22 2020-01-20       0    3600
23   23 2020-01-21       0    3741
24   24 2020-01-22       0    3888
25   25 2020-01-23       0    4040
26   26 2020-01-24       0    4199
27   27 2020-01-25       0    4363
28   28 2020-01-26       0    4534
29   29 2020-01-27       0    4712
30   30 2020-01-28       0    4896
31   31 2020-01-29       0    5088
32   32 2020-01-30       0    5287
33   33 2020-01-31       0    5494
34   34 2020-02-01       0    5710
35   35 2020-02-02       0    5933
36   36 2020-02-03       0    6165
37   37 2020-02-04       0    6407
38   38 2020-02-05       0    6658
39   39 2020-02-06       0    6919
40   40 2020-02-07       0    7189
41   41 2020-02-08       0    7471
42   42 2020-02-09       0    7763
43   43 2020-02-10       0    8067
44   44 2020-02-11       0    8383
45   45 2020-02-12       0    8711
46   46 2020-02-13       0    9052
47   47 2020-02-14       0    9406
48   48 2020-02-15       0    9775
49   49 2020-02-16       0   10157
50   50 2020-02-17       0   10554
51   51 2020-02-18       0   10967
52   52 2020-02-19       0   11396
53   53 2020-02-20       0   11842
54   54 2020-02-21       0   12305
55   55 2020-02-22       0   12787
56   56 2020-02-23       0   13287
57   57 2020-02-24       0   13806
58   58 2020-02-25       1   14346
59   59 2020-02-26       1   14907
60   60 2020-02-27       1   15489
61   61 2020-02-28       1   16095
62   62 2020-02-29       2   16724
63   63 2020-03-01       2   17377
64   64 2020-03-02       2   18056
65   65 2020-03-03       2   18761
66   66 2020-03-04       3   19494
67   67 2020-03-05       8   20255
68   68 2020-03-06      13   21046
69   69 2020-03-07      13   21868
70   70 2020-03-08      25   22721
71   71 2020-03-09      25   23608
72   72 2020-03-10      34   24529
73   73 2020-03-11      52   25485
74   74 2020-03-12      77   26479
75   75 2020-03-13      98   27512
76   76 2020-03-14     121   28584
77   77 2020-03-15     200   29698
78   78 2020-03-16     234   30855
79   79 2020-03-17     291   32057
80   80 2020-03-18     428   33306
81   81 2020-03-19     621   34602
82   82 2020-03-20     904   35949
83   83 2020-03-21    1128   37348
84   84 2020-03-22    1546   38801
85   85 2020-03-23    1891   40310
86   86 2020-03-24    2201   41877
87   87 2020-03-25    2433   43504
88   88 2020-03-26    2915   45194
89   89 2020-03-27    3417   46949
90   90 2020-03-28    3904   48771
91   91 2020-03-29    4256   50664
92   92 2020-03-30    4579   52629
93   93 2020-03-31    5717   54669
94   94 2020-04-01    6836   56788
95   95 2020-04-02    7910   58988
96   96 2020-04-03    9056   61272
97   97 2020-04-04   10278   63643
98   98 2020-04-05   11130   66104
99   99 2020-04-06   12056   68660
100 100 2020-04-07   13717   71312
101 101 2020-04-08   15927   74066
102 102 2020-04-09   17857   76924
103 103 2020-04-10   19638   79891
104 104 2020-04-11   20727   82970
105 105 2020-04-12   22169   86166
106 106 2020-04-13   23430   89482
107 107 2020-04-14   25262   92924
108 108 2020-04-15   28320   96495
109 109 2020-04-16   30425  100201
110 110 2020-04-17   33682  104046
111 111 2020-04-18   36599  108035
112 112 2020-04-19   38654  112173
113 113 2020-04-20   40581  116466
114 114 2020-04-21   43079  120919
115 115 2020-04-22   45757  125538
116 116 2020-04-23   49492  130328
117 117 2020-04-24   52995  135296
118 118 2020-04-25   58509  140448
119 119 2020-04-26   61888  145790
120 120 2020-04-27   66501  151328
121 121 2020-04-28   71886  157070
122 122 2020-04-29   78162  163022
123 123 2020-04-30   85380  169191
124 124 2020-05-01   91589  175586
125 125 2020-05-02   96559  182212
126 126 2020-05-03  101147  189079
127 127 2020-05-04  107780  196193
128 128 2020-05-05  114715  203563
129 129 2020-05-06  125218  211198
130 130 2020-05-07  135106  219106
131 131 2020-05-08  145328  227295
132 132 2020-05-09  155939  235774
133 133 2020-05-10  162699  244553
134 134 2020-05-11  168331  253641
135 135 2020-05-12  177589  263048
136 136 2020-05-13  188974  272783
137 137 2020-05-14  202918  282855
138 138 2020-05-15  218223  293276
139 139 2020-05-16  233142  304055
140 140 2020-05-17  241080  315203
141 141 2020-05-18  254220  326730
142 142 2020-05-19  271628  338648
143 143 2020-05-20  291579  350966
144 144 2020-05-21  310087  363697
145 145 2020-05-22  330890  376850
146 146 2020-05-23  347398  390438
147 147 2020-05-24  363211  404471
148 148 2020-05-25  374898  418961
149 149 2020-05-26  391222  433920
150 150 2020-05-27  411821  449359
151 151 2020-05-28  438238  465289
152 152 2020-05-29  465166  481722
153 153 2020-05-30  498440  498670
154 154 2020-05-31  514849  516143
155 155 2020-06-01  526447  534153
156 156 2020-06-02  555383  552712
157 157 2020-06-03  584016  571830
158 158 2020-06-04  614932  591518
159 159 2020-06-05  645762  611787
160 160 2020-06-06  672837  632648
161 161 2020-06-07  691758  654110
162 162 2020-06-08  707412  676184
163 163 2020-06-09  739503  698878
164 164 2020-06-10  772416  722202
165 165 2020-06-11  802828  746165
166 166 2020-06-12  828810  770775
167 167 2020-06-13  850514  796038
168 168 2020-06-14  867624  821963
169 169 2020-06-15  888271  848555
170 170 2020-06-16  923189  875821
171 171 2020-06-17  955377  903765
172 172 2020-06-18  978142  932392
173 173 2020-06-19 1032913  961704
174 174 2020-06-20 1067579  991704
175 175 2020-06-21 1085038 1022394
176 176 2020-06-22 1106470 1053775
177 177 2020-06-23 1145906 1085846
178 178 2020-06-24 1188631 1118605
179 179 2020-06-25 1228114 1152049
180 180 2020-06-26 1274974 1186176
181 181 2020-06-27 1313667 1220981
182 182 2020-06-28 1344143 1256456
183 183 2020-06-29 1368195 1292595
184 184 2020-06-30 1402041 1329388
185 185 2020-07-01 1448753 1366827
186 186 2020-07-02 1496858 1404900
187 187 2020-07-03 1539081 1443593
188 188 2020-07-04 1577004 1482894
189 189 2020-07-05 1603055 1522786
190 190 2020-07-06 1623284 1563253
191 191 2020-07-07 1668589 1604277
192 192 2020-07-08 1713160 1645838
193 193 2020-07-09 1755779 1687917
194 194 2020-07-10 1800827 1730490
195 195 2020-07-11 1839850 1773535
196 196 2020-07-12 1864681 1817027
197 197 2020-07-13 1884967 1860940
198 198 2020-07-14 1926824 1905248
199 199 2020-07-15 1966748 1949923
200 200 2020-07-16 2012151 1994936
201 201 2020-07-17 2046328 2040257
202 202 2020-07-18 2074860 2085856
203 203 2020-07-19 2098389 2131701
204 204 2020-07-20 2118646 2177759
205 205 2020-07-21 2159654 2223998
206 206 2020-07-22 2227514 2270386
207 207 2020-07-23 2287475 2316887
208 208 2020-07-24 2343366 2363468
209 209 2020-07-25 2394513 2410095
210 210 2020-07-26 2419091 2456733
211 211 2020-07-27 2442375 2503347
212 212 2020-07-28 2483191 2549904
213 213 2020-07-29 2552265 2596369
214 214 2020-07-30 2610102 2642708
215 215 2020-07-31 2662485 2688887
216 216 2020-08-01 2707877 2734874
217 217 2020-08-02 2733677 2780635
218 218 2020-08-03 2750318 2826139
219 219 2020-08-04 2801921 2871354
220 220 2020-08-05 2859073 2916251
221 221 2020-08-06 2912212 2960800
222 222 2020-08-07 2962442 3004971
223 223 2020-08-08 3012412 3048739
224 224 2020-08-09 3035422 3092075
225 225 2020-08-10 3057470 3134956
226 226 2020-08-11 3109630 3177357
227 227 2020-08-12 3164785 3219255
228 228 2020-08-13 3224876 3260629
229 229 2020-08-14 3275520 3301458
230 230 2020-08-15 3317096 3341724
231 231 2020-08-16 3340197 3381409
232 232 2020-08-17 3359570 3420496
233 233 2020-08-18 3407354 3458972
234 234 2020-08-19 3456652 3496821
235 235 2020-08-20 3501975 3534033
236 236 2020-08-21 3532330 3570597
237 237 2020-08-22 3582362 3606502
238 238 2020-08-23 3605783 3641740
239 239 2020-08-24 3622861 3676306
240 240 2020-08-25 3669995 3710192
241 241 2020-08-26 3717156 3743395
242 242 2020-08-27 3761391 3775911
243 243 2020-08-28 3804803 3807737
244 244 2020-08-29 3846153 3838874
245 245 2020-08-30 3862311 3869320
246 246 2020-08-31 3908272 3899077
247 247 2020-09-01 3950931 3928146
248 248 2020-09-02 3997865 3956531
249 249 2020-09-03 4041638 3984234
250 250 2020-09-04 4092832 4011261
251 251 2020-09-05 4123000 4037617
252 252 2020-09-06 4137521 4063307
253 253 2020-09-07 4147794 4088339
254 254 2020-09-08 4162073 4112719
255 255 2020-09-09 4197889 4136455
256 256 2020-09-10 4238446 4159555
257 257 2020-09-11 4282164 4182029

Intervalo de Confianca
              2.5%         97.5%
Asym 4777367.35848 4927100.12910
xmid     208.30265     210.38540
scal      25.52053      26.48694


Formula: x ~ SSlogis(day, Asym, xmid, scal)

Parameters:
         Estimate   Std. Error t value            Pr(>|t|)    
Asym 4850337.0509   38064.2371   127.4 <0.0000000000000002 ***
xmid     209.3232       0.5266   397.5 <0.0000000000000002 ***
scal      25.9989       0.2554   101.8 <0.0000000000000002 ***
---
Signif. codes:  0 ‘***’ 0.001 ‘**’ 0.01 ‘*’ 0.05 ‘.’ 0.1 ‘ ’ 1

Residual standard error: 49910 on 254 degrees of freedom

Number of iterations to convergence: 7 
Achieved convergence tolerance: 0.0000000149


Brazil: o primeiro caso foi registrado em 25/02/2020 na data 11/09/2020 temos 199 dias desde o primeiro caso. A data de pico prevista pelo modelo logístico é 21/09/2020 (dia 209 desde os primeiros casos relatados).
Em 21/09/2020 o modelo estima 4850337+/-38064 casos. De acordo com o modelo ajustado temos 10 de infecçao pela frente.

Todos os dados gerados
    country       dias otimista casos_estimados pessimista estimativa_mortes casos_confirmados mortes_confirmadas latitude longitude
1    Brazil 2019-12-30     1523            1606       1689                49                 0                  0        0         0
2    Brazil 2019-12-31     1583            1669       1755                51                 0                  0        0         0
3    Brazil 2020-01-01     1645            1734       1823                53                 0                  0        0         0
4    Brazil 2020-01-02     1709            1802       1895                55                 0                  0        0         0
5    Brazil 2020-01-03     1777            1873       1969                57                 0                  0        0         0
6    Brazil 2020-01-04     1846            1946       2046                59                 0                  0        0         0
7    Brazil 2020-01-05     1919            2023       2127                62                 0                  0        0         0
8    Brazil 2020-01-06     1994            2102       2210                64                 0                  0        0         0
9    Brazil 2020-01-07     2072            2184       2296                67                 0                  0        0         0
10   Brazil 2020-01-08     2153            2270       2387                69                 0                  0        0         0
11   Brazil 2020-01-09     2238            2359       2480                72                 0                  0        0         0
12   Brazil 2020-01-10     2325            2451       2577                75                 0                  0        0         0
13   Brazil 2020-01-11     2416            2547       2678                78                 0                  0        0         0
14   Brazil 2020-01-12     2511            2647       2783                81                 0                  0        0         0
15   Brazil 2020-01-13     2610            2751       2892                84                 0                  0        0         0
16   Brazil 2020-01-14     2712            2859       3006                87                 0                  0        0         0
17   Brazil 2020-01-15     2818            2971       3124                90                 0                  0        0         0
18   Brazil 2020-01-16     2928            3087       3246                94                 0                  0        0         0
19   Brazil 2020-01-17     3043            3208       3373                98                 0                  0        0         0
20   Brazil 2020-01-18     3163            3334       3505               102                 0                  0        0         0
21   Brazil 2020-01-19     3287            3465       3643               106                 0                  0        0         0
22   Brazil 2020-01-20     3415            3600       3785               110                 0                  0        0         0
23   Brazil 2020-01-21     3549            3741       3933               114                 0                  0        0         0
24   Brazil 2020-01-22     3688            3888       4088               118                 0                  0        0         0
25   Brazil 2020-01-23     3832            4040       4248               123                 0                  0        0         0
26   Brazil 2020-01-24     3983            4199       4415               128                 0                  0        0         0
27   Brazil 2020-01-25     4139            4363       4587               133                 0                  0        0         0
28   Brazil 2020-01-26     4301            4534       4767               138                 0                  0        0         0
29   Brazil 2020-01-27     4470            4712       4954               143                 0                  0        0         0
30   Brazil 2020-01-28     4644            4896       5148               149                 0                  0        0         0
31   Brazil 2020-01-29     4826            5088       5350               155                 0                  0        0         0
32   Brazil 2020-01-30     5015            5287       5559               161                 0                  0        0         0
33   Brazil 2020-01-31     5212            5494       5776               167                 0                  0        0         0
34   Brazil 2020-02-01     5416            5710       6004               174                 0                  0        0         0
35   Brazil 2020-02-02     5628            5933       6238               181                 0                  0        0         0
36   Brazil 2020-02-03     5848            6165       6482               188                 0                  0        0         0
37   Brazil 2020-02-04     6078            6407       6736               195                 0                  0        0         0
38   Brazil 2020-02-05     6316            6658       7000               203                 0                  0        0         0
39   Brazil 2020-02-06     6563            6919       7275               211                 0                  0        0         0
40   Brazil 2020-02-07     6819            7189       7559               219                 0                  0        0         0
41   Brazil 2020-02-08     7087            7471       7855               227                 0                  0        0         0
42   Brazil 2020-02-09     7364            7763       8162               236                 0                  0        0         0
43   Brazil 2020-02-10     7652            8067       8482               246                 0                  0        0         0
44   Brazil 2020-02-11     7952            8383       8814               255                 0                  0        0         0
45   Brazil 2020-02-12     8263            8711       9159               265                 0                  0        0         0
46   Brazil 2020-02-13     8587            9052       9517               276                 0                  0        0         0
47   Brazil 2020-02-14     8923            9406       9889               286                 0                  0        0         0
48   Brazil 2020-02-15     9273            9775      10277               298                 0                  0        0         0
49   Brazil 2020-02-16     9635           10157      10679               309                 0                  0        0         0
50   Brazil 2020-02-17    10011           10554      11097               321                 0                  0        0         0
51   Brazil 2020-02-18    10403           10967      11531               334                 0                  0        0         0
52   Brazil 2020-02-19    10810           11396      11982               347                 0                  0        0         0
53   Brazil 2020-02-20    11233           11842      12451               361                 0                  0        0         0
54   Brazil 2020-02-21    11672           12305      12938               375                 0                  0        0         0
55   Brazil 2020-02-22    12130           12787      13444               389                 0                  0        0         0
56   Brazil 2020-02-23    12604           13287      13970               405                 0                  0        0         0
57   Brazil 2020-02-24    13096           13806      14516               420                 0                  0        0         0
58   Brazil 2020-02-25    13609           14346      15083               437                 1                  0        0         0
59   Brazil 2020-02-26    14141           14907      15673               454                 1                  0        0         0
60   Brazil 2020-02-27    14693           15489      16285               472                 1                  0        0         0
61   Brazil 2020-02-28    15268           16095      16922               490                 1                  0        0         0
62   Brazil 2020-02-29    15864           16724      17584               509                 2                  0        0         0
63   Brazil 2020-03-01    16484           17377      18270               529                 2                  0        0         0
64   Brazil 2020-03-02    17128           18056      18984               550                 2                  0        0         0
65   Brazil 2020-03-03    17797           18761      19725               571                 2                  0        0         0
66   Brazil 2020-03-04    18492           19494      20496               594                 3                  0        0         0
67   Brazil 2020-03-05    19214           20255      21296               617                 8                  0        0         0
68   Brazil 2020-03-06    19964           21046      22128               641                13                  0        0         0
69   Brazil 2020-03-07    20744           21868      22992               666                13                  0        0         0
70   Brazil 2020-03-08    21553           22721      23889               692                25                  0        0         0
71   Brazil 2020-03-09    22394           23608      24822               719                25                  0        0         0
72   Brazil 2020-03-10    23268           24529      25790               747                34                  0        0         0
73   Brazil 2020-03-11    24175           25485      26795               776                52                  0        0         0
74   Brazil 2020-03-12    25118           26479      27840               806                77                  0        0         0
75   Brazil 2020-03-13    26098           27512      28926               838                98                  0        0         0
76   Brazil 2020-03-14    27115           28584      30053               870               121                  0        0         0
77   Brazil 2020-03-15    28171           29698      31225               904               200                  0        0         0
78   Brazil 2020-03-16    29269           30855      32441               940               234                  1        0         0
79   Brazil 2020-03-17    30409           32057      33705               976               291                  4        0         0
80   Brazil 2020-03-18    31594           33306      35018              1014               428                  6        0         0
81   Brazil 2020-03-19    32823           34602      36381              1054               621                 11        0         0
82   Brazil 2020-03-20    34101           35949      37797              1095               904                 18        0         0
83   Brazil 2020-03-21    35428           37348      39268              1137              1128                 25        0         0
84   Brazil 2020-03-22    36807           38801      40795              1182              1546                 34        0         0
85   Brazil 2020-03-23    38238           40310      42382              1227              1891                 46        0         0
86   Brazil 2020-03-24    39724           41877      44030              1275              2201                 57        0         0
87   Brazil 2020-03-25    41268           43504      45740              1325              2433                 77        0         0
88   Brazil 2020-03-26    42871           45194      47517              1376              2915                 92        0         0
89   Brazil 2020-03-27    44536           46949      49362              1430              3417                114        0         0
90   Brazil 2020-03-28    46264           48771      51278              1485              3904                136        0         0
91   Brazil 2020-03-29    48060           50664      53268              1543              4256                159        0         0
92   Brazil 2020-03-30    49924           52629      55334              1603              4579                201        0         0
93   Brazil 2020-03-31    51859           54669      57479              1665              5717                241        0         0
94   Brazil 2020-04-01    53869           56788      59707              1729              6836                299        0         0
95   Brazil 2020-04-02    55956           58988      62020              1796              7910                359        0         0
96   Brazil 2020-04-03    58122           61272      64422              1866              9056                432        0         0
97   Brazil 2020-04-04    60372           63643      66914              1938             10278                486        0         0
98   Brazil 2020-04-05    62706           66104      69502              2013             11130                553        0         0
99   Brazil 2020-04-06    65131           68660      72189              2091             12056                667        0         0
100  Brazil 2020-04-07    67646           71312      74978              2172             13717                800        0         0
101  Brazil 2020-04-08    70259           74066      77873              2255             15927                941        0         0
102  Brazil 2020-04-09    72970           76924      80878              2342             17857               1056        0         0
103  Brazil 2020-04-10    75784           79891      83998              2433             19638               1124        0         0
104  Brazil 2020-04-11    78705           82970      87235              2527             20727               1223        0         0
105  Brazil 2020-04-12    81737           86166      90595              2624             22169               1328        0         0
106  Brazil 2020-04-13    84882           89482      94082              2725             23430               1532        0         0
107  Brazil 2020-04-14    88147           92924      97701              2830             25262               1736        0         0
108  Brazil 2020-04-15    91535           96495     101455              2938             28320               1924        0         0
109  Brazil 2020-04-16    95050          100201     105352              3051             30425               2141        0         0
110  Brazil 2020-04-17    98698          104046     109394              3168             33682               2347        0         0
111  Brazil 2020-04-18   102482          108035     113588              3290             36599               2462        0         0
112  Brazil 2020-04-19   106407          112173     117939              3416             38654               2575        0         0
113  Brazil 2020-04-20   110479          116466     122453              3547             40581               2741        0         0
114  Brazil 2020-04-21   114703          120919     127135              3682             43079               2906        0         0
115  Brazil 2020-04-22   119085          125538     131991              3823             45757               3313        0         0
116  Brazil 2020-04-23   123629          130328     137027              3969             49492               3670        0         0
117  Brazil 2020-04-24   128341          135296     142251              4120             52995               4016        0         0
118  Brazil 2020-04-25   133229          140448     147667              4277             58509               4205        0         0
119  Brazil 2020-04-26   138296          145790     153284              4439             61888               4543        0         0
120  Brazil 2020-04-27   143549          151328     159107              4608             66501               5017        0         0
121  Brazil 2020-04-28   148996          157070     165144              4783             71886               5466        0         0
122  Brazil 2020-04-29   154642          163022     171402              4964             78162               5901        0         0
123  Brazil 2020-04-30   160494          169191     177888              5152             85380               6329        0         0
124  Brazil 2020-05-01   166560          175586     184612              5347             91589               6750        0         0
125  Brazil 2020-05-02   172846          182212     191578              5549             96559               7025        0         0
126  Brazil 2020-05-03   179360          189079     198798              5758            101147               7321        0         0
127  Brazil 2020-05-04   186108          196193     206278              5974            107780               7921        0         0
128  Brazil 2020-05-05   193099          203563     214027              6199            114715               8536        0         0
129  Brazil 2020-05-06   200342          211198     222054              6431            125218               9146        0         0
130  Brazil 2020-05-07   207843          219106     230369              6672            135106               9897        0         0
131  Brazil 2020-05-08   215611          227295     238979              6921            145328              10627        0         0
132  Brazil 2020-05-09   223655          235774     247893              7180            155939              11123        0         0
133  Brazil 2020-05-10   231982          244553     257124              7447            162699              11519        0         0
134  Brazil 2020-05-11   240603          253641     266679              7724            168331              12400        0         0
135  Brazil 2020-05-12   249527          263048     276569              8010            177589              13149        0         0
136  Brazil 2020-05-13   258761          272783     286805              8307            188974              13993        0         0
137  Brazil 2020-05-14   268316          282855     297394              8613            202918              14817        0         0
138  Brazil 2020-05-15   278201          293276     308351              8931            218223              15633        0         0
139  Brazil 2020-05-16   288426          304055     319684              9259            233142              16118        0         0
140  Brazil 2020-05-17   299001          315203     331405              9598            241080              16792        0         0
141  Brazil 2020-05-18   309935          326730     343525              9949            254220              17971        0         0
142  Brazil 2020-05-19   321241          338648     356055             10312            271628              18859        0         0
143  Brazil 2020-05-20   332925          350966     369007             10687            291579              20047        0         0
144  Brazil 2020-05-21   345002          363697     382392             11075            310087              21048        0         0
145  Brazil 2020-05-22   357479          376850     396221             11475            330890              22013        0         0
146  Brazil 2020-05-23   370369          390438     410507             11889            347398              22666        0         0
147  Brazil 2020-05-24   383680          404471     425262             12317            363211              23473        0         0
148  Brazil 2020-05-25   397425          418961     440497             12758            374898              24512        0         0
149  Brazil 2020-05-26   411615          433920     456225             13213            391222              25598        0         0
150  Brazil 2020-05-27   426261          449359     472457             13683            411821              26754        0         0
151  Brazil 2020-05-28   441372          465289     489206             14168            438238              27878        0         0
152  Brazil 2020-05-29   456960          481722     506484             14669            465166              28834        0         0
153  Brazil 2020-05-30   473037          498670     524303             15185            498440              29314        0         0
154  Brazil 2020-05-31   489612          516143     542674             15717            514849              29937        0         0
155  Brazil 2020-06-01   506696          534153     561610             16265            526447              31199        0         0
156  Brazil 2020-06-02   524301          552712     581123             16831            555383              32548        0         0
157  Brazil 2020-06-03   542436          571830     601224             17413            584016              34021        0         0
158  Brazil 2020-06-04   561112          591518     621924             18012            614932              35026        0         0
159  Brazil 2020-06-05   580340          611787     643234             18630            645762              35930        0         0
160  Brazil 2020-06-06   600128          632648     665168             19265            672837              36455        0         0
161  Brazil 2020-06-07   620487          654110     687733             19918            691758              37134        0         0
162  Brazil 2020-06-08   641426          676184     710942             20590            707412              38406        0         0
163  Brazil 2020-06-09   662954          698878     734802             21282            739503              39680        0         0
164  Brazil 2020-06-10   685079          722202     759325             21992            772416              40919        0         0
165  Brazil 2020-06-11   707810          746165     784520             22721            802828              41828        0         0
166  Brazil 2020-06-12   731155          770775     810395             23471            828810              42720        0         0
167  Brazil 2020-06-13   755120          796038     836956             24240            850514              43332        0         0
168  Brazil 2020-06-14   779712          821963     864214             25030            867624              43959        0         0
169  Brazil 2020-06-15   804937          848555     892173             25839            888271              45241        0         0
170  Brazil 2020-06-16   830802          875821     920840             26670            923189              46510        0         0
171  Brazil 2020-06-17   857309          903765     950221             27521            955377              47748        0         0
172  Brazil 2020-06-18   884465          932392     980319             28392            978142              48954        0         0
173  Brazil 2020-06-19   912270          961704    1011138             29285           1032913              49976        0         0
174  Brazil 2020-06-20   940728          991704    1042680             30198           1067579              50617        0         0
175  Brazil 2020-06-21   969840         1022394    1074948             31133           1085038              51271        0         0
176  Brazil 2020-06-22   999608         1053775    1107942             32088           1106470              52645        0         0
177  Brazil 2020-06-23  1030031         1085846    1141661             33065           1145906              53830        0         0
178  Brazil 2020-06-24  1061106         1118605    1176104             34063           1188631              54971        0         0
179  Brazil 2020-06-25  1092831         1152049    1211267             35081           1228114              55961        0         0
180  Brazil 2020-06-26  1125204         1186176    1247148             36120           1274974              57070        0         0
181  Brazil 2020-06-27  1158220         1220981    1283742             37180           1313667              57622        0         0
182  Brazil 2020-06-28  1191871         1256456    1321041             38260           1344143              58314        0         0
183  Brazil 2020-06-29  1226152         1292595    1359038             39361           1368195              59594        0         0
184  Brazil 2020-06-30  1261054         1329388    1397722             40481           1402041              60632        0         0
185  Brazil 2020-07-01  1296569         1366827    1437085             41621           1448753              61884        0         0
186  Brazil 2020-07-02  1332685         1404900    1477115             42781           1496858              63174        0         0
187  Brazil 2020-07-03  1369389         1443593    1517797             43959           1539081              64265        0         0
188  Brazil 2020-07-04  1406670         1482894    1559118             45156           1577004              64867        0         0
189  Brazil 2020-07-05  1444511         1522786    1601061             46370           1603055              65487        0         0
190  Brazil 2020-07-06  1482898         1563253    1643608             47603           1623284              66741        0         0
191  Brazil 2020-07-07  1521813         1604277    1686741             48852           1668589              67964        0         0
192  Brazil 2020-07-08  1561238         1645838    1730438             50117           1713160              69184        0         0
193  Brazil 2020-07-09  1601154         1687917    1774680             51399           1755779              70398        0         0
194  Brazil 2020-07-10  1641538         1730490    1819442             52695           1800827              71469        0         0
195  Brazil 2020-07-11  1682371         1773535    1864699             54006           1839850              72100        0         0
196  Brazil 2020-07-12  1723627         1817027    1910427             55330           1864681              72833        0         0
197  Brazil 2020-07-13  1765283         1860940    1956597             56667           1884967              74133        0         0
198  Brazil 2020-07-14  1807313         1905248    2003183             58017           1926824              75366        0         0
199  Brazil 2020-07-15  1849692         1949923    2050154             59377           1966748              76688        0         0
200  Brazil 2020-07-16  1892391         1994936    2097481             60748           2012151              77851        0         0
201  Brazil 2020-07-17  1935383         2040257    2145131             62128           2046328              78772        0         0
202  Brazil 2020-07-18  1978638         2085856    2193074             63516           2074860              79488        0         0
203  Brazil 2020-07-19  2022126         2131701    2241276             64912           2098389              80120        0         0
204  Brazil 2020-07-20  2065817         2177759    2289701             66315           2118646              81487        0         0
205  Brazil 2020-07-21  2109679         2223998    2338317             67723           2159654              82771        0         0
206  Brazil 2020-07-22  2153682         2270386    2387090             69135           2227514              84082        0         0
207  Brazil 2020-07-23  2197793         2316887    2435981             70551           2287475              85238        0         0
208  Brazil 2020-07-24  2241980         2363468    2484956             71970           2343366              86449        0         0
209  Brazil 2020-07-25  2286210         2410095    2533980             73390           2394513              87004        0         0
210  Brazil 2020-07-26  2330451         2456733    2583015             74810           2419091              87618        0         0
211  Brazil 2020-07-27  2374669         2503347    2632025             76229           2442375              88539        0         0
212  Brazil 2020-07-28  2418833         2549904    2680975             77647           2483191              90134        0         0
213  Brazil 2020-07-29  2462909         2596369    2729829             79062           2552265              91263        0         0
214  Brazil 2020-07-30  2506866         2642708    2778550             80473           2610102              92475        0         0
215  Brazil 2020-07-31  2550671         2688887    2827103             81879           2662485              93563        0         0
216  Brazil 2020-08-01  2594295         2734874    2875453             83280           2707877              94104        0         0
217  Brazil 2020-08-02  2637703         2780635    2923567             84673           2733677              94665        0         0
218  Brazil 2020-08-03  2680868         2826139    2971410             86059           2750318              95819        0         0
219  Brazil 2020-08-04  2723759         2871354    3018949             87435           2801921              97256        0         0
220  Brazil 2020-08-05  2766348         2916251    3066154             88803           2859073              98493        0         0
221  Brazil 2020-08-06  2808607         2960800    3112993             90159           2912212              99572        0         0
222  Brazil 2020-08-07  2850508         3004971    3159434             91504           2962442             100477        0         0
223  Brazil 2020-08-08  2892026         3048739    3205452             92837           3012412             101049        0         0
224  Brazil 2020-08-09  2933135         3092075    3251015             94157           3035422             101752        0         0
225  Brazil 2020-08-10  2973811         3134956    3296101             95462           3057470             103026        0         0
226  Brazil 2020-08-11  3014033         3177357    3340681             96754           3109630             104201        0         0
227  Brazil 2020-08-12  3053777         3219255    3384733             98029           3164785             105463        0         0
228  Brazil 2020-08-13  3093024         3260629    3428234             99289           3224876             106523        0         0
229  Brazil 2020-08-14  3131755         3301458    3471161            100533           3275520             107232        0         0
230  Brazil 2020-08-15  3169951         3341724    3513497            101759           3317096             107852        0         0
231  Brazil 2020-08-16  3207596         3381409    3555222            102967           3340197             108536        0         0
232  Brazil 2020-08-17  3244674         3420496    3596318            104157           3359570             109888        0         0
233  Brazil 2020-08-18  3281172         3458972    3636772            105329           3407354             111100        0         0
234  Brazil 2020-08-19  3317076         3496821    3676566            106482           3456652             112304        0         0
235  Brazil 2020-08-20  3352375         3534033    3715691            107615           3501975             113358        0         0
236  Brazil 2020-08-21  3387059         3570597    3754135            108728           3532330             114250        0         0
237  Brazil 2020-08-22  3421119         3606502    3791885            109821           3582362             114744        0         0
238  Brazil 2020-08-23  3454545         3641740    3828935            110894           3605783             115309        0         0
239  Brazil 2020-08-24  3487335         3676306    3865277            111947           3622861             116580        0         0
240  Brazil 2020-08-25  3519479         3710192    3900905            112979           3669995             117665        0         0
241  Brazil 2020-08-26  3550975         3743395    3935815            113990           3717156             118649        0         0
242  Brazil 2020-08-27  3581820         3775911    3970002            114980           3761391             119504        0         0
243  Brazil 2020-08-28  3612010         3807737    4003464            115949           3804803             120462        0         0
244  Brazil 2020-08-29  3641546         3838874    4036202            116897           3846153             120828        0         0
245  Brazil 2020-08-30  3670427         3869320    4068213            117825           3862311             121381        0         0
246  Brazil 2020-08-31  3698655         3899077    4099499            118731           3908272             122596        0         0
247  Brazil 2020-09-01  3726229         3928146    4130063            119616           3950931             123780        0         0
248  Brazil 2020-09-02  3753155         3956531    4159907            120480           3997865             124614        0         0
249  Brazil 2020-09-03  3779434         3984234    4189034            121324           4041638             125521        0         0
250  Brazil 2020-09-04  3805072         4011261    4217450            122147           4092832             126203        0         0
251  Brazil 2020-09-05  3830073         4037617    4245161            122949           4123000             126650        0         0
252  Brazil 2020-09-06  3854443         4063307    4272171            123732           4137521             126960        0         0
253  Brazil 2020-09-07  3878188         4088339    4298490            124494           4147794             127464        0         0
254  Brazil 2020-09-08  3901315         4112719    4324123            125236           4162073             128539        0         0
255  Brazil 2020-09-09  3923831         4136455    4349079            125959           4197889             129522        0         0
256  Brazil 2020-09-10  3945743         4159555    4373367            126662           4238446             130396        0         0
257  Brazil 2020-09-11  3967062         4182029    4396996            127347           4282164             130396        0         0
258  Brazil 2020-09-12  3987795         4203885    4419975            128012                NA                 NA        0         0
259  Brazil 2020-09-13  4007951         4225134    4442317            128659                NA                 NA        0         0
260  Brazil 2020-09-14  4027540         4245784    4464028            129288                NA                 NA        0         0
261  Brazil 2020-09-15  4046572         4265847    4485122            129899                NA                 NA        0         0
262  Brazil 2020-09-16  4065055         4285332    4505609            130492                NA                 NA        0         0
263  Brazil 2020-09-17  4083002         4304251    4525500            131069                NA                 NA        0         0
264  Brazil 2020-09-18  4100422         4322615    4544808            131628                NA                 NA        0         0
265  Brazil 2020-09-19  4117325         4340434    4563543            132170                NA                 NA        0         0
266  Brazil 2020-09-20  4133722         4357720    4581718            132697                NA                 NA        0         0
267  Brazil 2020-09-21  4149625         4374484    4599343            133207                NA                 NA        0         0

Fontes:
	OMS - https://ourworldindata.org/coronavirus-source-data
	Worldometers - https://www.worldometers.info/coronavirus