
 Brazil 
Projecao:  10  dias
Gerado em:  2020-09-17 11:41:16
RMSE(%):  4.9 , BIAS(%): 1.52

Taxa de Mortalidade 3.03 %

    country       dias otimista casos_estimados pessimista estimativa_mortes casos_confirmados mortes_confirmadas latitude longitude
254  Brazil 2020-09-08  3945521         4147973    4350425            125868           4162073             128539        0         0
255  Brazil 2020-09-09  3969402         4173079    4376756            126630           4197889             129522        0         0
256  Brazil 2020-09-10  3992670         4197541    4402412            127372           4238446             130396        0         0
257  Brazil 2020-09-11  4015333         4221367    4427401            128095           4282164             131210        0         0
258  Brazil 2020-09-12  4037399         4244566    4451733            128799           4315687             131625        0         0
259  Brazil 2020-09-13  4058876         4267145    4475414            129485           4330455             132006        0         0
260  Brazil 2020-09-14  4079772         4289113    4498454            130151           4345610             133119        0         0
261  Brazil 2020-09-15  4100096         4310480    4520864            130800           4382263             134106        0         0
262  Brazil 2020-09-16  4119858         4331256    4542654            131430           4419083             134174        0         0
263  Brazil 2020-09-17  4139068         4351451    4563834            132043           4421686             134174        0         0
264  Brazil 2020-09-18  4157733         4371074    4584415            132638                NA                 NA        0         0
265  Brazil 2020-09-19  4175865         4390136    4604407            133217                NA                 NA        0         0
266  Brazil 2020-09-20  4193473         4408648    4623823            133778                NA                 NA        0         0
267  Brazil 2020-09-21  4210569         4426621    4642673            134324                NA                 NA        0         0
268  Brazil 2020-09-22  4227161         4444065    4660969            134853                NA                 NA        0         0
269  Brazil 2020-09-23  4243261         4460991    4678721            135367                NA                 NA        0         0
270  Brazil 2020-09-24  4258880         4477411    4695942            135865                NA                 NA        0         0
271  Brazil 2020-09-25  4274028         4493336    4712644            136348                NA                 NA        0         0
272  Brazil 2020-09-26  4288715         4508777    4728839            136817                NA                 NA        0         0
273  Brazil 2020-09-27  4302952         4523745    4744538            137271                NA                 NA        0         0

Total de casos no mundo:  30108976 8143850 9017768 7294924 4239810 1381608 30295 721 30108976

Estimados a partir dos dados da OMS:
    day       date       x    xest
1     1 2019-12-30       0    1776
2     2 2019-12-31       0    1845
3     3 2020-01-01       0    1916
4     4 2020-01-02       0    1990
5     5 2020-01-03       0    2067
6     6 2020-01-04       0    2146
7     7 2020-01-05       0    2229
8     8 2020-01-06       0    2315
9     9 2020-01-07       0    2404
10   10 2020-01-08       0    2497
11   11 2020-01-09       0    2593
12   12 2020-01-10       0    2693
13   13 2020-01-11       0    2797
14   14 2020-01-12       0    2905
15   15 2020-01-13       0    3017
16   16 2020-01-14       0    3133
17   17 2020-01-15       0    3254
18   18 2020-01-16       0    3379
19   19 2020-01-17       0    3510
20   20 2020-01-18       0    3645
21   21 2020-01-19       0    3785
22   22 2020-01-20       0    3931
23   23 2020-01-21       0    4083
24   24 2020-01-22       0    4240
25   25 2020-01-23       0    4404
26   26 2020-01-24       0    4573
27   27 2020-01-25       0    4750
28   28 2020-01-26       0    4933
29   29 2020-01-27       0    5123
30   30 2020-01-28       0    5320
31   31 2020-01-29       0    5525
32   32 2020-01-30       0    5738
33   33 2020-01-31       0    5959
34   34 2020-02-01       0    6189
35   35 2020-02-02       0    6427
36   36 2020-02-03       0    6675
37   37 2020-02-04       0    6932
38   38 2020-02-05       0    7199
39   39 2020-02-06       0    7476
40   40 2020-02-07       0    7764
41   41 2020-02-08       0    8063
42   42 2020-02-09       0    8373
43   43 2020-02-10       0    8696
44   44 2020-02-11       0    9031
45   45 2020-02-12       0    9378
46   46 2020-02-13       0    9739
47   47 2020-02-14       0   10114
48   48 2020-02-15       0   10504
49   49 2020-02-16       0   10908
50   50 2020-02-17       0   11328
51   51 2020-02-18       0   11764
52   52 2020-02-19       0   12216
53   53 2020-02-20       0   12686
54   54 2020-02-21       0   13174
55   55 2020-02-22       0   13681
56   56 2020-02-23       0   14207
57   57 2020-02-24       0   14754
58   58 2020-02-25       1   15321
59   59 2020-02-26       1   15910
60   60 2020-02-27       1   16522
61   61 2020-02-28       1   17157
62   62 2020-02-29       2   17816
63   63 2020-03-01       2   18501
64   64 2020-03-02       2   19212
65   65 2020-03-03       2   19950
66   66 2020-03-04       3   20716
67   67 2020-03-05       8   21512
68   68 2020-03-06      13   22338
69   69 2020-03-07      13   23196
70   70 2020-03-08      25   24086
71   71 2020-03-09      25   25010
72   72 2020-03-10      34   25970
73   73 2020-03-11      52   26967
74   74 2020-03-12      77   28001
75   75 2020-03-13      98   29075
76   76 2020-03-14     121   30189
77   77 2020-03-15     200   31346
78   78 2020-03-16     234   32548
79   79 2020-03-17     291   33795
80   80 2020-03-18     428   35089
81   81 2020-03-19     621   36432
82   82 2020-03-20     904   37827
83   83 2020-03-21    1128   39275
84   84 2020-03-22    1546   40777
85   85 2020-03-23    1891   42337
86   86 2020-03-24    2201   43955
87   87 2020-03-25    2433   45635
88   88 2020-03-26    2915   47379
89   89 2020-03-27    3417   49188
90   90 2020-03-28    3904   51066
91   91 2020-03-29    4256   53014
92   92 2020-03-30    4579   55037
93   93 2020-03-31    5717   57135
94   94 2020-04-01    6836   59313
95   95 2020-04-02    7910   61572
96   96 2020-04-03    9056   63917
97   97 2020-04-04   10278   66349
98   98 2020-04-05   11130   68873
99   99 2020-04-06   12056   71491
100 100 2020-04-07   13717   74208
101 101 2020-04-08   15927   77025
102 102 2020-04-09   17857   79949
103 103 2020-04-10   19638   82981
104 104 2020-04-11   20727   86126
105 105 2020-04-12   22169   89388
106 106 2020-04-13   23430   92772
107 107 2020-04-14   25262   96281
108 108 2020-04-15   28320   99920
109 109 2020-04-16   30425  103693
110 110 2020-04-17   33682  107606
111 111 2020-04-18   36599  111663
112 112 2020-04-19   38654  115870
113 113 2020-04-20   40581  120231
114 114 2020-04-21   43079  124752
115 115 2020-04-22   45757  129438
116 116 2020-04-23   49492  134295
117 117 2020-04-24   52995  139330
118 118 2020-04-25   58509  144548
119 119 2020-04-26   61888  149954
120 120 2020-04-27   66501  155557
121 121 2020-04-28   71886  161362
122 122 2020-04-29   78162  167376
123 123 2020-04-30   85380  173606
124 124 2020-05-01   91589  180059
125 125 2020-05-02   96559  186742
126 126 2020-05-03  101147  193664
127 127 2020-05-04  107780  200831
128 128 2020-05-05  114715  208252
129 129 2020-05-06  125218  215935
130 130 2020-05-07  135106  223887
131 131 2020-05-08  145328  232119
132 132 2020-05-09  155939  240637
133 133 2020-05-10  162699  249451
134 134 2020-05-11  168331  258571
135 135 2020-05-12  177589  268005
136 136 2020-05-13  188974  277763
137 137 2020-05-14  202918  287854
138 138 2020-05-15  218223  298289
139 139 2020-05-16  233142  309077
140 140 2020-05-17  241080  320228
141 141 2020-05-18  254220  331752
142 142 2020-05-19  271628  343661
143 143 2020-05-20  291579  355964
144 144 2020-05-21  310087  368672
145 145 2020-05-22  330890  381796
146 146 2020-05-23  347398  395347
147 147 2020-05-24  363211  409336
148 148 2020-05-25  374898  423774
149 149 2020-05-26  391222  438672
150 150 2020-05-27  411821  454041
151 151 2020-05-28  438238  469893
152 152 2020-05-29  465166  486238
153 153 2020-05-30  498440  503088
154 154 2020-05-31  514849  520453
155 155 2020-06-01  526447  538346
156 156 2020-06-02  555383  556776
157 157 2020-06-03  584016  575755
158 158 2020-06-04  614932  595293
159 159 2020-06-05  645762  615401
160 160 2020-06-06  672837  636089
161 161 2020-06-07  691758  657366
162 162 2020-06-08  707412  679244
163 163 2020-06-09  739503  701731
164 164 2020-06-10  772416  724835
165 165 2020-06-11  802828  748567
166 166 2020-06-12  828810  772933
167 167 2020-06-13  850514  797941
168 168 2020-06-14  867624  823600
169 169 2020-06-15  888271  849914
170 170 2020-06-16  923189  876890
171 171 2020-06-17  955377  904534
172 172 2020-06-18  978142  932850
173 173 2020-06-19 1032913  961841
174 174 2020-06-20 1067579  991511
175 175 2020-06-21 1085038 1021862
176 176 2020-06-22 1106470 1052894
177 177 2020-06-23 1145906 1084609
178 178 2020-06-24 1188631 1117005
179 179 2020-06-25 1228114 1150081
180 180 2020-06-26 1274974 1183834
181 181 2020-06-27 1313667 1218260
182 182 2020-06-28 1344143 1253354
183 183 2020-06-29 1368195 1289109
184 184 2020-06-30 1402041 1325519
185 185 2020-07-01 1448753 1362574
186 186 2020-07-02 1496858 1400265
187 187 2020-07-03 1539081 1438580
188 188 2020-07-04 1577004 1477507
189 189 2020-07-05 1603055 1517033
190 190 2020-07-06 1623284 1557142
191 191 2020-07-07 1668589 1597817
192 192 2020-07-08 1713160 1639042
193 193 2020-07-09 1755779 1680797
194 194 2020-07-10 1800827 1723062
195 195 2020-07-11 1839850 1765816
196 196 2020-07-12 1864681 1809036
197 197 2020-07-13 1884967 1852698
198 198 2020-07-14 1926824 1896778
199 199 2020-07-15 1966748 1941249
200 200 2020-07-16 2012151 1986084
201 201 2020-07-17 2046328 2031256
202 202 2020-07-18 2074860 2076735
203 203 2020-07-19 2098389 2122492
204 204 2020-07-20 2118646 2168496
205 205 2020-07-21 2159654 2214716
206 206 2020-07-22 2227514 2261121
207 207 2020-07-23 2287475 2307677
208 208 2020-07-24 2343366 2354353
209 209 2020-07-25 2394513 2401114
210 210 2020-07-26 2419091 2447928
211 211 2020-07-27 2442375 2494762
212 212 2020-07-28 2483191 2541581
213 213 2020-07-29 2552265 2588353
214 214 2020-07-30 2610102 2635044
215 215 2020-07-31 2662485 2681620
216 216 2020-08-01 2707877 2728049
217 217 2020-08-02 2733677 2774299
218 218 2020-08-03 2750318 2820338
219 219 2020-08-04 2801921 2866134
220 220 2020-08-05 2859073 2911656
221 221 2020-08-06 2912212 2956876
222 222 2020-08-07 2962442 3001764
223 223 2020-08-08 3012412 3046292
224 224 2020-08-09 3035422 3090432
225 225 2020-08-10 3057470 3134158
226 226 2020-08-11 3109630 3177446
227 227 2020-08-12 3164785 3220272
228 228 2020-08-13 3224876 3262612
229 229 2020-08-14 3275520 3304445
230 230 2020-08-15 3317096 3345750
231 231 2020-08-16 3340197 3386510
232 232 2020-08-17 3359570 3426705
233 233 2020-08-18 3407354 3466319
234 234 2020-08-19 3456652 3505337
235 235 2020-08-20 3501975 3543745
236 236 2020-08-21 3532330 3581531
237 237 2020-08-22 3582362 3618682
238 238 2020-08-23 3605783 3655189
239 239 2020-08-24 3622861 3691044
240 240 2020-08-25 3669995 3726237
241 241 2020-08-26 3717156 3760764
242 242 2020-08-27 3761391 3794618
243 243 2020-08-28 3804803 3827796
244 244 2020-08-29 3846153 3860294
245 245 2020-08-30 3862311 3892112
246 246 2020-08-31 3908272 3923247
247 247 2020-09-01 3950931 3953700
248 248 2020-09-02 3997865 3983472
249 249 2020-09-03 4041638 4012565
250 250 2020-09-04 4092832 4040982
251 251 2020-09-05 4123000 4068727
252 252 2020-09-06 4137521 4095803
253 253 2020-09-07 4147794 4122217
254 254 2020-09-08 4162073 4147973
255 255 2020-09-09 4197889 4173079
256 256 2020-09-10 4238446 4197541
257 257 2020-09-11 4282164 4221367
258 258 2020-09-12 4315687 4244566
259 259 2020-09-13 4330455 4267145
260 260 2020-09-14 4345610 4289113
261 261 2020-09-15 4382263 4310480
262 262 2020-09-16 4419083 4331256
263 263 2020-09-17 4421686 4351451

Intervalo de Confianca
              2.5%         97.5%
Asym 4884178.99582 5018300.74221
xmid     209.63866     211.54589
scal      25.95995      26.89089


Formula: x ~ SSlogis(day, Asym, xmid, scal)

Parameters:
         Estimate   Std. Error t value            Pr(>|t|)    
Asym 4949729.1046   34128.6714   145.0 <0.0000000000000002 ***
xmid     210.5751       0.4822   436.7 <0.0000000000000002 ***
scal      26.4210       0.2460   107.4 <0.0000000000000002 ***
---
Signif. codes:  0 ‘***’ 0.001 ‘**’ 0.01 ‘*’ 0.05 ‘.’ 0.1 ‘ ’ 1

Residual standard error: 51200 on 260 degrees of freedom

Number of iterations to convergence: 7 
Achieved convergence tolerance: 0.0000000149


Brazil: o primeiro caso foi registrado em 25/02/2020 na data 17/09/2020 temos 205 dias desde o primeiro caso. A data de pico prevista pelo modelo logístico é 23/09/2020 (dia 211 desde os primeiros casos relatados).
Em 23/09/2020 o modelo estima 4949729+/-34129 casos. De acordo com o modelo ajustado temos 6 de infecçao pela frente.

Todos os dados gerados
    country       dias otimista casos_estimados pessimista estimativa_mortes casos_confirmados mortes_confirmadas latitude longitude
1    Brazil 2019-12-30     1689            1776       1863                54                 0                  0        0         0
2    Brazil 2019-12-31     1755            1845       1935                56                 0                  0        0         0
3    Brazil 2020-01-01     1822            1916       2010                58                 0                  0        0         0
4    Brazil 2020-01-02     1893            1990       2087                60                 0                  0        0         0
5    Brazil 2020-01-03     1966            2067       2168                63                 0                  0        0         0
6    Brazil 2020-01-04     2041            2146       2251                65                 0                  0        0         0
7    Brazil 2020-01-05     2120            2229       2338                68                 0                  0        0         0
8    Brazil 2020-01-06     2202            2315       2428                70                 0                  0        0         0
9    Brazil 2020-01-07     2287            2404       2521                73                 0                  0        0         0
10   Brazil 2020-01-08     2375            2497       2619                76                 0                  0        0         0
11   Brazil 2020-01-09     2466            2593       2720                79                 0                  0        0         0
12   Brazil 2020-01-10     2562            2693       2824                82                 0                  0        0         0
13   Brazil 2020-01-11     2660            2797       2934                85                 0                  0        0         0
14   Brazil 2020-01-12     2763            2905       3047                88                 0                  0        0         0
15   Brazil 2020-01-13     2870            3017       3164                92                 0                  0        0         0
16   Brazil 2020-01-14     2980            3133       3286                95                 0                  0        0         0
17   Brazil 2020-01-15     3095            3254       3413                99                 0                  0        0         0
18   Brazil 2020-01-16     3214            3379       3544               103                 0                  0        0         0
19   Brazil 2020-01-17     3339            3510       3681               107                 0                  0        0         0
20   Brazil 2020-01-18     3467            3645       3823               111                 0                  0        0         0
21   Brazil 2020-01-19     3600            3785       3970               115                 0                  0        0         0
22   Brazil 2020-01-20     3739            3931       4123               119                 0                  0        0         0
23   Brazil 2020-01-21     3884            4083       4282               124                 0                  0        0         0
24   Brazil 2020-01-22     4033            4240       4447               129                 0                  0        0         0
25   Brazil 2020-01-23     4189            4404       4619               134                 0                  0        0         0
26   Brazil 2020-01-24     4350            4573       4796               139                 0                  0        0         0
27   Brazil 2020-01-25     4518            4750       4982               144                 0                  0        0         0
28   Brazil 2020-01-26     4692            4933       5174               150                 0                  0        0         0
29   Brazil 2020-01-27     4873            5123       5373               155                 0                  0        0         0
30   Brazil 2020-01-28     5060            5320       5580               161                 0                  0        0         0
31   Brazil 2020-01-29     5255            5525       5795               168                 0                  0        0         0
32   Brazil 2020-01-30     5458            5738       6018               174                 0                  0        0         0
33   Brazil 2020-01-31     5668            5959       6250               181                 0                  0        0         0
34   Brazil 2020-02-01     5887            6189       6491               188                 0                  0        0         0
35   Brazil 2020-02-02     6113            6427       6741               195                 0                  0        0         0
36   Brazil 2020-02-03     6349            6675       7001               203                 0                  0        0         0
37   Brazil 2020-02-04     6594            6932       7270               210                 0                  0        0         0
38   Brazil 2020-02-05     6848            7199       7550               218                 0                  0        0         0
39   Brazil 2020-02-06     7111            7476       7841               227                 0                  0        0         0
40   Brazil 2020-02-07     7385            7764       8143               236                 0                  0        0         0
41   Brazil 2020-02-08     7669            8063       8457               245                 0                  0        0         0
42   Brazil 2020-02-09     7964            8373       8782               254                 0                  0        0         0
43   Brazil 2020-02-10     8272            8696       9120               264                 0                  0        0         0
44   Brazil 2020-02-11     8590            9031       9472               274                 0                  0        0         0
45   Brazil 2020-02-12     8920            9378       9836               285                 0                  0        0         0
46   Brazil 2020-02-13     9264            9739      10214               296                 0                  0        0         0
47   Brazil 2020-02-14     9620           10114      10608               307                 0                  0        0         0
48   Brazil 2020-02-15     9991           10504      11017               319                 0                  0        0         0
49   Brazil 2020-02-16    10376           10908      11440               331                 0                  0        0         0
50   Brazil 2020-02-17    10775           11328      11881               344                 0                  0        0         0
51   Brazil 2020-02-18    11190           11764      12338               357                 0                  0        0         0
52   Brazil 2020-02-19    11620           12216      12812               371                 0                  0        0         0
53   Brazil 2020-02-20    12067           12686      13305               385                 0                  0        0         0
54   Brazil 2020-02-21    12531           13174      13817               400                 0                  0        0         0
55   Brazil 2020-02-22    13013           13681      14349               415                 0                  0        0         0
56   Brazil 2020-02-23    13514           14207      14900               431                 0                  0        0         0
57   Brazil 2020-02-24    14034           14754      15474               448                 0                  0        0         0
58   Brazil 2020-02-25    14573           15321      16069               465                 1                  0        0         0
59   Brazil 2020-02-26    15133           15910      16687               483                 1                  0        0         0
60   Brazil 2020-02-27    15716           16522      17328               501                 1                  0        0         0
61   Brazil 2020-02-28    16320           17157      17994               521                 1                  0        0         0
62   Brazil 2020-02-29    16946           17816      18686               541                 2                  0        0         0
63   Brazil 2020-03-01    17598           18501      19404               561                 2                  0        0         0
64   Brazil 2020-03-02    18274           19212      20150               583                 2                  0        0         0
65   Brazil 2020-03-03    18976           19950      20924               605                 2                  0        0         0
66   Brazil 2020-03-04    19705           20716      21727               629                 3                  0        0         0
67   Brazil 2020-03-05    20462           21512      22562               653                 8                  0        0         0
68   Brazil 2020-03-06    21248           22338      23428               678                13                  0        0         0
69   Brazil 2020-03-07    22064           23196      24328               704                13                  0        0         0
70   Brazil 2020-03-08    22910           24086      25262               731                25                  0        0         0
71   Brazil 2020-03-09    23789           25010      26231               759                25                  0        0         0
72   Brazil 2020-03-10    24702           25970      27238               788                34                  0        0         0
73   Brazil 2020-03-11    25651           26967      28283               818                52                  0        0         0
74   Brazil 2020-03-12    26634           28001      29368               850                77                  0        0         0
75   Brazil 2020-03-13    27656           29075      30494               882                98                  0        0         0
76   Brazil 2020-03-14    28716           30189      31662               916               121                  0        0         0
77   Brazil 2020-03-15    29816           31346      32876               951               200                  0        0         0
78   Brazil 2020-03-16    30959           32548      34137               988               234                  1        0         0
79   Brazil 2020-03-17    32146           33795      35444              1025               291                  4        0         0
80   Brazil 2020-03-18    33376           35089      36802              1065               428                  6        0         0
81   Brazil 2020-03-19    34654           36432      38210              1106               621                 11        0         0
82   Brazil 2020-03-20    35981           37827      39673              1148               904                 18        0         0
83   Brazil 2020-03-21    37358           39275      41192              1192              1128                 25        0         0
84   Brazil 2020-03-22    38787           40777      42767              1237              1546                 34        0         0
85   Brazil 2020-03-23    40271           42337      44403              1285              1891                 46        0         0
86   Brazil 2020-03-24    41810           43955      46100              1334              2201                 57        0         0
87   Brazil 2020-03-25    43408           45635      47862              1385              2433                 77        0         0
88   Brazil 2020-03-26    45067           47379      49691              1438              2915                 92        0         0
89   Brazil 2020-03-27    46787           49188      51589              1493              3417                114        0         0
90   Brazil 2020-03-28    48574           51066      53558              1550              3904                136        0         0
91   Brazil 2020-03-29    50427           53014      55601              1609              4256                159        0         0
92   Brazil 2020-03-30    52351           55037      57723              1670              4579                201        0         0
93   Brazil 2020-03-31    54346           57135      59924              1734              5717                241        0         0
94   Brazil 2020-04-01    56418           59313      62208              1800              6836                299        0         0
95   Brazil 2020-04-02    58567           61572      64577              1868              7910                359        0         0
96   Brazil 2020-04-03    60797           63917      67037              1940              9056                432        0         0
97   Brazil 2020-04-04    63111           66349      69587              2013             10278                486        0         0
98   Brazil 2020-04-05    65511           68873      72235              2090             11130                553        0         0
99   Brazil 2020-04-06    68002           71491      74980              2169             12056                667        0         0
100  Brazil 2020-04-07    70586           74208      77830              2252             13717                800        0         0
101  Brazil 2020-04-08    73266           77025      80784              2337             15927                941        0         0
102  Brazil 2020-04-09    76047           79949      83851              2426             17857               1056        0         0
103  Brazil 2020-04-10    78931           82981      87031              2518             19638               1124        0         0
104  Brazil 2020-04-11    81922           86126      90330              2613             20727               1223        0         0
105  Brazil 2020-04-12    85025           89388      93751              2712             22169               1328        0         0
106  Brazil 2020-04-13    88244           92772      97300              2815             23430               1532        0         0
107  Brazil 2020-04-14    91582           96281     100980              2922             25262               1736        0         0
108  Brazil 2020-04-15    95043           99920     104797              3032             28320               1924        0         0
109  Brazil 2020-04-16    98632          103693     108754              3147             30425               2141        0         0
110  Brazil 2020-04-17   102354          107606     112858              3265             33682               2347        0         0
111  Brazil 2020-04-18   106213          111663     117113              3388             36599               2462        0         0
112  Brazil 2020-04-19   110215          115870     121525              3516             38654               2575        0         0
113  Brazil 2020-04-20   114363          120231     126099              3648             40581               2741        0         0
114  Brazil 2020-04-21   118663          124752     130841              3786             43079               2906        0         0
115  Brazil 2020-04-22   123120          129438     135756              3928             45757               3313        0         0
116  Brazil 2020-04-23   127740          134295     140850              4075             49492               3670        0         0
117  Brazil 2020-04-24   132530          139330     146130              4228             52995               4016        0         0
118  Brazil 2020-04-25   137493          144548     151603              4386             58509               4205        0         0
119  Brazil 2020-04-26   142635          149954     157273              4550             61888               4543        0         0
120  Brazil 2020-04-27   147965          155557     163149              4720             66501               5017        0         0
121  Brazil 2020-04-28   153486          161362     169238              4896             71886               5466        0         0
122  Brazil 2020-04-29   159207          167376     175545              5079             78162               5901        0         0
123  Brazil 2020-04-30   165133          173606     182079              5268             85380               6329        0         0
124  Brazil 2020-05-01   171271          180059     188847              5464             91589               6750        0         0
125  Brazil 2020-05-02   177628          186742     195856              5667             96559               7025        0         0
126  Brazil 2020-05-03   184212          193664     203116              5877            101147               7321        0         0
127  Brazil 2020-05-04   191029          200831     210633              6094            107780               7921        0         0
128  Brazil 2020-05-05   198088          208252     218416              6319            114715               8536        0         0
129  Brazil 2020-05-06   205396          215935     226474              6552            125218               9146        0         0
130  Brazil 2020-05-07   212960          223887     234814              6794            135106               9897        0         0
131  Brazil 2020-05-08   220790          232119     243448              7044            145328              10627        0         0
132  Brazil 2020-05-09   228892          240637     252382              7302            155939              11123        0         0
133  Brazil 2020-05-10   237276          249451     261626              7569            162699              11519        0         0
134  Brazil 2020-05-11   245951          258571     271191              7846            168331              12400        0         0
135  Brazil 2020-05-12   254924          268005     281086              8132            177589              13149        0         0
136  Brazil 2020-05-13   264206          277763     291320              8429            188974              13993        0         0
137  Brazil 2020-05-14   273805          287854     301903              8735            202918              14817        0         0
138  Brazil 2020-05-15   283730          298289     312848              9051            218223              15633        0         0
139  Brazil 2020-05-16   293992          309077     324162              9379            233142              16118        0         0
140  Brazil 2020-05-17   304598          320228     335858              9717            241080              16792        0         0
141  Brazil 2020-05-18   315560          331752     347944             10067            254220              17971        0         0
142  Brazil 2020-05-19   326888          343661     360434             10428            271628              18859        0         0
143  Brazil 2020-05-20   338590          355964     373338             10802            291579              20047        0         0
144  Brazil 2020-05-21   350678          368672     386666             11187            310087              21048        0         0
145  Brazil 2020-05-22   363161          381796     400431             11585            330890              22013        0         0
146  Brazil 2020-05-23   376051          395347     414643             11997            347398              22666        0         0
147  Brazil 2020-05-24   389357          409336     429315             12421            363211              23473        0         0
148  Brazil 2020-05-25   403091          423774     444457             12859            374898              24512        0         0
149  Brazil 2020-05-26   417262          438672     460082             13311            391222              25598        0         0
150  Brazil 2020-05-27   431880          454041     476202             13778            411821              26754        0         0
151  Brazil 2020-05-28   446959          469893     492827             14259            438238              27878        0         0
152  Brazil 2020-05-29   462506          486238     509970             14755            465166              28834        0         0
153  Brazil 2020-05-30   478534          503088     527642             15266            498440              29314        0         0
154  Brazil 2020-05-31   495051          520453     545855             15793            514849              29937        0         0
155  Brazil 2020-06-01   512071          538346     564621             16336            526447              31199        0         0
156  Brazil 2020-06-02   529601          556776     583951             16895            555383              32548        0         0
157  Brazil 2020-06-03   547654          575755     603856             17471            584016              34021        0         0
158  Brazil 2020-06-04   566238          595293     624348             18064            614932              35026        0         0
159  Brazil 2020-06-05   585365          615401     645437             18674            645762              35930        0         0
160  Brazil 2020-06-06   605043          636089     667135             19302            672837              36455        0         0
161  Brazil 2020-06-07   625282          657366     689450             19947            691758              37134        0         0
162  Brazil 2020-06-08   646092          679244     712396             20611            707412              38406        0         0
163  Brazil 2020-06-09   667481          701731     735981             21294            739503              39680        0         0
164  Brazil 2020-06-10   689458          724835     760212             21995            772416              40919        0         0
165  Brazil 2020-06-11   712031          748567     785103             22715            802828              41828        0         0
166  Brazil 2020-06-12   735208          772933     810658             23454            828810              42720        0         0
167  Brazil 2020-06-13   758996          797941     836886             24213            850514              43332        0         0
168  Brazil 2020-06-14   783402          823600     863798             24992            867624              43959        0         0
169  Brazil 2020-06-15   808432          849914     891396             25790            888271              45241        0         0
170  Brazil 2020-06-16   834091          876890     919689             26609            923189              46510        0         0
171  Brazil 2020-06-17   860386          904534     948682             27448            955377              47748        0         0
172  Brazil 2020-06-18   887320          932850     978380             28307            978142              48954        0         0
173  Brazil 2020-06-19   914896          961841    1008786             29187           1032913              49976        0         0
174  Brazil 2020-06-20   943118          991511    1039904             30087           1067579              50617        0         0
175  Brazil 2020-06-21   971987         1021862    1071737             31008           1085038              51271        0         0
176  Brazil 2020-06-22  1001505         1052894    1104283             31950           1106470              52645        0         0
177  Brazil 2020-06-23  1031672         1084609    1137546             32912           1145906              53830        0         0
178  Brazil 2020-06-24  1062487         1117005    1171523             33895           1188631              54971        0         0
179  Brazil 2020-06-25  1093948         1150081    1206214             34899           1228114              55961        0         0
180  Brazil 2020-06-26  1126054         1183834    1241614             35923           1274974              57070        0         0
181  Brazil 2020-06-27  1158800         1218260    1277720             36968           1313667              57622        0         0
182  Brazil 2020-06-28  1192181         1253354    1314527             38032           1344143              58314        0         0
183  Brazil 2020-06-29  1226191         1289109    1352027             39117           1368195              59594        0         0
184  Brazil 2020-06-30  1260824         1325519    1390214             40222           1402041              60632        0         0
185  Brazil 2020-07-01  1296070         1362574    1429078             41347           1448753              61884        0         0
186  Brazil 2020-07-02  1331922         1400265    1468608             42490           1496858              63174        0         0
187  Brazil 2020-07-03  1368367         1438580    1508793             43653           1539081              64265        0         0
188  Brazil 2020-07-04  1405394         1477507    1549620             44834           1577004              64867        0         0
189  Brazil 2020-07-05  1442990         1517033    1591076             46034           1603055              65487        0         0
190  Brazil 2020-07-06  1481142         1557142    1633142             47251           1623284              66741        0         0
191  Brazil 2020-07-07  1519832         1597817    1675802             48485           1668589              67964        0         0
192  Brazil 2020-07-08  1559044         1639042    1719040             49736           1713160              69184        0         0
193  Brazil 2020-07-09  1598762         1680797    1762832             51003           1755779              70398        0         0
194  Brazil 2020-07-10  1638964         1723062    1807160             52286           1800827              71469        0         0
195  Brazil 2020-07-11  1679631         1765816    1852001             53583           1839850              72100        0         0
196  Brazil 2020-07-12  1720742         1809036    1897330             54894           1864681              72833        0         0
197  Brazil 2020-07-13  1762272         1852698    1943124             56219           1884967              74133        0         0
198  Brazil 2020-07-14  1804201         1896778    1989355             57557           1926824              75366        0         0
199  Brazil 2020-07-15  1846502         1941249    2035996             58906           1966748              76688        0         0
200  Brazil 2020-07-16  1889148         1986084    2083020             60267           2012151              77851        0         0
201  Brazil 2020-07-17  1932116         2031256    2130396             61638           2046328              78772        0         0
202  Brazil 2020-07-18  1975375         2076735    2178095             63018           2074860              79488        0         0
203  Brazil 2020-07-19  2018899         2122492    2226085             64406           2098389              80120        0         0
204  Brazil 2020-07-20  2062657         2168496    2274335             65802           2118646              81487        0         0
205  Brazil 2020-07-21  2106621         2214716    2322811             67205           2159654              82771        0         0
206  Brazil 2020-07-22  2150761         2261121    2371481             68613           2227514              84082        0         0
207  Brazil 2020-07-23  2195045         2307677    2420309             70025           2287475              85238        0         0
208  Brazil 2020-07-24  2239443         2354353    2469263             71442           2343366              86449        0         0
209  Brazil 2020-07-25  2283922         2401114    2518306             72861           2394513              87004        0         0
210  Brazil 2020-07-26  2328451         2447928    2567405             74281           2419091              87618        0         0
211  Brazil 2020-07-27  2372999         2494762    2616525             75702           2442375              88539        0         0
212  Brazil 2020-07-28  2417533         2541581    2665629             77123           2483191              90134        0         0
213  Brazil 2020-07-29  2462022         2588353    2714684             78542           2552265              91263        0         0
214  Brazil 2020-07-30  2506434         2635044    2763654             79959           2610102              92475        0         0
215  Brazil 2020-07-31  2550737         2681620    2812503             81373           2662485              93563        0         0
216  Brazil 2020-08-01  2594900         2728049    2861198             82781           2707877              94104        0         0
217  Brazil 2020-08-02  2638892         2774299    2909706             84185           2733677              94665        0         0
218  Brazil 2020-08-03  2682684         2820338    2957992             85582           2750318              95819        0         0
219  Brazil 2020-08-04  2726245         2866134    3006023             86971           2801921              97256        0         0
220  Brazil 2020-08-05  2769545         2911656    3053767             88353           2859073              98493        0         0
221  Brazil 2020-08-06  2812558         2956876    3101194             89725           2912212              99572        0         0
222  Brazil 2020-08-07  2855255         3001764    3148273             91087           2962442             100477        0         0
223  Brazil 2020-08-08  2897610         3046292    3194974             92438           3012412             101049        0         0
224  Brazil 2020-08-09  2939596         3090432    3241268             93778           3035422             101752        0         0
225  Brazil 2020-08-10  2981188         3134158    3287128             95105           3057470             103026        0         0
226  Brazil 2020-08-11  3022363         3177446    3332529             96418           3109630             104201        0         0
227  Brazil 2020-08-12  3063099         3220272    3377445             97718           3164785             105463        0         0
228  Brazil 2020-08-13  3103372         3262612    3421852             99002           3224876             106523        0         0
229  Brazil 2020-08-14  3143163         3304445    3465727            100272           3275520             107232        0         0
230  Brazil 2020-08-15  3182452         3345750    3509048            101525           3317096             107852        0         0
231  Brazil 2020-08-16  3221223         3386510    3551797            102762           3340197             108536        0         0
232  Brazil 2020-08-17  3259456         3426705    3593954            103982           3359570             109888        0         0
233  Brazil 2020-08-18  3297137         3466319    3635501            105184           3407354             111100        0         0
234  Brazil 2020-08-19  3334250         3505337    3676424            106368           3456652             112304        0         0
235  Brazil 2020-08-20  3370784         3543745    3716706            107533           3501975             113358        0         0
236  Brazil 2020-08-21  3406725         3581531    3756337            108680           3532330             114250        0         0
237  Brazil 2020-08-22  3442063         3618682    3795301            109807           3582362             114744        0         0
238  Brazil 2020-08-23  3476788         3655189    3833590            110915           3605783             115309        0         0
239  Brazil 2020-08-24  3510893         3691044    3871195            112003           3622861             116580        0         0
240  Brazil 2020-08-25  3544369         3726237    3908105            113071           3669995             117665        0         0
241  Brazil 2020-08-26  3577211         3760764    3944317            114119           3717156             118649        0         0
242  Brazil 2020-08-27  3609412         3794618    3979824            115146           3761391             119504        0         0
243  Brazil 2020-08-28  3640971         3827796    4014621            116153           3804803             120462        0         0
244  Brazil 2020-08-29  3671883         3860294    4048705            117139           3846153             120828        0         0
245  Brazil 2020-08-30  3702148         3892112    4082076            118104           3862311             121381        0         0
246  Brazil 2020-08-31  3731763         3923247    4114731            119049           3908272             122596        0         0
247  Brazil 2020-09-01  3760730         3953700    4146670            119973           3950931             123780        0         0
248  Brazil 2020-09-02  3789049         3983472    4177895            120877           3997865             124614        0         0
249  Brazil 2020-09-03  3816722         4012565    4208408            121759           4041638             125521        0         0
250  Brazil 2020-09-04  3843752         4040982    4238212            122622           4092832             126203        0         0
251  Brazil 2020-09-05  3870143         4068727    4267311            123464           4123000             126650        0         0
252  Brazil 2020-09-06  3895897         4095803    4295709            124285           4137521             126960        0         0
253  Brazil 2020-09-07  3921022         4122217    4323412            125087           4147794             127464        0         0
254  Brazil 2020-09-08  3945521         4147973    4350425            125868           4162073             128539        0         0
255  Brazil 2020-09-09  3969402         4173079    4376756            126630           4197889             129522        0         0
256  Brazil 2020-09-10  3992670         4197541    4402412            127372           4238446             130396        0         0
257  Brazil 2020-09-11  4015333         4221367    4427401            128095           4282164             131210        0         0
258  Brazil 2020-09-12  4037399         4244566    4451733            128799           4315687             131625        0         0
259  Brazil 2020-09-13  4058876         4267145    4475414            129485           4330455             132006        0         0
260  Brazil 2020-09-14  4079772         4289113    4498454            130151           4345610             133119        0         0
261  Brazil 2020-09-15  4100096         4310480    4520864            130800           4382263             134106        0         0
262  Brazil 2020-09-16  4119858         4331256    4542654            131430           4419083             134174        0         0
263  Brazil 2020-09-17  4139068         4351451    4563834            132043           4421686             134174        0         0
264  Brazil 2020-09-18  4157733         4371074    4584415            132638                NA                 NA        0         0
265  Brazil 2020-09-19  4175865         4390136    4604407            133217                NA                 NA        0         0
266  Brazil 2020-09-20  4193473         4408648    4623823            133778                NA                 NA        0         0
267  Brazil 2020-09-21  4210569         4426621    4642673            134324                NA                 NA        0         0
268  Brazil 2020-09-22  4227161         4444065    4660969            134853                NA                 NA        0         0
269  Brazil 2020-09-23  4243261         4460991    4678721            135367                NA                 NA        0         0
270  Brazil 2020-09-24  4258880         4477411    4695942            135865                NA                 NA        0         0
271  Brazil 2020-09-25  4274028         4493336    4712644            136348                NA                 NA        0         0
272  Brazil 2020-09-26  4288715         4508777    4728839            136817                NA                 NA        0         0
273  Brazil 2020-09-27  4302952         4523745    4744538            137271                NA                 NA        0         0

Fontes:
	OMS - https://ourworldindata.org/coronavirus-source-data
	Worldometers - https://www.worldometers.info/coronavirus