
 Brazil 
Projecao:  7  dias
Gerado em:  2020-04-20 16:32:54
RMSE(%):  8.6 , BIAS(%): 1.48

Taxa de Mortalidade 6.33 %

    country       dias otimista casos_estimados pessimista estimativa_mortes casos_confirmados mortes_confirmadas latitude longitude
101  Brazil 2020-04-08    13860           15159      16458               960             15927                941        0         0
102  Brazil 2020-04-09    15403           16846      18289              1066             17857               1056        0         0
103  Brazil 2020-04-10    17050           18648      20246              1181             19638               1124        0         0
104  Brazil 2020-04-11    18795           20556      22317              1301             20727               1223        0         0
105  Brazil 2020-04-12    20628           22561      24494              1428             22169               1328        0         0
106  Brazil 2020-04-13    22534           24646      26758              1560             23430               1532        0         0
107  Brazil 2020-04-14    24501           26797      29093              1696             25262               1736        0         0
108  Brazil 2020-04-15    26509           28993      31477              1835             28320               1924        0         0
109  Brazil 2020-04-16    28540           31214      33888              1976             30425               2141        0         0
110  Brazil 2020-04-17    30572           33437      36302              2117             33682               2347        0         0
111  Brazil 2020-04-18    32587           35641      38695              2256             36599               2462        0         0
112  Brazil 2020-04-19    34564           37803      41042              2393             38654               2512        0         0
113  Brazil 2020-04-20    36486           39905      43324              2526             39681               2512        0         0
114  Brazil 2020-04-21    38336           41929      45522              2654                NA                 NA        0         0
115  Brazil 2020-04-22    40101           43859      47617              2776                NA                 NA        0         0
116  Brazil 2020-04-23    41771           45685      49599              2892                NA                 NA        0         0
117  Brazil 2020-04-24    43338           47399      51460              3001                NA                 NA        0         0
118  Brazil 2020-04-25    44795           48993      53191              3101                NA                 NA        0         0
119  Brazil 2020-04-26    46143           50467      54791              3195                NA                 NA        0         0
120  Brazil 2020-04-27    47381           51821      56261              3281                NA                 NA        0         0

Total de casos no mundo:  2466305 841423 1112337 394769 85113 8157 23785 721 2466305

Estimados a partir dos dados da OMS:
    day       date     x  xest
1     1 2019-12-30     0     0
2     2 2019-12-31     0     0
3     3 2020-01-01     0     0
4     4 2020-01-02     0     0
5     5 2020-01-03     0     0
6     6 2020-01-04     0     0
7     7 2020-01-05     0     0
8     8 2020-01-06     0     0
9     9 2020-01-07     0     0
10   10 2020-01-08     0     0
11   11 2020-01-09     0     0
12   12 2020-01-10     0     0
13   13 2020-01-11     0     0
14   14 2020-01-12     0     0
15   15 2020-01-13     0     0
16   16 2020-01-14     0     0
17   17 2020-01-15     0     0
18   18 2020-01-16     0     0
19   19 2020-01-17     0     0
20   20 2020-01-18     0     0
21   21 2020-01-19     0     0
22   22 2020-01-20     0     0
23   23 2020-01-21     0     0
24   24 2020-01-22     0     0
25   25 2020-01-23     0     0
26   26 2020-01-24     0     0
27   27 2020-01-25     0     1
28   28 2020-01-26     0     1
29   29 2020-01-27     0     1
30   30 2020-01-28     0     1
31   31 2020-01-29     0     1
32   32 2020-01-30     0     1
33   33 2020-01-31     0     1
34   34 2020-02-01     0     2
35   35 2020-02-02     0     2
36   36 2020-02-03     0     2
37   37 2020-02-04     0     2
38   38 2020-02-05     0     3
39   39 2020-02-06     0     3
40   40 2020-02-07     0     4
41   41 2020-02-08     0     4
42   42 2020-02-09     0     5
43   43 2020-02-10     0     5
44   44 2020-02-11     0     6
45   45 2020-02-12     0     7
46   46 2020-02-13     0     8
47   47 2020-02-14     0    10
48   48 2020-02-15     0    11
49   49 2020-02-16     0    13
50   50 2020-02-17     0    15
51   51 2020-02-18     0    17
52   52 2020-02-19     0    19
53   53 2020-02-20     0    22
54   54 2020-02-21     0    26
55   55 2020-02-22     0    30
56   56 2020-02-23     0    34
57   57 2020-02-24     0    39
58   58 2020-02-25     1    45
59   59 2020-02-26     1    52
60   60 2020-02-27     1    60
61   61 2020-02-28     1    69
62   62 2020-02-29     2    80
63   63 2020-03-01     2    92
64   64 2020-03-02     2   106
65   65 2020-03-03     2   122
66   66 2020-03-04     3   141
67   67 2020-03-05     8   162
68   68 2020-03-06    13   187
69   69 2020-03-07    13   215
70   70 2020-03-08    25   248
71   71 2020-03-09    25   285
72   72 2020-03-10    34   328
73   73 2020-03-11    52   378
74   74 2020-03-12    77   435
75   75 2020-03-13    98   500
76   76 2020-03-14   121   576
77   77 2020-03-15   200   662
78   78 2020-03-16   234   762
79   79 2020-03-17   291   876
80   80 2020-03-18   428  1007
81   81 2020-03-19   621  1157
82   82 2020-03-20   904  1329
83   83 2020-03-21  1128  1526
84   84 2020-03-22  1546  1752
85   85 2020-03-23  1891  2010
86   86 2020-03-24  2201  2304
87   87 2020-03-25  2433  2639
88   88 2020-03-26  2915  3021
89   89 2020-03-27  3417  3455
90   90 2020-03-28  3904  3947
91   91 2020-03-29  4256  4504
92   92 2020-03-30  4579  5133
93   93 2020-03-31  5717  5841
94   94 2020-04-01  6836  6635
95   95 2020-04-02  7910  7523
96   96 2020-04-03  9056  8512
97   97 2020-04-04 10278  9608
98   98 2020-04-05 11130 10817
99   99 2020-04-06 12056 12144
100 100 2020-04-07 13717 13591
101 101 2020-04-08 15927 15159
102 102 2020-04-09 17857 16846
103 103 2020-04-10 19638 18648
104 104 2020-04-11 20727 20556
105 105 2020-04-12 22169 22561
106 106 2020-04-13 23430 24646
107 107 2020-04-14 25262 26797
108 108 2020-04-15 28320 28993
109 109 2020-04-16 30425 31214
110 110 2020-04-17 33682 33437
111 111 2020-04-18 36599 35641
112 112 2020-04-19 38654 37803
113 113 2020-04-20 39681 39905

Intervalo de Confianca
             2.5%       97.5%
Asym 59401.645194 67086.36460
xmid   108.277490   110.04229
scal     6.827976     7.31712


Formula: x ~ SSlogis(day, Asym, xmid, scal)

Parameters:
       Estimate Std. Error t value            Pr(>|t|)    
Asym 62922.1685  1947.5301   32.31 <0.0000000000000002 ***
xmid   109.1110     0.4502  242.36 <0.0000000000000002 ***
scal     7.0675     0.1280   55.22 <0.0000000000000002 ***
---
Signif. codes:  0 ‘***’ 0.001 ‘**’ 0.01 ‘*’ 0.05 ‘.’ 0.1 ‘ ’ 1

Residual standard error: 353.9 on 110 degrees of freedom

Number of iterations to convergence: 13 
Achieved convergence tolerance: 0.0000000149


Brazil: o primeiro caso foi registrado em 25/02/2020 na data 20/04/2020 temos 55 dias desde o primeiro caso. A data de pico prevista pelo modelo logístico é 13/06/2020 (dia 109 desde os primeiros casos relatados).
Em 13/06/2020 o modelo estima 62922+/-1948 casos. De acordo com o modelo ajustado temos 54 de infecçao pela frente.

Todos os dados gerados
    country       dias otimista casos_estimados pessimista estimativa_mortes casos_confirmados mortes_confirmadas latitude longitude
1    Brazil 2019-12-30        0               0          0                 0                 0                  0        0         0
2    Brazil 2019-12-31        0               0          0                 0                 0                  0        0         0
3    Brazil 2020-01-01        0               0          0                 0                 0                  0        0         0
4    Brazil 2020-01-02        0               0          0                 0                 0                  0        0         0
5    Brazil 2020-01-03        0               0          0                 0                 0                  0        0         0
6    Brazil 2020-01-04        0               0          0                 0                 0                  0        0         0
7    Brazil 2020-01-05        0               0          0                 0                 0                  0        0         0
8    Brazil 2020-01-06        0               0          0                 0                 0                  0        0         0
9    Brazil 2020-01-07        0               0          0                 0                 0                  0        0         0
10   Brazil 2020-01-08        0               0          0                 0                 0                  0        0         0
11   Brazil 2020-01-09        0               0          0                 0                 0                  0        0         0
12   Brazil 2020-01-10        0               0          0                 0                 0                  0        0         0
13   Brazil 2020-01-11        0               0          0                 0                 0                  0        0         0
14   Brazil 2020-01-12        0               0          0                 0                 0                  0        0         0
15   Brazil 2020-01-13        0               0          0                 0                 0                  0        0         0
16   Brazil 2020-01-14        0               0          0                 0                 0                  0        0         0
17   Brazil 2020-01-15        0               0          0                 0                 0                  0        0         0
18   Brazil 2020-01-16        0               0          0                 0                 0                  0        0         0
19   Brazil 2020-01-17        0               0          0                 0                 0                  0        0         0
20   Brazil 2020-01-18        0               0          0                 0                 0                  0        0         0
21   Brazil 2020-01-19        0               0          0                 0                 0                  0        0         0
22   Brazil 2020-01-20        0               0          0                 0                 0                  0        0         0
23   Brazil 2020-01-21        0               0          0                 0                 0                  0        0         0
24   Brazil 2020-01-22        0               0          0                 0                 0                  0        0         0
25   Brazil 2020-01-23        0               0          0                 0                 0                  0        0         0
26   Brazil 2020-01-24        0               0          0                 0                 0                  0        0         0
27   Brazil 2020-01-25        1               1          1                 0                 0                  0        0         0
28   Brazil 2020-01-26        1               1          1                 0                 0                  0        0         0
29   Brazil 2020-01-27        1               1          1                 0                 0                  0        0         0
30   Brazil 2020-01-28        1               1          1                 0                 0                  0        0         0
31   Brazil 2020-01-29        1               1          1                 0                 0                  0        0         0
32   Brazil 2020-01-30        1               1          1                 0                 0                  0        0         0
33   Brazil 2020-01-31        1               1          1                 0                 0                  0        0         0
34   Brazil 2020-02-01        2               2          2                 0                 0                  0        0         0
35   Brazil 2020-02-02        2               2          2                 0                 0                  0        0         0
36   Brazil 2020-02-03        2               2          2                 0                 0                  0        0         0
37   Brazil 2020-02-04        2               2          2                 0                 0                  0        0         0
38   Brazil 2020-02-05        3               3          3                 0                 0                  0        0         0
39   Brazil 2020-02-06        3               3          3                 0                 0                  0        0         0
40   Brazil 2020-02-07        4               4          4                 0                 0                  0        0         0
41   Brazil 2020-02-08        4               4          4                 0                 0                  0        0         0
42   Brazil 2020-02-09        5               5          5                 0                 0                  0        0         0
43   Brazil 2020-02-10        5               5          5                 0                 0                  0        0         0
44   Brazil 2020-02-11        5               6          7                 0                 0                  0        0         0
45   Brazil 2020-02-12        6               7          8                 0                 0                  0        0         0
46   Brazil 2020-02-13        7               8          9                 1                 0                  0        0         0
47   Brazil 2020-02-14        9              10         11                 1                 0                  0        0         0
48   Brazil 2020-02-15       10              11         12                 1                 0                  0        0         0
49   Brazil 2020-02-16       12              13         14                 1                 0                  0        0         0
50   Brazil 2020-02-17       14              15         16                 1                 0                  0        0         0
51   Brazil 2020-02-18       16              17         18                 1                 0                  0        0         0
52   Brazil 2020-02-19       17              19         21                 1                 0                  0        0         0
53   Brazil 2020-02-20       20              22         24                 1                 0                  0        0         0
54   Brazil 2020-02-21       24              26         28                 2                 0                  0        0         0
55   Brazil 2020-02-22       27              30         33                 2                 0                  0        0         0
56   Brazil 2020-02-23       31              34         37                 2                 0                  0        0         0
57   Brazil 2020-02-24       36              39         42                 2                 0                  0        0         0
58   Brazil 2020-02-25       41              45         49                 3                 1                  0        0         0
59   Brazil 2020-02-26       48              52         56                 3                 1                  0        0         0
60   Brazil 2020-02-27       55              60         65                 4                 1                  0        0         0
61   Brazil 2020-02-28       63              69         75                 4                 1                  0        0         0
62   Brazil 2020-02-29       73              80         87                 5                 2                  0        0         0
63   Brazil 2020-03-01       84              92        100                 6                 2                  0        0         0
64   Brazil 2020-03-02       97             106        115                 7                 2                  0        0         0
65   Brazil 2020-03-03      112             122        132                 8                 2                  0        0         0
66   Brazil 2020-03-04      129             141        153                 9                 3                  0        0         0
67   Brazil 2020-03-05      148             162        176                10                 8                  0        0         0
68   Brazil 2020-03-06      171             187        203                12                13                  0        0         0
69   Brazil 2020-03-07      197             215        233                14                13                  0        0         0
70   Brazil 2020-03-08      227             248        269                16                25                  0        0         0
71   Brazil 2020-03-09      261             285        309                18                25                  0        0         0
72   Brazil 2020-03-10      300             328        356                21                34                  0        0         0
73   Brazil 2020-03-11      346             378        410                24                52                  0        0         0
74   Brazil 2020-03-12      398             435        472                28                77                  0        0         0
75   Brazil 2020-03-13      457             500        543                32                98                  0        0         0
76   Brazil 2020-03-14      527             576        625                36               121                  0        0         0
77   Brazil 2020-03-15      605             662        719                42               200                  0        0         0
78   Brazil 2020-03-16      697             762        827                48               234                  1        0         0
79   Brazil 2020-03-17      801             876        951                55               291                  4        0         0
80   Brazil 2020-03-18      921            1007       1093                64               428                  6        0         0
81   Brazil 2020-03-19     1058            1157       1256                73               621                 11        0         0
82   Brazil 2020-03-20     1215            1329       1443                84               904                 18        0         0
83   Brazil 2020-03-21     1395            1526       1657                97              1128                 25        0         0
84   Brazil 2020-03-22     1602            1752       1902               111              1546                 34        0         0
85   Brazil 2020-03-23     1838            2010       2182               127              1891                 46        0         0
86   Brazil 2020-03-24     2107            2304       2501               146              2201                 57        0         0
87   Brazil 2020-03-25     2413            2639       2865               167              2433                 77        0         0
88   Brazil 2020-03-26     2762            3021       3280               191              2915                 92        0         0
89   Brazil 2020-03-27     3159            3455       3751               219              3417                114        0         0
90   Brazil 2020-03-28     3609            3947       4285               250              3904                136        0         0
91   Brazil 2020-03-29     4118            4504       4890               285              4256                159        0         0
92   Brazil 2020-03-30     4693            5133       5573               325              4579                201        0         0
93   Brazil 2020-03-31     5341            5841       6341               370              5717                241        0         0
94   Brazil 2020-04-01     6067            6635       7203               420              6836                299        0         0
95   Brazil 2020-04-02     6878            7523       8168               476              7910                359        0         0
96   Brazil 2020-04-03     7783            8512       9241               539              9056                432        0         0
97   Brazil 2020-04-04     8785            9608      10431               608             10278                486        0         0
98   Brazil 2020-04-05     9890           10817      11744               685             11130                553        0         0
99   Brazil 2020-04-06    11103           12144      13185               769             12056                667        0         0
100  Brazil 2020-04-07    12427           13591      14755               860             13717                800        0         0
101  Brazil 2020-04-08    13860           15159      16458               960             15927                941        0         0
102  Brazil 2020-04-09    15403           16846      18289              1066             17857               1056        0         0
103  Brazil 2020-04-10    17050           18648      20246              1181             19638               1124        0         0
104  Brazil 2020-04-11    18795           20556      22317              1301             20727               1223        0         0
105  Brazil 2020-04-12    20628           22561      24494              1428             22169               1328        0         0
106  Brazil 2020-04-13    22534           24646      26758              1560             23430               1532        0         0
107  Brazil 2020-04-14    24501           26797      29093              1696             25262               1736        0         0
108  Brazil 2020-04-15    26509           28993      31477              1835             28320               1924        0         0
109  Brazil 2020-04-16    28540           31214      33888              1976             30425               2141        0         0
110  Brazil 2020-04-17    30572           33437      36302              2117             33682               2347        0         0
111  Brazil 2020-04-18    32587           35641      38695              2256             36599               2462        0         0
112  Brazil 2020-04-19    34564           37803      41042              2393             38654               2512        0         0
113  Brazil 2020-04-20    36486           39905      43324              2526             39681               2512        0         0
114  Brazil 2020-04-21    38336           41929      45522              2654                NA                 NA        0         0
115  Brazil 2020-04-22    40101           43859      47617              2776                NA                 NA        0         0
116  Brazil 2020-04-23    41771           45685      49599              2892                NA                 NA        0         0
117  Brazil 2020-04-24    43338           47399      51460              3001                NA                 NA        0         0
118  Brazil 2020-04-25    44795           48993      53191              3101                NA                 NA        0         0
119  Brazil 2020-04-26    46143           50467      54791              3195                NA                 NA        0         0
120  Brazil 2020-04-27    47381           51821      56261              3281                NA                 NA        0         0

Fontes:
	OMS - https://ourworldindata.org/coronavirus-source-data
	Worldometers - https://www.worldometers.info/coronavirus