
 Italy 
Projecao:  7  dias
Gerado em:  2020-04-16 21:30:10
RMSE(%):  6.6 , BIAS(%): 1.38

Taxa de Mortalidade 13.12 %

    country       dias otimista casos_estimados pessimista estimativa_mortes casos_confirmados mortes_confirmadas latitude longitude
97    Italy 2020-04-04   119565          128045     136525             16803            124632              15889 41.87194  12.56738
98    Italy 2020-04-05   123729          132504     141279             17388            128948              16525 41.87194  12.56738
99    Italy 2020-04-06   127587          136635     145683             17931            132547              17129 41.87194  12.56738
100   Italy 2020-04-07   131139          140439     149739             18430            135586              17669 41.87194  12.56738
101   Italy 2020-04-08   134387          143918     153449             18886            139422              18281 41.87194  12.56738
102   Italy 2020-04-09   137343          147083     156823             19302            143626              18851 41.87194  12.56738
103   Italy 2020-04-10   140016          149946     159876             19677            147577              19470 41.87194  12.56738
104   Italy 2020-04-11   142424          152525     162626             20016            152271              19901 41.87194  12.56738
105   Italy 2020-04-12   144584          154838     165092             20319            156363              20465 41.87194  12.56738
106   Italy 2020-04-13   146513          156904     167295             20590            159516              21069 41.87194  12.56738
107   Italy 2020-04-14   148231          158744     169257             20832            162488              21647 41.87194  12.56738
108   Italy 2020-04-15   149757          160378     170999             21046            165155              22170 41.87194  12.56738
109   Italy 2020-04-16   151107          161824     172541             21236            168941              22170 41.87194  12.56738
110   Italy 2020-04-17   152300          163101     173902             21404                NA                 NA 41.87194  12.56738
111   Italy 2020-04-18   153350          164226     175102             21551                NA                 NA 41.87194  12.56738
112   Italy 2020-04-19   154276          165217     176158             21681                NA                 NA 41.87194  12.56738
113   Italy 2020-04-20   155087          166086     177085             21795                NA                 NA 41.87194  12.56738
114   Italy 2020-04-21   155800          166849     177898             21895                NA                 NA 41.87194  12.56738
115   Italy 2020-04-22   156424          167518     178612             21983                NA                 NA 41.87194  12.56738
116   Italy 2020-04-23   156970          168102     179234             22060                NA                 NA 41.87194  12.56738

Total de casos no mundo:  2180741 723993 1015507 345970 67591 7966 18993 721 2180741

Estimados a partir dos dados da OMS:
    day       date      x   xest
1     1 2019-12-30      0      1
2     2 2019-12-31      0      1
3     3 2020-01-01      0      1
4     4 2020-01-02      0      1
5     5 2020-01-03      0      1
6     6 2020-01-04      0      1
7     7 2020-01-05      0      2
8     8 2020-01-06      0      2
9     9 2020-01-07      0      2
10   10 2020-01-08      0      2
11   11 2020-01-09      0      3
12   12 2020-01-10      0      3
13   13 2020-01-11      0      4
14   14 2020-01-12      0      4
15   15 2020-01-13      0      5
16   16 2020-01-14      0      5
17   17 2020-01-15      0      6
18   18 2020-01-16      0      7
19   19 2020-01-17      0      8
20   20 2020-01-18      0     10
21   21 2020-01-19      0     11
22   22 2020-01-20      0     13
23   23 2020-01-21      0     15
24   24 2020-01-22      0     17
25   25 2020-01-23      0     20
26   26 2020-01-24      0     22
27   27 2020-01-25      0     26
28   28 2020-01-26      0     30
29   29 2020-01-27      0     34
30   30 2020-01-28      0     39
31   31 2020-01-29      0     45
32   32 2020-01-30      3     52
33   33 2020-01-31      3     60
34   34 2020-02-01      3     69
35   35 2020-02-02      3     80
36   36 2020-02-03      3     92
37   37 2020-02-04      3    106
38   38 2020-02-05      3    122
39   39 2020-02-06      3    140
40   40 2020-02-07      3    162
41   41 2020-02-08      3    186
42   42 2020-02-09      3    214
43   43 2020-02-10      3    247
44   44 2020-02-11      3    284
45   45 2020-02-12      3    327
46   46 2020-02-13      3    376
47   47 2020-02-14      3    433
48   48 2020-02-15      3    498
49   49 2020-02-16      3    573
50   50 2020-02-17      3    660
51   51 2020-02-18      3    760
52   52 2020-02-19      3    874
53   53 2020-02-20      3   1006
54   54 2020-02-21     17   1157
55   55 2020-02-22     79   1331
56   56 2020-02-23    132   1530
57   57 2020-02-24    229   1760
58   58 2020-02-25    322   2023
59   59 2020-02-26    400   2325
60   60 2020-02-27    650   2672
61   61 2020-02-28    888   3069
62   62 2020-02-29   1128   3524
63   63 2020-03-01   1689   4046
64   64 2020-03-02   2036   4642
65   65 2020-03-03   2502   5323
66   66 2020-03-04   3089   6100
67   67 2020-03-05   3858   6986
68   68 2020-03-06   4636   7995
69   69 2020-03-07   5883   9142
70   70 2020-03-08   7375  10442
71   71 2020-03-09   9172  11914
72   72 2020-03-10  10149  13575
73   73 2020-03-11  12462  15447
74   74 2020-03-12  15113  17547
75   75 2020-03-13  17660  19897
76   76 2020-03-14  21157  22516
77   77 2020-03-15  23980  25422
78   78 2020-03-16  27980  28631
79   79 2020-03-17  31506  32156
80   80 2020-03-18  35713  36006
81   81 2020-03-19  41035  40185
82   82 2020-03-20  47021  44690
83   83 2020-03-21  53578  49510
84   84 2020-03-22  59138  54628
85   85 2020-03-23  63927  60015
86   86 2020-03-24  69176  65636
87   87 2020-03-25  74386  71448
88   88 2020-03-26  80539  77401
89   89 2020-03-27  86498  83438
90   90 2020-03-28  92472  89501
91   91 2020-03-29  97689  95530
92   92 2020-03-30 101739 101465
93   93 2020-03-31 105792 107253
94   94 2020-04-01 110574 112843
95   95 2020-04-02 115242 118193
96   96 2020-04-03 119827 123269
97   97 2020-04-04 124632 128045
98   98 2020-04-05 128948 132504
99   99 2020-04-06 132547 136635
100 100 2020-04-07 135586 140439
101 101 2020-04-08 139422 143918
102 102 2020-04-09 143626 147083
103 103 2020-04-10 147577 149946
104 104 2020-04-11 152271 152525
105 105 2020-04-12 156363 154838
106 106 2020-04-13 159516 156904
107 107 2020-04-14 162488 158744
108 108 2020-04-15 165155 160378
109 109 2020-04-16 168941 161824

Intervalo de Confianca
              2.5%         97.5%
Asym 169009.042899 175326.410863
xmid     89.037783     89.838697
scal      6.854695      7.337069


Formula: x ~ SSlogis(day, Asym, xmid, scal)

Parameters:
        Estimate  Std. Error t value            Pr(>|t|)    
Asym 172068.5274   1539.8481  111.74 <0.0000000000000002 ***
xmid     89.4282      0.1924  464.75 <0.0000000000000002 ***
scal      7.0920      0.1228   57.76 <0.0000000000000002 ***
---
Signif. codes:  0 ‘***’ 0.001 ‘**’ 0.01 ‘*’ 0.05 ‘.’ 0.1 ‘ ’ 1

Residual standard error: 2141 on 106 degrees of freedom

Number of iterations to convergence: 12 
Achieved convergence tolerance: 0.0000000149


Italy: o primeiro caso foi registrado em 30/01/2020 na data 16/04/2020 temos 77 dias desde o primeiro caso. A data de pico prevista pelo modelo logístico é 28/04/2020 (dia 89 desde os primeiros casos relatados).
Em 28/04/2020 o modelo estima 172069+/-1540 casos. De acordo com o modelo ajustado temos 12 de infecçao pela frente.

Todos os dados gerados
    country       dias otimista casos_estimados pessimista estimativa_mortes casos_confirmados mortes_confirmadas latitude longitude
1     Italy 2019-12-30        1               1          1                 0                 0                  0 41.87194  12.56738
2     Italy 2019-12-31        1               1          1                 0                 0                  0 41.87194  12.56738
3     Italy 2020-01-01        1               1          1                 0                 0                  0 41.87194  12.56738
4     Italy 2020-01-02        1               1          1                 0                 0                  0 41.87194  12.56738
5     Italy 2020-01-03        1               1          1                 0                 0                  0 41.87194  12.56738
6     Italy 2020-01-04        1               1          1                 0                 0                  0 41.87194  12.56738
7     Italy 2020-01-05        2               2          2                 0                 0                  0 41.87194  12.56738
8     Italy 2020-01-06        2               2          2                 0                 0                  0 41.87194  12.56738
9     Italy 2020-01-07        2               2          2                 0                 0                  0 41.87194  12.56738
10    Italy 2020-01-08        2               2          2                 0                 0                  0 41.87194  12.56738
11    Italy 2020-01-09        3               3          3                 0                 0                  0 41.87194  12.56738
12    Italy 2020-01-10        3               3          3                 0                 0                  0 41.87194  12.56738
13    Italy 2020-01-11        4               4          4                 1                 0                  0 41.87194  12.56738
14    Italy 2020-01-12        4               4          4                 1                 0                  0 41.87194  12.56738
15    Italy 2020-01-13        5               5          5                 1                 0                  0 41.87194  12.56738
16    Italy 2020-01-14        5               5          5                 1                 0                  0 41.87194  12.56738
17    Italy 2020-01-15        6               6          6                 1                 0                  0 41.87194  12.56738
18    Italy 2020-01-16        7               7          7                 1                 0                  0 41.87194  12.56738
19    Italy 2020-01-17        7               8          9                 1                 0                  0 41.87194  12.56738
20    Italy 2020-01-18        9              10         11                 1                 0                  0 41.87194  12.56738
21    Italy 2020-01-19       10              11         12                 1                 0                  0 41.87194  12.56738
22    Italy 2020-01-20       12              13         14                 2                 0                  0 41.87194  12.56738
23    Italy 2020-01-21       14              15         16                 2                 0                  0 41.87194  12.56738
24    Italy 2020-01-22       16              17         18                 2                 0                  0 41.87194  12.56738
25    Italy 2020-01-23       19              20         21                 3                 0                  0 41.87194  12.56738
26    Italy 2020-01-24       21              22         23                 3                 0                  0 41.87194  12.56738
27    Italy 2020-01-25       24              26         28                 3                 0                  0 41.87194  12.56738
28    Italy 2020-01-26       28              30         32                 4                 0                  0 41.87194  12.56738
29    Italy 2020-01-27       32              34         36                 4                 0                  0 41.87194  12.56738
30    Italy 2020-01-28       36              39         42                 5                 0                  0 41.87194  12.56738
31    Italy 2020-01-29       42              45         48                 6                 0                  0 41.87194  12.56738
32    Italy 2020-01-30       49              52         55                 7                 3                  0 41.87194  12.56738
33    Italy 2020-01-31       56              60         64                 8                 3                  0 41.87194  12.56738
34    Italy 2020-02-01       64              69         74                 9                 3                  0 41.87194  12.56738
35    Italy 2020-02-02       75              80         85                10                 3                  0 41.87194  12.56738
36    Italy 2020-02-03       86              92         98                12                 3                  0 41.87194  12.56738
37    Italy 2020-02-04       99             106        113                14                 3                  0 41.87194  12.56738
38    Italy 2020-02-05      114             122        130                16                 3                  0 41.87194  12.56738
39    Italy 2020-02-06      131             140        149                18                 3                  0 41.87194  12.56738
40    Italy 2020-02-07      151             162        173                21                 3                  0 41.87194  12.56738
41    Italy 2020-02-08      174             186        198                24                 3                  0 41.87194  12.56738
42    Italy 2020-02-09      200             214        228                28                 3                  0 41.87194  12.56738
43    Italy 2020-02-10      231             247        263                32                 3                  0 41.87194  12.56738
44    Italy 2020-02-11      265             284        303                37                 3                  0 41.87194  12.56738
45    Italy 2020-02-12      305             327        349                43                 3                  0 41.87194  12.56738
46    Italy 2020-02-13      351             376        401                49                 3                  0 41.87194  12.56738
47    Italy 2020-02-14      404             433        462                57                 3                  0 41.87194  12.56738
48    Italy 2020-02-15      465             498        531                65                 3                  0 41.87194  12.56738
49    Italy 2020-02-16      535             573        611                75                 3                  0 41.87194  12.56738
50    Italy 2020-02-17      616             660        704                87                 3                  0 41.87194  12.56738
51    Italy 2020-02-18      710             760        810               100                 3                  0 41.87194  12.56738
52    Italy 2020-02-19      816             874        932               115                 3                  0 41.87194  12.56738
53    Italy 2020-02-20      939            1006       1073               132                 3                  0 41.87194  12.56738
54    Italy 2020-02-21     1080            1157       1234               152                17                  2 41.87194  12.56738
55    Italy 2020-02-22     1243            1331       1419               175                79                  2 41.87194  12.56738
56    Italy 2020-02-23     1429            1530       1631               201               132                  6 41.87194  12.56738
57    Italy 2020-02-24     1643            1760       1877               231               229                 11 41.87194  12.56738
58    Italy 2020-02-25     1889            2023       2157               265               322                 12 41.87194  12.56738
59    Italy 2020-02-26     2171            2325       2479               305               400                 17 41.87194  12.56738
60    Italy 2020-02-27     2495            2672       2849               351               650                 21 41.87194  12.56738
61    Italy 2020-02-28     2866            3069       3272               403               888                 29 41.87194  12.56738
62    Italy 2020-02-29     3291            3524       3757               462              1128                 35 41.87194  12.56738
63    Italy 2020-03-01     3778            4046       4314               531              1689                 52 41.87194  12.56738
64    Italy 2020-03-02     4335            4642       4949               609              2036                 80 41.87194  12.56738
65    Italy 2020-03-03     4970            5323       5676               699              2502                107 41.87194  12.56738
66    Italy 2020-03-04     5696            6100       6504               800              3089                148 41.87194  12.56738
67    Italy 2020-03-05     6523            6986       7449               917              3858                197 41.87194  12.56738
68    Italy 2020-03-06     7466            7995       8524              1049              4636                233 41.87194  12.56738
69    Italy 2020-03-07     8537            9142       9747              1200              5883                366 41.87194  12.56738
70    Italy 2020-03-08     9750           10442      11134              1370              7375                464 41.87194  12.56738
71    Italy 2020-03-09    11125           11914      12703              1563              9172                631 41.87194  12.56738
72    Italy 2020-03-10    12676           13575      14474              1781             10149                827 41.87194  12.56738
73    Italy 2020-03-11    14424           15447      16470              2027             12462               1016 41.87194  12.56738
74    Italy 2020-03-12    16385           17547      18709              2303             15113               1268 41.87194  12.56738
75    Italy 2020-03-13    18579           19897      21215              2611             17660               1441 41.87194  12.56738
76    Italy 2020-03-14    21025           22516      24007              2955             21157               1811 41.87194  12.56738
77    Italy 2020-03-15    23738           25422      27106              3336             23980               2158 41.87194  12.56738
78    Italy 2020-03-16    26735           28631      30527              3757             27980               2505 41.87194  12.56738
79    Italy 2020-03-17    30027           32156      34285              4220             31506               2978 41.87194  12.56738
80    Italy 2020-03-18    33622           36006      38390              4725             35713               3407 41.87194  12.56738
81    Italy 2020-03-19    37524           40185      42846              5273             41035               4032 41.87194  12.56738
82    Italy 2020-03-20    41730           44690      47650              5865             47021               4827 41.87194  12.56738
83    Italy 2020-03-21    46231           49510      52789              6497             53578               5476 41.87194  12.56738
84    Italy 2020-03-22    51010           54628      58246              7169             59138               6077 41.87194  12.56738
85    Italy 2020-03-23    56041           60015      63989              7876             63927               6820 41.87194  12.56738
86    Italy 2020-03-24    61289           65636      69983              8613             69176               7505 41.87194  12.56738
87    Italy 2020-03-25    66716           71448      76180              9376             74386               8165 41.87194  12.56738
88    Italy 2020-03-26    72275           77401      82527             10157             80539               9136 41.87194  12.56738
89    Italy 2020-03-27    77912           83438      88964             10950             86498              10023 41.87194  12.56738
90    Italy 2020-03-28    83574           89501      95428             11745             92472              10781 41.87194  12.56738
91    Italy 2020-03-29    89204           95530     101856             12536             97689              11591 41.87194  12.56738
92    Italy 2020-03-30    94746          101465     108184             13315            101739              12430 41.87194  12.56738
93    Italy 2020-03-31   100150          107253     114356             14075            105792              13157 41.87194  12.56738
94    Italy 2020-04-01   105370          112843     120316             14808            110574              13917 41.87194  12.56738
95    Italy 2020-04-02   110366          118193     126020             15510            115242              14681 41.87194  12.56738
96    Italy 2020-04-03   115106          123269     131432             16176            119827              15362 41.87194  12.56738
97    Italy 2020-04-04   119565          128045     136525             16803            124632              15889 41.87194  12.56738
98    Italy 2020-04-05   123729          132504     141279             17388            128948              16525 41.87194  12.56738
99    Italy 2020-04-06   127587          136635     145683             17931            132547              17129 41.87194  12.56738
100   Italy 2020-04-07   131139          140439     149739             18430            135586              17669 41.87194  12.56738
101   Italy 2020-04-08   134387          143918     153449             18886            139422              18281 41.87194  12.56738
102   Italy 2020-04-09   137343          147083     156823             19302            143626              18851 41.87194  12.56738
103   Italy 2020-04-10   140016          149946     159876             19677            147577              19470 41.87194  12.56738
104   Italy 2020-04-11   142424          152525     162626             20016            152271              19901 41.87194  12.56738
105   Italy 2020-04-12   144584          154838     165092             20319            156363              20465 41.87194  12.56738
106   Italy 2020-04-13   146513          156904     167295             20590            159516              21069 41.87194  12.56738
107   Italy 2020-04-14   148231          158744     169257             20832            162488              21647 41.87194  12.56738
108   Italy 2020-04-15   149757          160378     170999             21046            165155              22170 41.87194  12.56738
109   Italy 2020-04-16   151107          161824     172541             21236            168941              22170 41.87194  12.56738
110   Italy 2020-04-17   152300          163101     173902             21404                NA                 NA 41.87194  12.56738
111   Italy 2020-04-18   153350          164226     175102             21551                NA                 NA 41.87194  12.56738
112   Italy 2020-04-19   154276          165217     176158             21681                NA                 NA 41.87194  12.56738
113   Italy 2020-04-20   155087          166086     177085             21795                NA                 NA 41.87194  12.56738
114   Italy 2020-04-21   155800          166849     177898             21895                NA                 NA 41.87194  12.56738
115   Italy 2020-04-22   156424          167518     178612             21983                NA                 NA 41.87194  12.56738
116   Italy 2020-04-23   156970          168102     179234             22060                NA                 NA 41.87194  12.56738

Fontes:
	OMS - https://ourworldindata.org/coronavirus-source-data
	Worldometers - https://www.worldometers.info/coronavirus