
 Brazil 
Projecao:  10  dias
Gerado em:  2020-06-23 20:43:55
RMSE(%):  3.4 , BIAS(%): 0.79

Taxa de Mortalidade 4.58 %

    country       dias otimista casos_estimados pessimista estimativa_mortes casos_confirmados mortes_confirmadas latitude longitude
168  Brazil 2020-06-14   855225          885320     915415             40573            867624              43959        0         0
169  Brazil 2020-06-15   882423          913475     944527             41864            888271              45241        0         0
170  Brazil 2020-06-16   909455          941459     973463             43146            923189              46510        0         0
171  Brazil 2020-06-17   936262          969209    1002156             44418            955377              47748        0         0
172  Brazil 2020-06-18   962786          996666    1030546             45676            978142              48954        0         0
173  Brazil 2020-06-19   988970         1023772    1058574             46918           1032913              49976        0         0
174  Brazil 2020-06-20  1014765         1050474    1086183             48142           1067579              50617        0         0
175  Brazil 2020-06-21  1040119         1076721    1113323             49345           1085038              51271        0         0
176  Brazil 2020-06-22  1064990         1102467    1139944             50525           1106470              52771        0         0
177  Brazil 2020-06-23  1089334         1127667    1166000             51680           1151479              52771        0         0
178  Brazil 2020-06-24  1113115         1152285    1191455             52808                NA                 NA        0         0
179  Brazil 2020-06-25  1136299         1176285    1216271             53908                NA                 NA        0         0
180  Brazil 2020-06-26  1158858         1199638    1240418             54978                NA                 NA        0         0
181  Brazil 2020-06-27  1180767         1222318    1263869             56017                NA                 NA        0         0
182  Brazil 2020-06-28  1202007         1244305    1286603             57025                NA                 NA        0         0
183  Brazil 2020-06-29  1222560         1265582    1308604             58000                NA                 NA        0         0
184  Brazil 2020-06-30  1242417         1286137    1329857             58942                NA                 NA        0         0
185  Brazil 2020-07-01  1261566         1305960    1350354             59851                NA                 NA        0         0
186  Brazil 2020-07-02  1280005         1325048    1370091             60725                NA                 NA        0         0
187  Brazil 2020-07-03  1297733         1343400    1389067             61567                NA                 NA        0         0

Total de casos no mundo:  9341866 2811557 1868316 2342271 1982486 327400 9115 721 9341866

Estimados a partir dos dados da OMS:
    day       date       x    xest
1     1 2019-12-30       0      23
2     2 2019-12-31       0      25
3     3 2020-01-01       0      27
4     4 2020-01-02       0      29
5     5 2020-01-03       0      31
6     6 2020-01-04       0      33
7     7 2020-01-05       0      35
8     8 2020-01-06       0      38
9     9 2020-01-07       0      40
10   10 2020-01-08       0      43
11   11 2020-01-09       0      46
12   12 2020-01-10       0      49
13   13 2020-01-11       0      53
14   14 2020-01-12       0      56
15   15 2020-01-13       0      60
16   16 2020-01-14       0      65
17   17 2020-01-15       0      69
18   18 2020-01-16       0      74
19   19 2020-01-17       0      79
20   20 2020-01-18       0      85
21   21 2020-01-19       0      91
22   22 2020-01-20       0      97
23   23 2020-01-21       0     104
24   24 2020-01-22       0     111
25   25 2020-01-23       0     119
26   26 2020-01-24       0     127
27   27 2020-01-25       0     136
28   28 2020-01-26       0     145
29   29 2020-01-27       0     156
30   30 2020-01-28       0     167
31   31 2020-01-29       0     178
32   32 2020-01-30       0     191
33   33 2020-01-31       0     204
34   34 2020-02-01       0     218
35   35 2020-02-02       0     234
36   36 2020-02-03       0     250
37   37 2020-02-04       0     267
38   38 2020-02-05       0     286
39   39 2020-02-06       0     306
40   40 2020-02-07       0     327
41   41 2020-02-08       0     350
42   42 2020-02-09       0     375
43   43 2020-02-10       0     401
44   44 2020-02-11       0     429
45   45 2020-02-12       0     459
46   46 2020-02-13       0     491
47   47 2020-02-14       0     526
48   48 2020-02-15       0     562
49   49 2020-02-16       0     602
50   50 2020-02-17       0     644
51   51 2020-02-18       0     689
52   52 2020-02-19       0     737
53   53 2020-02-20       0     788
54   54 2020-02-21       0     843
55   55 2020-02-22       0     902
56   56 2020-02-23       0     965
57   57 2020-02-24       0    1033
58   58 2020-02-25       1    1105
59   59 2020-02-26       1    1182
60   60 2020-02-27       1    1265
61   61 2020-02-28       1    1354
62   62 2020-02-29       2    1448
63   63 2020-03-01       2    1549
64   64 2020-03-02       2    1658
65   65 2020-03-03       2    1773
66   66 2020-03-04       3    1897
67   67 2020-03-05       8    2030
68   68 2020-03-06      13    2172
69   69 2020-03-07      13    2323
70   70 2020-03-08      25    2486
71   71 2020-03-09      25    2659
72   72 2020-03-10      34    2845
73   73 2020-03-11      52    3044
74   74 2020-03-12      77    3256
75   75 2020-03-13      98    3483
76   76 2020-03-14     121    3726
77   77 2020-03-15     200    3986
78   78 2020-03-16     234    4265
79   79 2020-03-17     291    4562
80   80 2020-03-18     428    4880
81   81 2020-03-19     621    5221
82   82 2020-03-20     904    5585
83   83 2020-03-21    1128    5974
84   84 2020-03-22    1546    6390
85   85 2020-03-23    1891    6835
86   86 2020-03-24    2201    7311
87   87 2020-03-25    2433    7820
88   88 2020-03-26    2915    8364
89   89 2020-03-27    3417    8946
90   90 2020-03-28    3904    9569
91   91 2020-03-29    4256   10234
92   92 2020-03-30    4579   10945
93   93 2020-03-31    5717   11705
94   94 2020-04-01    6836   12518
95   95 2020-04-02    7910   13387
96   96 2020-04-03    9056   14315
97   97 2020-04-04   10278   15307
98   98 2020-04-05   11130   16367
99   99 2020-04-06   12056   17500
100 100 2020-04-07   13717   18711
101 101 2020-04-08   15927   20004
102 102 2020-04-09   17857   21385
103 103 2020-04-10   19638   22861
104 104 2020-04-11   20727   24436
105 105 2020-04-12   22169   26119
106 106 2020-04-13   23430   27916
107 107 2020-04-14   25262   29834
108 108 2020-04-15   28320   31881
109 109 2020-04-16   30425   34065
110 110 2020-04-17   33682   36396
111 111 2020-04-18   36599   38883
112 112 2020-04-19   38654   41535
113 113 2020-04-20   40581   44364
114 114 2020-04-21   43079   47379
115 115 2020-04-22   45757   50593
116 116 2020-04-23   49492   54018
117 117 2020-04-24   52995   57666
118 118 2020-04-25   58509   61552
119 119 2020-04-26   61888   65689
120 120 2020-04-27   66501   70091
121 121 2020-04-28   71886   74775
122 122 2020-04-29   78162   79756
123 123 2020-04-30   85380   85052
124 124 2020-05-01   91589   90679
125 125 2020-05-02   96559   96656
126 126 2020-05-03  101147  103001
127 127 2020-05-04  107780  109734
128 128 2020-05-05  114715  116874
129 129 2020-05-06  125218  124442
130 130 2020-05-07  135106  132458
131 131 2020-05-08  145328  140944
132 132 2020-05-09  155939  149920
133 133 2020-05-10  162699  159409
134 134 2020-05-11  168331  169432
135 135 2020-05-12  177589  180010
136 136 2020-05-13  188974  191164
137 137 2020-05-14  202918  202916
138 138 2020-05-15  218223  215285
139 139 2020-05-16  233142  228292
140 140 2020-05-17  241080  241954
141 141 2020-05-18  254220  256289
142 142 2020-05-19  271628  271312
143 143 2020-05-20  291579  287038
144 144 2020-05-21  310087  303478
145 145 2020-05-22  330890  320643
146 146 2020-05-23  347398  338538
147 147 2020-05-24  363211  357169
148 148 2020-05-25  374898  376537
149 149 2020-05-26  391222  396638
150 150 2020-05-27  411821  417468
151 151 2020-05-28  438238  439016
152 152 2020-05-29  465166  461268
153 153 2020-05-30  498440  484206
154 154 2020-05-31  514849  507808
155 155 2020-06-01  526447  532046
156 156 2020-06-02  555383  556889
157 157 2020-06-03  584016  582301
158 158 2020-06-04  614932  608242
159 159 2020-06-05  645762  634668
160 160 2020-06-06  672837  661530
161 161 2020-06-07  691758  688775
162 162 2020-06-08  707412  716350
163 163 2020-06-09  739503  744196
164 164 2020-06-10  772416  772252
165 165 2020-06-11  802828  800457
166 166 2020-06-12  828810  828746
167 167 2020-06-13  850514  857055
168 168 2020-06-14  867624  885320
169 169 2020-06-15  888271  913475
170 170 2020-06-16  923189  941459
171 171 2020-06-17  955377  969209
172 172 2020-06-18  978142  996666
173 173 2020-06-19 1032913 1023772
174 174 2020-06-20 1067579 1050474
175 175 2020-06-21 1085038 1076721
176 176 2020-06-22 1106470 1102467
177 177 2020-06-23 1151479 1127667

Intervalo de Confianca
              2.5%         97.5%
Asym 1641741.80485 1710379.11131
xmid     165.68281     166.96334
scal      14.59908      14.98501


Formula: x ~ SSlogis(day, Asym, xmid, scal)

Parameters:
          Estimate    Std. Error t value            Pr(>|t|)    
Asym 1675061.43318   17351.40177   96.54 <0.0000000000000002 ***
xmid     166.31028       0.32412  513.12 <0.0000000000000002 ***
scal      14.79059       0.09877  149.75 <0.0000000000000002 ***
---
Signif. codes:  0 ‘***’ 0.001 ‘**’ 0.01 ‘*’ 0.05 ‘.’ 0.1 ‘ ’ 1

Residual standard error: 5434 on 174 degrees of freedom

Number of iterations to convergence: 10 
Achieved convergence tolerance: 0.0000000149


Brazil: o primeiro caso foi registrado em 25/02/2020 na data 23/06/2020 temos 119 dias desde o primeiro caso. A data de pico prevista pelo modelo logístico é 09/08/2020 (dia 166 desde os primeiros casos relatados).
Em 09/08/2020 o modelo estima 1675061+/-17351 casos. De acordo com o modelo ajustado temos 47 de infecçao pela frente.

Todos os dados gerados
    country       dias otimista casos_estimados pessimista estimativa_mortes casos_confirmados mortes_confirmadas latitude longitude
1    Brazil 2019-12-30       22              23         24                 1                 0                  0        0         0
2    Brazil 2019-12-31       24              25         26                 1                 0                  0        0         0
3    Brazil 2020-01-01       26              27         28                 1                 0                  0        0         0
4    Brazil 2020-01-02       28              29         30                 1                 0                  0        0         0
5    Brazil 2020-01-03       30              31         32                 1                 0                  0        0         0
6    Brazil 2020-01-04       32              33         34                 2                 0                  0        0         0
7    Brazil 2020-01-05       34              35         36                 2                 0                  0        0         0
8    Brazil 2020-01-06       37              38         39                 2                 0                  0        0         0
9    Brazil 2020-01-07       39              40         41                 2                 0                  0        0         0
10   Brazil 2020-01-08       42              43         44                 2                 0                  0        0         0
11   Brazil 2020-01-09       44              46         48                 2                 0                  0        0         0
12   Brazil 2020-01-10       47              49         51                 2                 0                  0        0         0
13   Brazil 2020-01-11       51              53         55                 2                 0                  0        0         0
14   Brazil 2020-01-12       54              56         58                 3                 0                  0        0         0
15   Brazil 2020-01-13       58              60         62                 3                 0                  0        0         0
16   Brazil 2020-01-14       63              65         67                 3                 0                  0        0         0
17   Brazil 2020-01-15       67              69         71                 3                 0                  0        0         0
18   Brazil 2020-01-16       71              74         77                 3                 0                  0        0         0
19   Brazil 2020-01-17       76              79         82                 4                 0                  0        0         0
20   Brazil 2020-01-18       82              85         88                 4                 0                  0        0         0
21   Brazil 2020-01-19       88              91         94                 4                 0                  0        0         0
22   Brazil 2020-01-20       94              97        100                 4                 0                  0        0         0
23   Brazil 2020-01-21      100             104        108                 5                 0                  0        0         0
24   Brazil 2020-01-22      107             111        115                 5                 0                  0        0         0
25   Brazil 2020-01-23      115             119        123                 5                 0                  0        0         0
26   Brazil 2020-01-24      123             127        131                 6                 0                  0        0         0
27   Brazil 2020-01-25      131             136        141                 6                 0                  0        0         0
28   Brazil 2020-01-26      140             145        150                 7                 0                  0        0         0
29   Brazil 2020-01-27      151             156        161                 7                 0                  0        0         0
30   Brazil 2020-01-28      161             167        173                 8                 0                  0        0         0
31   Brazil 2020-01-29      172             178        184                 8                 0                  0        0         0
32   Brazil 2020-01-30      185             191        197                 9                 0                  0        0         0
33   Brazil 2020-01-31      197             204        211                 9                 0                  0        0         0
34   Brazil 2020-02-01      211             218        225                10                 0                  0        0         0
35   Brazil 2020-02-02      226             234        242                11                 0                  0        0         0
36   Brazil 2020-02-03      242             250        258                11                 0                  0        0         0
37   Brazil 2020-02-04      258             267        276                12                 0                  0        0         0
38   Brazil 2020-02-05      276             286        296                13                 0                  0        0         0
39   Brazil 2020-02-06      296             306        316                14                 0                  0        0         0
40   Brazil 2020-02-07      316             327        338                15                 0                  0        0         0
41   Brazil 2020-02-08      338             350        362                16                 0                  0        0         0
42   Brazil 2020-02-09      362             375        388                17                 0                  0        0         0
43   Brazil 2020-02-10      387             401        415                18                 0                  0        0         0
44   Brazil 2020-02-11      414             429        444                20                 0                  0        0         0
45   Brazil 2020-02-12      443             459        475                21                 0                  0        0         0
46   Brazil 2020-02-13      474             491        508                23                 0                  0        0         0
47   Brazil 2020-02-14      508             526        544                24                 0                  0        0         0
48   Brazil 2020-02-15      543             562        581                26                 0                  0        0         0
49   Brazil 2020-02-16      582             602        622                28                 0                  0        0         0
50   Brazil 2020-02-17      622             644        666                30                 0                  0        0         0
51   Brazil 2020-02-18      666             689        712                32                 0                  0        0         0
52   Brazil 2020-02-19      712             737        762                34                 0                  0        0         0
53   Brazil 2020-02-20      761             788        815                36                 0                  0        0         0
54   Brazil 2020-02-21      814             843        872                39                 0                  0        0         0
55   Brazil 2020-02-22      871             902        933                41                 0                  0        0         0
56   Brazil 2020-02-23      932             965        998                44                 0                  0        0         0
57   Brazil 2020-02-24      998            1033       1068                47                 0                  0        0         0
58   Brazil 2020-02-25     1067            1105       1143                51                 1                  0        0         0
59   Brazil 2020-02-26     1142            1182       1222                54                 1                  0        0         0
60   Brazil 2020-02-27     1222            1265       1308                58                 1                  0        0         0
61   Brazil 2020-02-28     1308            1354       1400                62                 1                  0        0         0
62   Brazil 2020-02-29     1399            1448       1497                66                 2                  0        0         0
63   Brazil 2020-03-01     1496            1549       1602                71                 2                  0        0         0
64   Brazil 2020-03-02     1602            1658       1714                76                 2                  0        0         0
65   Brazil 2020-03-03     1713            1773       1833                81                 2                  0        0         0
66   Brazil 2020-03-04     1833            1897       1961                87                 3                  0        0         0
67   Brazil 2020-03-05     1961            2030       2099                93                 8                  0        0         0
68   Brazil 2020-03-06     2098            2172       2246               100                13                  0        0         0
69   Brazil 2020-03-07     2244            2323       2402               106                13                  0        0         0
70   Brazil 2020-03-08     2401            2486       2571               114                25                  0        0         0
71   Brazil 2020-03-09     2569            2659       2749               122                25                  0        0         0
72   Brazil 2020-03-10     2748            2845       2942               130                34                  0        0         0
73   Brazil 2020-03-11     2941            3044       3147               140                52                  0        0         0
74   Brazil 2020-03-12     3145            3256       3367               149                77                  0        0         0
75   Brazil 2020-03-13     3365            3483       3601               160                98                  0        0         0
76   Brazil 2020-03-14     3599            3726       3853               171               121                  0        0         0
77   Brazil 2020-03-15     3851            3986       4121               183               200                  0        0         0
78   Brazil 2020-03-16     4120            4265       4410               195               234                  1        0         0
79   Brazil 2020-03-17     4407            4562       4717               209               291                  4        0         0
80   Brazil 2020-03-18     4714            4880       5046               224               428                  6        0         0
81   Brazil 2020-03-19     5044            5221       5398               239               621                 11        0         0
82   Brazil 2020-03-20     5395            5585       5775               256               904                 18        0         0
83   Brazil 2020-03-21     5771            5974       6177               274              1128                 25        0         0
84   Brazil 2020-03-22     6173            6390       6607               293              1546                 34        0         0
85   Brazil 2020-03-23     6603            6835       7067               313              1891                 46        0         0
86   Brazil 2020-03-24     7062            7311       7560               335              2201                 57        0         0
87   Brazil 2020-03-25     7554            7820       8086               358              2433                 77        0         0
88   Brazil 2020-03-26     8080            8364       8648               383              2915                 92        0         0
89   Brazil 2020-03-27     8642            8946       9250               410              3417                114        0         0
90   Brazil 2020-03-28     9244            9569       9894               439              3904                136        0         0
91   Brazil 2020-03-29     9886           10234      10582               469              4256                159        0         0
92   Brazil 2020-03-30    10573           10945      11317               502              4579                201        0         0
93   Brazil 2020-03-31    11307           11705      12103               536              5717                241        0         0
94   Brazil 2020-04-01    12092           12518      12944               574              6836                299        0         0
95   Brazil 2020-04-02    12932           13387      13842               614              7910                359        0         0
96   Brazil 2020-04-03    13828           14315      14802               656              9056                432        0         0
97   Brazil 2020-04-04    14787           15307      15827               702             10278                486        0         0
98   Brazil 2020-04-05    15811           16367      16923               750             11130                553        0         0
99   Brazil 2020-04-06    16905           17500      18095               802             12056                667        0         0
100  Brazil 2020-04-07    18075           18711      19347               858             13717                800        0         0
101  Brazil 2020-04-08    19324           20004      20684               917             15927                941        0         0
102  Brazil 2020-04-09    20658           21385      22112               980             17857               1056        0         0
103  Brazil 2020-04-10    22084           22861      23638              1048             19638               1124        0         0
104  Brazil 2020-04-11    23605           24436      25267              1120             20727               1223        0         0
105  Brazil 2020-04-12    25231           26119      27007              1197             22169               1328        0         0
106  Brazil 2020-04-13    26967           27916      28865              1279             23430               1532        0         0
107  Brazil 2020-04-14    28820           29834      30848              1367             25262               1736        0         0
108  Brazil 2020-04-15    30797           31881      32965              1461             28320               1924        0         0
109  Brazil 2020-04-16    32907           34065      35223              1561             30425               2141        0         0
110  Brazil 2020-04-17    35159           36396      37633              1668             33682               2347        0         0
111  Brazil 2020-04-18    37561           38883      40205              1782             36599               2462        0         0
112  Brazil 2020-04-19    40123           41535      42947              1904             38654               2575        0         0
113  Brazil 2020-04-20    42856           44364      45872              2033             40581               2741        0         0
114  Brazil 2020-04-21    45768           47379      48990              2171             43079               2906        0         0
115  Brazil 2020-04-22    48873           50593      52313              2319             45757               3313        0         0
116  Brazil 2020-04-23    52182           54018      55854              2476             49492               3670        0         0
117  Brazil 2020-04-24    55706           57666      59626              2643             52995               4016        0         0
118  Brazil 2020-04-25    59460           61552      63644              2821             58509               4205        0         0
119  Brazil 2020-04-26    63456           65689      67922              3010             61888               4543        0         0
120  Brazil 2020-04-27    67708           70091      72474              3212             66501               5017        0         0
121  Brazil 2020-04-28    72233           74775      77317              3427             71886               5466        0         0
122  Brazil 2020-04-29    77045           79756      82467              3655             78162               5901        0         0
123  Brazil 2020-04-30    82161           85052      87943              3898             85380               6329        0         0
124  Brazil 2020-05-01    87596           90679      93762              4156             91589               6750        0         0
125  Brazil 2020-05-02    93370           96656      99942              4430             96559               7025        0         0
126  Brazil 2020-05-03    99500          103001     106502              4720            101147               7321        0         0
127  Brazil 2020-05-04   106004          109734     113464              5029            107780               7921        0         0
128  Brazil 2020-05-05   112901          116874     120847              5356            114715               8536        0         0
129  Brazil 2020-05-06   120212          124442     128672              5703            125218               9146        0         0
130  Brazil 2020-05-07   127955          132458     136961              6070            135106               9897        0         0
131  Brazil 2020-05-08   136153          140944     145735              6459            145328              10627        0         0
132  Brazil 2020-05-09   144824          149920     155016              6871            155939              11123        0         0
133  Brazil 2020-05-10   153990          159409     164828              7306            162699              11519        0         0
134  Brazil 2020-05-11   163672          169432     175192              7765            168331              12400        0         0
135  Brazil 2020-05-12   173891          180010     186129              8250            177589              13149        0         0
136  Brazil 2020-05-13   184666          191164     197662              8761            188974              13993        0         0
137  Brazil 2020-05-14   196018          202916     209814              9299            202918              14817        0         0
138  Brazil 2020-05-15   207967          215285     222603              9866            218223              15633        0         0
139  Brazil 2020-05-16   220532          228292     236052             10462            233142              16118        0         0
140  Brazil 2020-05-17   233729          241954     250179             11088            241080              16792        0         0
141  Brazil 2020-05-18   247577          256289     265001             11745            254220              17971        0         0
142  Brazil 2020-05-19   262089          271312     280535             12434            271628              18859        0         0
143  Brazil 2020-05-20   277281          287038     296795             13155            291579              20047        0         0
144  Brazil 2020-05-21   293162          303478     313794             13908            310087              21048        0         0
145  Brazil 2020-05-22   309743          320643     331543             14695            330890              22013        0         0
146  Brazil 2020-05-23   327030          338538     350046             15515            347398              22666        0         0
147  Brazil 2020-05-24   345028          357169     369310             16369            363211              23473        0         0
148  Brazil 2020-05-25   363737          376537     389337             17256            374898              24512        0         0
149  Brazil 2020-05-26   383155          396638     410121             18177            391222              25598        0         0
150  Brazil 2020-05-27   403277          417468     431659             19132            411821              26754        0         0
151  Brazil 2020-05-28   424092          439016     453940             20120            438238              27878        0         0
152  Brazil 2020-05-29   445588          461268     476948             21139            465166              28834        0         0
153  Brazil 2020-05-30   467746          484206     500666             22191            498440              29314        0         0
154  Brazil 2020-05-31   490546          507808     525070             23272            514849              29937        0         0
155  Brazil 2020-06-01   513960          532046     550132             24383            526447              31199        0         0
156  Brazil 2020-06-02   537958          556889     575820             25522            555383              32548        0         0
157  Brazil 2020-06-03   562507          582301     602095             26686            584016              34021        0         0
158  Brazil 2020-06-04   587566          608242     628918             27875            614932              35026        0         0
159  Brazil 2020-06-05   613093          634668     656243             29086            645762              35930        0         0
160  Brazil 2020-06-06   639042          661530     684018             30317            672837              36455        0         0
161  Brazil 2020-06-07   665361          688775     712189             31566            691758              37134        0         0
162  Brazil 2020-06-08   691999          716350     740701             32830            707412              38406        0         0
163  Brazil 2020-06-09   718898          744196     769494             34106            739503              39680        0         0
164  Brazil 2020-06-10   746000          772252     798504             35391            772416              40919        0         0
165  Brazil 2020-06-11   773247          800457     827667             36684            802828              41828        0         0
166  Brazil 2020-06-12   800574          828746     856918             37981            828810              42720        0         0
167  Brazil 2020-06-13   827921          857055     886189             39278            850514              43332        0         0
168  Brazil 2020-06-14   855225          885320     915415             40573            867624              43959        0         0
169  Brazil 2020-06-15   882423          913475     944527             41864            888271              45241        0         0
170  Brazil 2020-06-16   909455          941459     973463             43146            923189              46510        0         0
171  Brazil 2020-06-17   936262          969209    1002156             44418            955377              47748        0         0
172  Brazil 2020-06-18   962786          996666    1030546             45676            978142              48954        0         0
173  Brazil 2020-06-19   988970         1023772    1058574             46918           1032913              49976        0         0
174  Brazil 2020-06-20  1014765         1050474    1086183             48142           1067579              50617        0         0
175  Brazil 2020-06-21  1040119         1076721    1113323             49345           1085038              51271        0         0
176  Brazil 2020-06-22  1064990         1102467    1139944             50525           1106470              52771        0         0
177  Brazil 2020-06-23  1089334         1127667    1166000             51680           1151479              52771        0         0
178  Brazil 2020-06-24  1113115         1152285    1191455             52808                NA                 NA        0         0
179  Brazil 2020-06-25  1136299         1176285    1216271             53908                NA                 NA        0         0
180  Brazil 2020-06-26  1158858         1199638    1240418             54978                NA                 NA        0         0
181  Brazil 2020-06-27  1180767         1222318    1263869             56017                NA                 NA        0         0
182  Brazil 2020-06-28  1202007         1244305    1286603             57025                NA                 NA        0         0
183  Brazil 2020-06-29  1222560         1265582    1308604             58000                NA                 NA        0         0
184  Brazil 2020-06-30  1242417         1286137    1329857             58942                NA                 NA        0         0
185  Brazil 2020-07-01  1261566         1305960    1350354             59851                NA                 NA        0         0
186  Brazil 2020-07-02  1280005         1325048    1370091             60725                NA                 NA        0         0
187  Brazil 2020-07-03  1297733         1343400    1389067             61567                NA                 NA        0         0

Fontes:
	OMS - https://ourworldindata.org/coronavirus-source-data
	Worldometers - https://www.worldometers.info/coronavirus