
 Italy 
Projecao:  7  dias
Gerado em:  2020-04-03 23:50:10
RMSE(%):  3.8 , BIAS(%): 0.76

Taxa de Mortalidade 12.25 %

    country       dias otimista casos_estimados pessimista estimativa_mortes casos_confirmados mortes_confirmadas latitude longitude
84    Italy 2020-03-22    55292           57452      59612              7039             59138               6077 41.87194  12.56738
85    Italy 2020-03-23    61090           63476      65862              7777             63927               6820 41.87194  12.56738
86    Italy 2020-03-24    66960           69576      72192              8524             69176               7505 41.87194  12.56738
87    Italy 2020-03-25    72809           75653      78497              9269             74386               8165 41.87194  12.56738
88    Italy 2020-03-26    78543           81611      84679              9999             80539               9136 41.87194  12.56738
89    Italy 2020-03-27    84080           87364      90648             10704             86498              10023 41.87194  12.56738
90    Italy 2020-03-28    89344           92834      96324             11374             92472              10781 41.87194  12.56738
91    Italy 2020-03-29    94278           97961     101644             12002             97689              11591 41.87194  12.56738
92    Italy 2020-03-30    98842          102703     106564             12583            101739              12430 41.87194  12.56738
93    Italy 2020-03-31   103010          107034     111058             13114            105792              13157 41.87194  12.56738
94    Italy 2020-04-01   106775          110946     115117             13593            110574              13917 41.87194  12.56738
95    Italy 2020-04-02   110140          114442     118744             14021            115242              14681 41.87194  12.56738
96    Italy 2020-04-03   113119          117538     121957             14401            119827              14681 41.87194  12.56738
97    Italy 2020-04-04   115736          120257     124778             14734                NA                 NA 41.87194  12.56738
98    Italy 2020-04-05   118020          122630     127240             15024                NA                 NA 41.87194  12.56738
99    Italy 2020-04-06   119998          124686     129374             15276                NA                 NA 41.87194  12.56738
100   Italy 2020-04-07   121704          126458     131212             15493                NA                 NA 41.87194  12.56738
101   Italy 2020-04-08   123168          127979     132790             15680                NA                 NA 41.87194  12.56738
102   Italy 2020-04-09   124418          129278     134138             15839                NA                 NA 41.87194  12.56738
103   Italy 2020-04-10   125483          130385     135287             15975                NA                 NA 41.87194  12.56738

Total de casos no mundo:  1098434

Estimados a partir dos dados da OMS:
   day       date      x   xest
1    1 2019-12-30      0      0
2    2 2019-12-31      0      0
3    3 2020-01-01      0      0
4    4 2020-01-02      0      0
5    5 2020-01-03      0      0
6    6 2020-01-04      0      0
7    7 2020-01-05      0      0
8    8 2020-01-06      0      0
9    9 2020-01-07      0      0
10  10 2020-01-08      0      0
11  11 2020-01-09      0      0
12  12 2020-01-10      0      0
13  13 2020-01-11      0      0
14  14 2020-01-12      0      0
15  15 2020-01-13      0      0
16  16 2020-01-14      0      1
17  17 2020-01-15      0      1
18  18 2020-01-16      0      1
19  19 2020-01-17      0      1
20  20 2020-01-18      0      1
21  21 2020-01-19      0      1
22  22 2020-01-20      0      1
23  23 2020-01-21      0      2
24  24 2020-01-22      0      2
25  25 2020-01-23      0      3
26  26 2020-01-24      0      3
27  27 2020-01-25      0      4
28  28 2020-01-26      0      4
29  29 2020-01-27      0      5
30  30 2020-01-28      0      6
31  31 2020-01-29      0      7
32  32 2020-01-30      3      9
33  33 2020-01-31      3     11
34  34 2020-02-01      3     13
35  35 2020-02-02      3     15
36  36 2020-02-03      3     18
37  37 2020-02-04      3     22
38  38 2020-02-05      3     26
39  39 2020-02-06      3     31
40  40 2020-02-07      3     37
41  41 2020-02-08      3     45
42  42 2020-02-09      3     54
43  43 2020-02-10      3     64
44  44 2020-02-11      3     77
45  45 2020-02-12      3     92
46  46 2020-02-13      3    110
47  47 2020-02-14      3    131
48  48 2020-02-15      3    157
49  49 2020-02-16      3    187
50  50 2020-02-17      3    224
51  51 2020-02-18      3    268
52  52 2020-02-19      3    320
53  53 2020-02-20      3    383
54  54 2020-02-21     17    458
55  55 2020-02-22     79    548
56  56 2020-02-23    132    655
57  57 2020-02-24    229    782
58  58 2020-02-25    322    935
59  59 2020-02-26    400   1117
60  60 2020-02-27    650   1334
61  61 2020-02-28    888   1592
62  62 2020-02-29   1128   1901
63  63 2020-03-01   1689   2267
64  64 2020-03-02   1835   2703
65  65 2020-03-03   2502   3221
66  66 2020-03-04   3089   3836
67  67 2020-03-05   3858   4563
68  68 2020-03-06   4636   5423
69  69 2020-03-07   5883   6437
70  70 2020-03-08   7375   7629
71  71 2020-03-09   9172   9027
72  72 2020-03-10  10149  10660
73  73 2020-03-11  12462  12559
74  74 2020-03-12  15113  14757
75  75 2020-03-13  17660  17286
76  76 2020-03-14  17750  20176
77  77 2020-03-15  23980  23454
78  78 2020-03-16  27980  27141
79  79 2020-03-17  31506  31246
80  80 2020-03-18  35713  35769
81  81 2020-03-19  41035  40693
82  82 2020-03-20  47021  45985
83  83 2020-03-21  53578  51594
84  84 2020-03-22  59138  57452
85  85 2020-03-23  63927  63476
86  86 2020-03-24  69176  69576
87  87 2020-03-25  74386  75653
88  88 2020-03-26  80539  81611
89  89 2020-03-27  86498  87364
90  90 2020-03-28  92472  92834
91  91 2020-03-29  97689  97961
92  92 2020-03-30 101739 102703
93  93 2020-03-31 105792 107034
94  94 2020-04-01 110574 110946
95  95 2020-04-02 115242 114442
96  96 2020-04-03 119827 117538


Todos os dados gerados
    country       dias otimista casos_estimados pessimista estimativa_mortes casos_confirmados mortes_confirmadas latitude longitude
1     Italy 2019-12-30        0               0          0                 0                 0                  0 41.87194  12.56738
2     Italy 2019-12-31        0               0          0                 0                 0                  0 41.87194  12.56738
3     Italy 2020-01-01        0               0          0                 0                 0                  0 41.87194  12.56738
4     Italy 2020-01-02        0               0          0                 0                 0                  0 41.87194  12.56738
5     Italy 2020-01-03        0               0          0                 0                 0                  0 41.87194  12.56738
6     Italy 2020-01-04        0               0          0                 0                 0                  0 41.87194  12.56738
7     Italy 2020-01-05        0               0          0                 0                 0                  0 41.87194  12.56738
8     Italy 2020-01-06        0               0          0                 0                 0                  0 41.87194  12.56738
9     Italy 2020-01-07        0               0          0                 0                 0                  0 41.87194  12.56738
10    Italy 2020-01-08        0               0          0                 0                 0                  0 41.87194  12.56738
11    Italy 2020-01-09        0               0          0                 0                 0                  0 41.87194  12.56738
12    Italy 2020-01-10        0               0          0                 0                 0                  0 41.87194  12.56738
13    Italy 2020-01-11        0               0          0                 0                 0                  0 41.87194  12.56738
14    Italy 2020-01-12        0               0          0                 0                 0                  0 41.87194  12.56738
15    Italy 2020-01-13        0               0          0                 0                 0                  0 41.87194  12.56738
16    Italy 2020-01-14        1               1          1                 0                 0                  0 41.87194  12.56738
17    Italy 2020-01-15        1               1          1                 0                 0                  0 41.87194  12.56738
18    Italy 2020-01-16        1               1          1                 0                 0                  0 41.87194  12.56738
19    Italy 2020-01-17        1               1          1                 0                 0                  0 41.87194  12.56738
20    Italy 2020-01-18        1               1          1                 0                 0                  0 41.87194  12.56738
21    Italy 2020-01-19        1               1          1                 0                 0                  0 41.87194  12.56738
22    Italy 2020-01-20        1               1          1                 0                 0                  0 41.87194  12.56738
23    Italy 2020-01-21        2               2          2                 0                 0                  0 41.87194  12.56738
24    Italy 2020-01-22        2               2          2                 0                 0                  0 41.87194  12.56738
25    Italy 2020-01-23        3               3          3                 0                 0                  0 41.87194  12.56738
26    Italy 2020-01-24        3               3          3                 0                 0                  0 41.87194  12.56738
27    Italy 2020-01-25        4               4          4                 0                 0                  0 41.87194  12.56738
28    Italy 2020-01-26        4               4          4                 0                 0                  0 41.87194  12.56738
29    Italy 2020-01-27        5               5          5                 1                 0                  0 41.87194  12.56738
30    Italy 2020-01-28        6               6          6                 1                 0                  0 41.87194  12.56738
31    Italy 2020-01-29        7               7          7                 1                 0                  0 41.87194  12.56738
32    Italy 2020-01-30        9               9          9                 1                 3                  0 41.87194  12.56738
33    Italy 2020-01-31       11              11         11                 1                 3                  0 41.87194  12.56738
34    Italy 2020-02-01       13              13         13                 2                 3                  0 41.87194  12.56738
35    Italy 2020-02-02       14              15         16                 2                 3                  0 41.87194  12.56738
36    Italy 2020-02-03       17              18         19                 2                 3                  0 41.87194  12.56738
37    Italy 2020-02-04       21              22         23                 3                 3                  0 41.87194  12.56738
38    Italy 2020-02-05       25              26         27                 3                 3                  0 41.87194  12.56738
39    Italy 2020-02-06       30              31         32                 4                 3                  0 41.87194  12.56738
40    Italy 2020-02-07       36              37         38                 5                 3                  0 41.87194  12.56738
41    Italy 2020-02-08       43              45         47                 6                 3                  0 41.87194  12.56738
42    Italy 2020-02-09       52              54         56                 7                 3                  0 41.87194  12.56738
43    Italy 2020-02-10       62              64         66                 8                 3                  0 41.87194  12.56738
44    Italy 2020-02-11       74              77         80                 9                 3                  0 41.87194  12.56738
45    Italy 2020-02-12       89              92         95                11                 3                  0 41.87194  12.56738
46    Italy 2020-02-13      106             110        114                13                 3                  0 41.87194  12.56738
47    Italy 2020-02-14      126             131        136                16                 3                  0 41.87194  12.56738
48    Italy 2020-02-15      151             157        163                19                 3                  0 41.87194  12.56738
49    Italy 2020-02-16      180             187        194                23                 3                  0 41.87194  12.56738
50    Italy 2020-02-17      216             224        232                27                 3                  0 41.87194  12.56738
51    Italy 2020-02-18      258             268        278                33                 3                  0 41.87194  12.56738
52    Italy 2020-02-19      308             320        332                39                 3                  0 41.87194  12.56738
53    Italy 2020-02-20      369             383        397                47                 3                  0 41.87194  12.56738
54    Italy 2020-02-21      441             458        475                56                17                  2 41.87194  12.56738
55    Italy 2020-02-22      527             548        569                67                79                  2 41.87194  12.56738
56    Italy 2020-02-23      630             655        680                80               132                  6 41.87194  12.56738
57    Italy 2020-02-24      753             782        811                96               229                 11 41.87194  12.56738
58    Italy 2020-02-25      900             935        970               115               322                 12 41.87194  12.56738
59    Italy 2020-02-26     1075            1117       1159               137               400                 17 41.87194  12.56738
60    Italy 2020-02-27     1284            1334       1384               163               650                 21 41.87194  12.56738
61    Italy 2020-02-28     1532            1592       1652               195               888                 29 41.87194  12.56738
62    Italy 2020-02-29     1830            1901       1972               233              1128                 35 41.87194  12.56738
63    Italy 2020-03-01     2182            2267       2352               278              1689                 52 41.87194  12.56738
64    Italy 2020-03-02     2601            2703       2805               331              1835                 80 41.87194  12.56738
65    Italy 2020-03-03     3100            3221       3342               395              2502                107 41.87194  12.56738
66    Italy 2020-03-04     3692            3836       3980               470              3089                148 41.87194  12.56738
67    Italy 2020-03-05     4391            4563       4735               559              3858                197 41.87194  12.56738
68    Italy 2020-03-06     5219            5423       5627               664              4636                233 41.87194  12.56738
69    Italy 2020-03-07     6195            6437       6679               789              5883                366 41.87194  12.56738
70    Italy 2020-03-08     7342            7629       7916               935              7375                464 41.87194  12.56738
71    Italy 2020-03-09     8688            9027       9366              1106              9172                631 41.87194  12.56738
72    Italy 2020-03-10    10259           10660      11061              1306             10149                827 41.87194  12.56738
73    Italy 2020-03-11    12087           12559      13031              1539             12462               1016 41.87194  12.56738
74    Italy 2020-03-12    14202           14757      15312              1808             15113               1268 41.87194  12.56738
75    Italy 2020-03-13    16636           17286      17936              2118             17660               1441 41.87194  12.56738
76    Italy 2020-03-14    19417           20176      20935              2472             17750               1811 41.87194  12.56738
77    Italy 2020-03-15    22572           23454      24336              2874             23980               2158 41.87194  12.56738
78    Italy 2020-03-16    26121           27141      28161              3325             27980               2505 41.87194  12.56738
79    Italy 2020-03-17    30071           31246      32421              3828             31506               2978 41.87194  12.56738
80    Italy 2020-03-18    34424           35769      37114              4382             35713               3407 41.87194  12.56738
81    Italy 2020-03-19    39163           40693      42223              4986             41035               4032 41.87194  12.56738
82    Italy 2020-03-20    44256           45985      47714              5634             47021               4827 41.87194  12.56738
83    Italy 2020-03-21    49654           51594      53534              6321             53578               5476 41.87194  12.56738
84    Italy 2020-03-22    55292           57452      59612              7039             59138               6077 41.87194  12.56738
85    Italy 2020-03-23    61090           63476      65862              7777             63927               6820 41.87194  12.56738
86    Italy 2020-03-24    66960           69576      72192              8524             69176               7505 41.87194  12.56738
87    Italy 2020-03-25    72809           75653      78497              9269             74386               8165 41.87194  12.56738
88    Italy 2020-03-26    78543           81611      84679              9999             80539               9136 41.87194  12.56738
89    Italy 2020-03-27    84080           87364      90648             10704             86498              10023 41.87194  12.56738
90    Italy 2020-03-28    89344           92834      96324             11374             92472              10781 41.87194  12.56738
91    Italy 2020-03-29    94278           97961     101644             12002             97689              11591 41.87194  12.56738
92    Italy 2020-03-30    98842          102703     106564             12583            101739              12430 41.87194  12.56738
93    Italy 2020-03-31   103010          107034     111058             13114            105792              13157 41.87194  12.56738
94    Italy 2020-04-01   106775          110946     115117             13593            110574              13917 41.87194  12.56738
95    Italy 2020-04-02   110140          114442     118744             14021            115242              14681 41.87194  12.56738
96    Italy 2020-04-03   113119          117538     121957             14401            119827              14681 41.87194  12.56738
97    Italy 2020-04-04   115736          120257     124778             14734                NA                 NA 41.87194  12.56738
98    Italy 2020-04-05   118020          122630     127240             15024                NA                 NA 41.87194  12.56738
99    Italy 2020-04-06   119998          124686     129374             15276                NA                 NA 41.87194  12.56738
100   Italy 2020-04-07   121704          126458     131212             15493                NA                 NA 41.87194  12.56738
101   Italy 2020-04-08   123168          127979     132790             15680                NA                 NA 41.87194  12.56738
102   Italy 2020-04-09   124418          129278     134138             15839                NA                 NA 41.87194  12.56738
103   Italy 2020-04-10   125483          130385     135287             15975                NA                 NA 41.87194  12.56738

Fontes:
	OMS - https://ourworldindata.org/coronavirus-source-data
	Worldometers - https://www.worldometers.info/coronavirus