
 Brazil 
Projecao:  10  dias
Gerado em:  2020-08-31 14:01:24
RMSE(%):  5.4 , BIAS(%): 1.62

Taxa de Mortalidade 3.13 %

    country       dias otimista casos_estimados pessimista estimativa_mortes casos_confirmados mortes_confirmadas latitude longitude
237  Brazil 2020-08-22  3356926         3549096    3741266            111092           3582362             114744        0         0
238  Brazil 2020-08-23  3386423         3580281    3774139            112068           3605783             115309        0         0
239  Brazil 2020-08-24  3415249         3610757    3806265            113022           3622861             116580        0         0
240  Brazil 2020-08-25  3443403         3640523    3837643            113954           3669995             117665        0         0
241  Brazil 2020-08-26  3470887         3669581    3868275            114863           3717156             118649        0         0
242  Brazil 2020-08-27  3497703         3697932    3898161            115751           3761391             119504        0         0
243  Brazil 2020-08-28  3523855         3725581    3927307            116616           3804803             120462        0         0
244  Brazil 2020-08-29  3549347         3752532    3955717            117460           3846153             120828        0         0
245  Brazil 2020-08-30  3574181         3778788    3983395            118282           3862311             120896        0         0
246  Brazil 2020-08-31  3598367         3804358    4010349            119082           3862311             120896        0         0
247  Brazil 2020-09-01  3621908         3829247    4036586            119861                NA                 NA        0         0
248  Brazil 2020-09-02  3644812         3853462    4062112            120619                NA                 NA        0         0
249  Brazil 2020-09-03  3667088         3877013    4086938            121356                NA                 NA        0         0
250  Brazil 2020-09-04  3688742         3899907    4111072            122073                NA                 NA        0         0
251  Brazil 2020-09-05  3709785         3922154    4134523            122769                NA                 NA        0         0
252  Brazil 2020-09-06  3730225         3943764    4157303            123446                NA                 NA        0         0
253  Brazil 2020-09-07  3750071         3964747    4179423            124102                NA                 NA        0         0
254  Brazil 2020-09-08  3769335         3985113    4200891            124740                NA                 NA        0         0
255  Brazil 2020-09-09  3788026         4004874    4221722            125358                NA                 NA        0         0
256  Brazil 2020-09-10  3806155         4024041    4241927            125958                NA                 NA        0         0

Total de casos no mundo:  25493200 7324718 6246073 7071012 3570835 1251365 28476 721 25493200

Estimados a partir dos dados da OMS:
    day       date       x    xest
1     1 2019-12-30       0    1205
2     2 2019-12-31       0    1255
3     3 2020-01-01       0    1306
4     4 2020-01-02       0    1360
5     5 2020-01-03       0    1415
6     6 2020-01-04       0    1474
7     7 2020-01-05       0    1534
8     8 2020-01-06       0    1597
9     9 2020-01-07       0    1663
10   10 2020-01-08       0    1731
11   11 2020-01-09       0    1802
12   12 2020-01-10       0    1876
13   13 2020-01-11       0    1953
14   14 2020-01-12       0    2033
15   15 2020-01-13       0    2117
16   16 2020-01-14       0    2203
17   17 2020-01-15       0    2294
18   18 2020-01-16       0    2388
19   19 2020-01-17       0    2486
20   20 2020-01-18       0    2588
21   21 2020-01-19       0    2694
22   22 2020-01-20       0    2805
23   23 2020-01-21       0    2920
24   24 2020-01-22       0    3040
25   25 2020-01-23       0    3165
26   26 2020-01-24       0    3294
27   27 2020-01-25       0    3430
28   28 2020-01-26       0    3570
29   29 2020-01-27       0    3717
30   30 2020-01-28       0    3869
31   31 2020-01-29       0    4028
32   32 2020-01-30       0    4193
33   33 2020-01-31       0    4365
34   34 2020-02-01       0    4545
35   35 2020-02-02       0    4731
36   36 2020-02-03       0    4925
37   37 2020-02-04       0    5127
38   38 2020-02-05       0    5337
39   39 2020-02-06       0    5556
40   40 2020-02-07       0    5784
41   41 2020-02-08       0    6021
42   42 2020-02-09       0    6268
43   43 2020-02-10       0    6525
44   44 2020-02-11       0    6793
45   45 2020-02-12       0    7072
46   46 2020-02-13       0    7361
47   47 2020-02-14       0    7663
48   48 2020-02-15       0    7977
49   49 2020-02-16       0    8304
50   50 2020-02-17       0    8645
51   51 2020-02-18       0    8999
52   52 2020-02-19       0    9368
53   53 2020-02-20       0    9752
54   54 2020-02-21       0   10151
55   55 2020-02-22       0   10567
56   56 2020-02-23       0   11000
57   57 2020-02-24       0   11451
58   58 2020-02-25       1   11920
59   59 2020-02-26       1   12408
60   60 2020-02-27       1   12916
61   61 2020-02-28       1   13445
62   62 2020-02-29       2   13995
63   63 2020-03-01       2   14568
64   64 2020-03-02       2   15165
65   65 2020-03-03       2   15785
66   66 2020-03-04       3   16431
67   67 2020-03-05       8   17103
68   68 2020-03-06      13   17803
69   69 2020-03-07      13   18531
70   70 2020-03-08      25   19289
71   71 2020-03-09      25   20078
72   72 2020-03-10      34   20898
73   73 2020-03-11      52   21753
74   74 2020-03-12      77   22641
75   75 2020-03-13      98   23566
76   76 2020-03-14     121   24529
77   77 2020-03-15     200   25531
78   78 2020-03-16     234   26573
79   79 2020-03-17     291   27658
80   80 2020-03-18     428   28786
81   81 2020-03-19     621   29961
82   82 2020-03-20     904   31183
83   83 2020-03-21    1128   32454
84   84 2020-03-22    1546   33777
85   85 2020-03-23    1891   35154
86   86 2020-03-24    2201   36586
87   87 2020-03-25    2433   38076
88   88 2020-03-26    2915   39626
89   89 2020-03-27    3417   41238
90   90 2020-03-28    3904   42916
91   91 2020-03-29    4256   44661
92   92 2020-03-30    4579   46476
93   93 2020-03-31    5717   48365
94   94 2020-04-01    6836   50329
95   95 2020-04-02    7910   52372
96   96 2020-04-03    9056   54497
97   97 2020-04-04   10278   56707
98   98 2020-04-05   11130   59006
99   99 2020-04-06   12056   61396
100 100 2020-04-07   13717   63882
101 101 2020-04-08   15927   66468
102 102 2020-04-09   17857   69156
103 103 2020-04-10   19638   71951
104 104 2020-04-11   20727   74857
105 105 2020-04-12   22169   77879
106 106 2020-04-13   23430   81020
107 107 2020-04-14   25262   84286
108 108 2020-04-15   28320   87681
109 109 2020-04-16   30425   91209
110 110 2020-04-17   33682   94877
111 111 2020-04-18   36599   98689
112 112 2020-04-19   38654  102650
113 113 2020-04-20   40581  106767
114 114 2020-04-21   43079  111045
115 115 2020-04-22   45757  115489
116 116 2020-04-23   49492  120107
117 117 2020-04-24   52995  124904
118 118 2020-04-25   58509  129888
119 119 2020-04-26   61888  135063
120 120 2020-04-27   66501  140439
121 121 2020-04-28   71886  146022
122 122 2020-04-29   78162  151818
123 123 2020-04-30   85380  157837
124 124 2020-05-01   91589  164085
125 125 2020-05-02   96559  170572
126 126 2020-05-03  101147  177304
127 127 2020-05-04  107780  184291
128 128 2020-05-05  114715  191541
129 129 2020-05-06  125218  199063
130 130 2020-05-07  135106  206866
131 131 2020-05-08  145328  214961
132 132 2020-05-09  155939  223356
133 133 2020-05-10  162699  232061
134 134 2020-05-11  168331  241087
135 135 2020-05-12  177589  250443
136 136 2020-05-13  188974  260141
137 137 2020-05-14  202918  270190
138 138 2020-05-15  218223  280602
139 139 2020-05-16  233142  291389
140 140 2020-05-17  241080  302560
141 141 2020-05-18  254220  314129
142 142 2020-05-19  271628  326105
143 143 2020-05-20  291579  338502
144 144 2020-05-21  310087  351331
145 145 2020-05-22  330890  364605
146 146 2020-05-23  347398  378334
147 147 2020-05-24  363211  392532
148 148 2020-05-25  374898  407211
149 149 2020-05-26  391222  422383
150 150 2020-05-27  411821  438061
151 151 2020-05-28  438238  454257
152 152 2020-05-29  465166  470983
153 153 2020-05-30  498440  488252
154 154 2020-05-31  514849  506075
155 155 2020-06-01  526447  524465
156 156 2020-06-02  555383  543433
157 157 2020-06-03  584016  562992
158 158 2020-06-04  614932  583152
159 159 2020-06-05  645762  603925
160 160 2020-06-06  672837  625322
161 161 2020-06-07  691758  647352
162 162 2020-06-08  707412  670027
163 163 2020-06-09  739503  693354
164 164 2020-06-10  772416  717344
165 165 2020-06-11  802828  742004
166 166 2020-06-12  828810  767342
167 167 2020-06-13  850514  793366
168 168 2020-06-14  867624  820081
169 169 2020-06-15  888271  847493
170 170 2020-06-16  923189  875606
171 171 2020-06-17  955377  904425
172 172 2020-06-18  978142  933951
173 173 2020-06-19 1032913  964187
174 174 2020-06-20 1067579  995132
175 175 2020-06-21 1085038 1026787
176 176 2020-06-22 1106470 1059149
177 177 2020-06-23 1145906 1092215
178 178 2020-06-24 1188631 1125981
179 179 2020-06-25 1228114 1160441
180 180 2020-06-26 1274974 1195588
181 181 2020-06-27 1313667 1231413
182 182 2020-06-28 1344143 1267906
183 183 2020-06-29 1368195 1305057
184 184 2020-06-30 1402041 1342851
185 185 2020-07-01 1448753 1381274
186 186 2020-07-02 1496858 1420311
187 187 2020-07-03 1539081 1459943
188 188 2020-07-04 1577004 1500153
189 189 2020-07-05 1603055 1540918
190 190 2020-07-06 1623284 1582217
191 191 2020-07-07 1668589 1624026
192 192 2020-07-08 1713160 1666321
193 193 2020-07-09 1755779 1709076
194 194 2020-07-10 1800827 1752261
195 195 2020-07-11 1839850 1795850
196 196 2020-07-12 1864681 1839811
197 197 2020-07-13 1884967 1884113
198 198 2020-07-14 1926824 1928724
199 199 2020-07-15 1966748 1973610
200 200 2020-07-16 2012151 2018739
201 201 2020-07-17 2046328 2064074
202 202 2020-07-18 2074860 2109580
203 203 2020-07-19 2098389 2155222
204 204 2020-07-20 2118646 2200962
205 205 2020-07-21 2159654 2246764
206 206 2020-07-22 2227514 2292591
207 207 2020-07-23 2287475 2338405
208 208 2020-07-24 2343366 2384171
209 209 2020-07-25 2394513 2429850
210 210 2020-07-26 2419091 2475406
211 211 2020-07-27 2442375 2520803
212 212 2020-07-28 2483191 2566005
213 213 2020-07-29 2552265 2610978
214 214 2020-07-30 2610102 2655686
215 215 2020-07-31 2662485 2700096
216 216 2020-08-01 2707877 2744176
217 217 2020-08-02 2733677 2787894
218 218 2020-08-03 2750318 2831219
219 219 2020-08-04 2801921 2874122
220 220 2020-08-05 2859073 2916576
221 221 2020-08-06 2912212 2958552
222 222 2020-08-07 2962442 3000027
223 223 2020-08-08 3012412 3040975
224 224 2020-08-09 3035422 3081375
225 225 2020-08-10 3057470 3121204
226 226 2020-08-11 3109630 3160445
227 227 2020-08-12 3164785 3199078
228 228 2020-08-13 3224876 3237086
229 229 2020-08-14 3275520 3274456
230 230 2020-08-15 3317096 3311173
231 231 2020-08-16 3340197 3347226
232 232 2020-08-17 3359570 3382603
233 233 2020-08-18 3407354 3417296
234 234 2020-08-19 3456652 3451298
235 235 2020-08-20 3501975 3484601
236 236 2020-08-21 3532330 3517202
237 237 2020-08-22 3582362 3549096
238 238 2020-08-23 3605783 3580281
239 239 2020-08-24 3622861 3610757
240 240 2020-08-25 3669995 3640523
241 241 2020-08-26 3717156 3669581
242 242 2020-08-27 3761391 3697932
243 243 2020-08-28 3804803 3725581
244 244 2020-08-29 3846153 3752532
245 245 2020-08-30 3862311 3778788
246 246 2020-08-31 3862311 3804358

Intervalo de Confianca
              2.5%        97.5%
Asym 4474145.34942 4640438.4464
xmid     204.56119     206.8285
scal      24.36422      25.3405


Formula: x ~ SSlogis(day, Asym, xmid, scal)

Parameters:
         Estimate   Std. Error t value            Pr(>|t|)    
Asym 4554857.7773   42282.4667  107.72 <0.0000000000000002 ***
xmid     205.6692       0.5745  357.99 <0.0000000000000002 ***
scal      24.8471       0.2581   96.27 <0.0000000000000002 ***
---
Signif. codes:  0 ‘***’ 0.001 ‘**’ 0.01 ‘*’ 0.05 ‘.’ 0.1 ‘ ’ 1

Residual standard error: 44880 on 243 degrees of freedom

Number of iterations to convergence: 7 
Achieved convergence tolerance: 0.0000000149


Brazil: o primeiro caso foi registrado em 25/02/2020 na data 31/08/2020 temos 188 dias desde o primeiro caso. A data de pico prevista pelo modelo logístico é 18/09/2020 (dia 206 desde os primeiros casos relatados).
Em 18/09/2020 o modelo estima 4554858+/-42282 casos. De acordo com o modelo ajustado temos 18 de infecçao pela frente.

Todos os dados gerados
    country       dias otimista casos_estimados pessimista estimativa_mortes casos_confirmados mortes_confirmadas latitude longitude
1    Brazil 2019-12-30     1140            1205       1270                38                 0                  0        0         0
2    Brazil 2019-12-31     1187            1255       1323                39                 0                  0        0         0
3    Brazil 2020-01-01     1235            1306       1377                41                 0                  0        0         0
4    Brazil 2020-01-02     1286            1360       1434                43                 0                  0        0         0
5    Brazil 2020-01-03     1338            1415       1492                44                 0                  0        0         0
6    Brazil 2020-01-04     1394            1474       1554                46                 0                  0        0         0
7    Brazil 2020-01-05     1451            1534       1617                48                 0                  0        0         0
8    Brazil 2020-01-06     1511            1597       1683                50                 0                  0        0         0
9    Brazil 2020-01-07     1573            1663       1753                52                 0                  0        0         0
10   Brazil 2020-01-08     1637            1731       1825                54                 0                  0        0         0
11   Brazil 2020-01-09     1704            1802       1900                56                 0                  0        0         0
12   Brazil 2020-01-10     1774            1876       1978                59                 0                  0        0         0
13   Brazil 2020-01-11     1847            1953       2059                61                 0                  0        0         0
14   Brazil 2020-01-12     1923            2033       2143                64                 0                  0        0         0
15   Brazil 2020-01-13     2002            2117       2232                66                 0                  0        0         0
16   Brazil 2020-01-14     2084            2203       2322                69                 0                  0        0         0
17   Brazil 2020-01-15     2170            2294       2418                72                 0                  0        0         0
18   Brazil 2020-01-16     2259            2388       2517                75                 0                  0        0         0
19   Brazil 2020-01-17     2351            2486       2621                78                 0                  0        0         0
20   Brazil 2020-01-18     2448            2588       2728                81                 0                  0        0         0
21   Brazil 2020-01-19     2548            2694       2840                84                 0                  0        0         0
22   Brazil 2020-01-20     2653            2805       2957                88                 0                  0        0         0
23   Brazil 2020-01-21     2762            2920       3078                91                 0                  0        0         0
24   Brazil 2020-01-22     2875            3040       3205                95                 0                  0        0         0
25   Brazil 2020-01-23     2994            3165       3336                99                 0                  0        0         0
26   Brazil 2020-01-24     3116            3294       3472               103                 0                  0        0         0
27   Brazil 2020-01-25     3244            3430       3616               107                 0                  0        0         0
28   Brazil 2020-01-26     3377            3570       3763               112                 0                  0        0         0
29   Brazil 2020-01-27     3516            3717       3918               116                 0                  0        0         0
30   Brazil 2020-01-28     3660            3869       4078               121                 0                  0        0         0
31   Brazil 2020-01-29     3810            4028       4246               126                 0                  0        0         0
32   Brazil 2020-01-30     3966            4193       4420               131                 0                  0        0         0
33   Brazil 2020-01-31     4129            4365       4601               137                 0                  0        0         0
34   Brazil 2020-02-01     4299            4545       4791               142                 0                  0        0         0
35   Brazil 2020-02-02     4475            4731       4987               148                 0                  0        0         0
36   Brazil 2020-02-03     4658            4925       5192               154                 0                  0        0         0
37   Brazil 2020-02-04     4849            5127       5405               160                 0                  0        0         0
38   Brazil 2020-02-05     5048            5337       5626               167                 0                  0        0         0
39   Brazil 2020-02-06     5255            5556       5857               174                 0                  0        0         0
40   Brazil 2020-02-07     5471            5784       6097               181                 0                  0        0         0
41   Brazil 2020-02-08     5695            6021       6347               188                 0                  0        0         0
42   Brazil 2020-02-09     5929            6268       6607               196                 0                  0        0         0
43   Brazil 2020-02-10     6172            6525       6878               204                 0                  0        0         0
44   Brazil 2020-02-11     6425            6793       7161               213                 0                  0        0         0
45   Brazil 2020-02-12     6689            7072       7455               221                 0                  0        0         0
46   Brazil 2020-02-13     6962            7361       7760               230                 0                  0        0         0
47   Brazil 2020-02-14     7248            7663       8078               240                 0                  0        0         0
48   Brazil 2020-02-15     7545            7977       8409               250                 0                  0        0         0
49   Brazil 2020-02-16     7854            8304       8754               260                 0                  0        0         0
50   Brazil 2020-02-17     8177            8645       9113               271                 0                  0        0         0
51   Brazil 2020-02-18     8512            8999       9486               282                 0                  0        0         0
52   Brazil 2020-02-19     8861            9368       9875               293                 0                  0        0         0
53   Brazil 2020-02-20     9224            9752      10280               305                 0                  0        0         0
54   Brazil 2020-02-21     9601           10151      10701               318                 0                  0        0         0
55   Brazil 2020-02-22     9995           10567      11139               331                 0                  0        0         0
56   Brazil 2020-02-23    10404           11000      11596               344                 0                  0        0         0
57   Brazil 2020-02-24    10831           11451      12071               358                 0                  0        0         0
58   Brazil 2020-02-25    11275           11920      12565               373                 1                  0        0         0
59   Brazil 2020-02-26    11736           12408      13080               388                 1                  0        0         0
60   Brazil 2020-02-27    12217           12916      13615               404                 1                  0        0         0
61   Brazil 2020-02-28    12717           13445      14173               421                 1                  0        0         0
62   Brazil 2020-02-29    13237           13995      14753               438                 2                  0        0         0
63   Brazil 2020-03-01    13779           14568      15357               456                 2                  0        0         0
64   Brazil 2020-03-02    14344           15165      15986               475                 2                  0        0         0
65   Brazil 2020-03-03    14930           15785      16640               494                 2                  0        0         0
66   Brazil 2020-03-04    15541           16431      17321               514                 3                  0        0         0
67   Brazil 2020-03-05    16177           17103      18029               535                 8                  0        0         0
68   Brazil 2020-03-06    16839           17803      18767               557                13                  0        0         0
69   Brazil 2020-03-07    17528           18531      19534               580                13                  0        0         0
70   Brazil 2020-03-08    18245           19289      20333               604                25                  0        0         0
71   Brazil 2020-03-09    18991           20078      21165               628                25                  0        0         0
72   Brazil 2020-03-10    19766           20898      22030               654                34                  0        0         0
73   Brazil 2020-03-11    20575           21753      22931               681                52                  0        0         0
74   Brazil 2020-03-12    21415           22641      23867               709                77                  0        0         0
75   Brazil 2020-03-13    22290           23566      24842               738                98                  0        0         0
76   Brazil 2020-03-14    23201           24529      25857               768               121                  0        0         0
77   Brazil 2020-03-15    24149           25531      26913               799               200                  0        0         0
78   Brazil 2020-03-16    25134           26573      28012               832               234                  1        0         0
79   Brazil 2020-03-17    26160           27658      29156               866               291                  4        0         0
80   Brazil 2020-03-18    27227           28786      30345               901               428                  6        0         0
81   Brazil 2020-03-19    28339           29961      31583               938               621                 11        0         0
82   Brazil 2020-03-20    29495           31183      32871               976               904                 18        0         0
83   Brazil 2020-03-21    30697           32454      34211              1016              1128                 25        0         0
84   Brazil 2020-03-22    31948           33777      35606              1057              1546                 34        0         0
85   Brazil 2020-03-23    33251           35154      37057              1100              1891                 46        0         0
86   Brazil 2020-03-24    34605           36586      38567              1145              2201                 57        0         0
87   Brazil 2020-03-25    36014           38076      40138              1192              2433                 77        0         0
88   Brazil 2020-03-26    37480           39626      41772              1240              2915                 92        0         0
89   Brazil 2020-03-27    39005           41238      43471              1291              3417                114        0         0
90   Brazil 2020-03-28    40592           42916      45240              1343              3904                136        0         0
91   Brazil 2020-03-29    42243           44661      47079              1398              4256                159        0         0
92   Brazil 2020-03-30    43960           46476      48992              1455              4579                201        0         0
93   Brazil 2020-03-31    45746           48365      50984              1514              5717                241        0         0
94   Brazil 2020-04-01    47604           50329      53054              1575              6836                299        0         0
95   Brazil 2020-04-02    49536           52372      55208              1639              7910                359        0         0
96   Brazil 2020-04-03    51546           54497      57448              1706              9056                432        0         0
97   Brazil 2020-04-04    53637           56707      59777              1775             10278                486        0         0
98   Brazil 2020-04-05    55811           59006      62201              1847             11130                553        0         0
99   Brazil 2020-04-06    58072           61396      64720              1922             12056                667        0         0
100  Brazil 2020-04-07    60423           63882      67341              2000             13717                800        0         0
101  Brazil 2020-04-08    62869           66468      70067              2081             15927                941        0         0
102  Brazil 2020-04-09    65411           69156      72901              2165             17857               1056        0         0
103  Brazil 2020-04-10    68055           71951      75847              2252             19638               1124        0         0
104  Brazil 2020-04-11    70804           74857      78910              2343             20727               1223        0         0
105  Brazil 2020-04-12    73662           77879      82096              2438             22169               1328        0         0
106  Brazil 2020-04-13    76633           81020      85407              2536             23430               1532        0         0
107  Brazil 2020-04-14    79722           84286      88850              2638             25262               1736        0         0
108  Brazil 2020-04-15    82933           87681      92429              2745             28320               1924        0         0
109  Brazil 2020-04-16    86270           91209      96148              2855             30425               2141        0         0
110  Brazil 2020-04-17    89740           94877     100014              2970             33682               2347        0         0
111  Brazil 2020-04-18    93345           98689     104033              3089             36599               2462        0         0
112  Brazil 2020-04-19    97092          102650     108208              3213             38654               2575        0         0
113  Brazil 2020-04-20   100986          106767     112548              3342             40581               2741        0         0
114  Brazil 2020-04-21   105032          111045     117058              3476             43079               2906        0         0
115  Brazil 2020-04-22   109236          115489     121742              3615             45757               3313        0         0
116  Brazil 2020-04-23   113604          120107     126610              3760             49492               3670        0         0
117  Brazil 2020-04-24   118141          124904     131667              3910             52995               4016        0         0
118  Brazil 2020-04-25   122855          129888     136921              4066             58509               4205        0         0
119  Brazil 2020-04-26   127750          135063     142376              4228             61888               4543        0         0
120  Brazil 2020-04-27   132835          140439     148043              4396             66501               5017        0         0
121  Brazil 2020-04-28   138115          146022     153929              4571             71886               5466        0         0
122  Brazil 2020-04-29   143598          151818     160038              4752             78162               5901        0         0
123  Brazil 2020-04-30   149291          157837     166383              4941             85380               6329        0         0
124  Brazil 2020-05-01   155200          164085     172970              5136             91589               6750        0         0
125  Brazil 2020-05-02   161336          170572     179808              5339             96559               7025        0         0
126  Brazil 2020-05-03   167704          177304     186904              5550            101147               7321        0         0
127  Brazil 2020-05-04   174312          184291     194270              5769            107780               7921        0         0
128  Brazil 2020-05-05   181170          191541     201912              5996            114715               8536        0         0
129  Brazil 2020-05-06   188285          199063     209841              6231            125218               9146        0         0
130  Brazil 2020-05-07   195665          206866     218067              6475            135106               9897        0         0
131  Brazil 2020-05-08   203322          214961     226600              6729            145328              10627        0         0
132  Brazil 2020-05-09   211262          223356     235450              6991            155939              11123        0         0
133  Brazil 2020-05-10   219496          232061     244626              7264            162699              11519        0         0
134  Brazil 2020-05-11   228033          241087     254141              7546            168331              12400        0         0
135  Brazil 2020-05-12   236882          250443     264004              7839            177589              13149        0         0
136  Brazil 2020-05-13   246055          260141     274227              8143            188974              13993        0         0
137  Brazil 2020-05-14   255560          270190     284820              8457            202918              14817        0         0
138  Brazil 2020-05-15   265408          280602     295796              8783            218223              15633        0         0
139  Brazil 2020-05-16   275611          291389     307167              9121            233142              16118        0         0
140  Brazil 2020-05-17   286178          302560     318942              9471            241080              16792        0         0
141  Brazil 2020-05-18   297120          314129     331138              9833            254220              17971        0         0
142  Brazil 2020-05-19   308448          326105     343762             10208            271628              18859        0         0
143  Brazil 2020-05-20   320173          338502     356831             10596            291579              20047        0         0
144  Brazil 2020-05-21   332308          351331     370354             10997            310087              21048        0         0
145  Brazil 2020-05-22   344863          364605     384347             11413            330890              22013        0         0
146  Brazil 2020-05-23   357849          378334     398819             11842            347398              22666        0         0
147  Brazil 2020-05-24   371278          392532     413786             12287            363211              23473        0         0
148  Brazil 2020-05-25   385162          407211     429260             12746            374898              24512        0         0
149  Brazil 2020-05-26   399513          422383     445253             13221            391222              25598        0         0
150  Brazil 2020-05-27   414342          438061     461780             13712            411821              26754        0         0
151  Brazil 2020-05-28   429661          454257     478853             14219            438238              27878        0         0
152  Brazil 2020-05-29   445481          470983     496485             14742            465166              28834        0         0
153  Brazil 2020-05-30   461815          488252     514689             15283            498440              29314        0         0
154  Brazil 2020-05-31   478673          506075     533477             15841            514849              29937        0         0
155  Brazil 2020-06-01   496067          524465     552863             16417            526447              31199        0         0
156  Brazil 2020-06-02   514008          543433     572858             17010            555383              32548        0         0
157  Brazil 2020-06-03   532508          562992     593476             17622            584016              34021        0         0
158  Brazil 2020-06-04   551577          583152     614727             18254            614932              35026        0         0
159  Brazil 2020-06-05   571225          603925     636625             18904            645762              35930        0         0
160  Brazil 2020-06-06   591463          625322     659181             19573            672837              36455        0         0
161  Brazil 2020-06-07   612300          647352     682404             20263            691758              37134        0         0
162  Brazil 2020-06-08   633748          670027     706306             20973            707412              38406        0         0
163  Brazil 2020-06-09   655812          693354     730896             21703            739503              39680        0         0
164  Brazil 2020-06-10   678503          717344     756185             22454            772416              40919        0         0
165  Brazil 2020-06-11   701827          742004     782181             23226            802828              41828        0         0
166  Brazil 2020-06-12   725793          767342     808891             24019            828810              42720        0         0
167  Brazil 2020-06-13   750408          793366     836324             24834            850514              43332        0         0
168  Brazil 2020-06-14   775677          820081     864485             25670            867624              43959        0         0
169  Brazil 2020-06-15   801605          847493     893381             26528            888271              45241        0         0
170  Brazil 2020-06-16   828195          875606     923017             27408            923189              46510        0         0
171  Brazil 2020-06-17   855454          904425     953396             28310            955377              47748        0         0
172  Brazil 2020-06-18   883381          933951     984521             29234            978142              48954        0         0
173  Brazil 2020-06-19   911980          964187    1016394             30180           1032913              49976        0         0
174  Brazil 2020-06-20   941249          995132    1049015             31149           1067579              50617        0         0
175  Brazil 2020-06-21   971190         1026787    1082384             32140           1085038              51271        0         0
176  Brazil 2020-06-22  1001800         1059149    1116498             33153           1106470              52645        0         0
177  Brazil 2020-06-23  1033076         1092215    1151354             34188           1145906              53830        0         0
178  Brazil 2020-06-24  1065014         1125981    1186948             35245           1188631              54971        0         0
179  Brazil 2020-06-25  1097608         1160441    1223274             36324           1228114              55961        0         0
180  Brazil 2020-06-26  1130852         1195588    1260324             37424           1274974              57070        0         0
181  Brazil 2020-06-27  1164737         1231413    1298089             38545           1313667              57622        0         0
182  Brazil 2020-06-28  1199254         1267906    1336558             39687           1344143              58314        0         0
183  Brazil 2020-06-29  1234393         1305057    1375721             40850           1368195              59594        0         0
184  Brazil 2020-06-30  1270141         1342851    1415561             42033           1402041              60632        0         0
185  Brazil 2020-07-01  1306483         1381274    1456065             43236           1448753              61884        0         0
186  Brazil 2020-07-02  1343407         1420311    1497215             44458           1496858              63174        0         0
187  Brazil 2020-07-03  1380893         1459943    1538993             45698           1539081              64265        0         0
188  Brazil 2020-07-04  1418926         1500153    1581380             46957           1577004              64867        0         0
189  Brazil 2020-07-05  1457483         1540918    1624353             48233           1603055              65487        0         0
190  Brazil 2020-07-06  1496546         1582217    1667888             49526           1623284              66741        0         0
191  Brazil 2020-07-07  1536091         1624026    1711961             50834           1668589              67964        0         0
192  Brazil 2020-07-08  1576096         1666321    1756546             52158           1713160              69184        0         0
193  Brazil 2020-07-09  1616536         1709076    1801616             53497           1755779              70398        0         0
194  Brazil 2020-07-10  1657383         1752261    1847139             54848           1800827              71469        0         0
195  Brazil 2020-07-11  1698612         1795850    1893088             56213           1839850              72100        0         0
196  Brazil 2020-07-12  1740192         1839811    1939430             57589           1864681              72833        0         0
197  Brazil 2020-07-13  1782096         1884113    1986130             58976           1884967              74133        0         0
198  Brazil 2020-07-14  1824291         1928724    2033157             60372           1926824              75366        0         0
199  Brazil 2020-07-15  1866747         1973610    2080473             61777           1966748              76688        0         0
200  Brazil 2020-07-16  1909432         2018739    2128046             63189           2012151              77851        0         0
201  Brazil 2020-07-17  1952312         2064074    2175836             64609           2046328              78772        0         0
202  Brazil 2020-07-18  1995354         2109580    2223806             66033           2074860              79488        0         0
203  Brazil 2020-07-19  2038525         2155222    2271919             67462           2098389              80120        0         0
204  Brazil 2020-07-20  2081788         2200962    2320136             68893           2118646              81487        0         0
205  Brazil 2020-07-21  2125110         2246764    2368418             70327           2159654              82771        0         0
206  Brazil 2020-07-22  2168456         2292591    2416726             71761           2227514              84082        0         0
207  Brazil 2020-07-23  2211789         2338405    2465021             73196           2287475              85238        0         0
208  Brazil 2020-07-24  2255077         2384171    2513265             74628           2343366              86449        0         0
209  Brazil 2020-07-25  2298283         2429850    2561417             76058           2394513              87004        0         0
210  Brazil 2020-07-26  2341372         2475406    2609440             77484           2419091              87618        0         0
211  Brazil 2020-07-27  2384311         2520803    2657295             78905           2442375              88539        0         0
212  Brazil 2020-07-28  2427066         2566005    2704944             80320           2483191              90134        0         0
213  Brazil 2020-07-29  2469604         2610978    2752352             81727           2552265              91263        0         0
214  Brazil 2020-07-30  2511891         2655686    2799481             83127           2610102              92475        0         0
215  Brazil 2020-07-31  2553896         2700096    2846296             84517           2662485              93563        0         0
216  Brazil 2020-08-01  2595590         2744176    2892762             85897           2707877              94104        0         0
217  Brazil 2020-08-02  2636940         2787894    2938848             87265           2733677              94665        0         0
218  Brazil 2020-08-03  2677920         2831219    2984518             88621           2750318              95819        0         0
219  Brazil 2020-08-04  2718499         2874122    3029745             89964           2801921              97256        0         0
220  Brazil 2020-08-05  2758655         2916576    3074497             91293           2859073              98493        0         0
221  Brazil 2020-08-06  2798358         2958552    3118746             92607           2912212              99572        0         0
222  Brazil 2020-08-07  2837587         3000027    3162467             93905           2962442             100477        0         0
223  Brazil 2020-08-08  2876318         3040975    3205632             95187           3012412             101049        0         0
224  Brazil 2020-08-09  2914531         3081375    3248219             96452           3035422             101752        0         0
225  Brazil 2020-08-10  2952203         3121204    3290205             97698           3057470             103026        0         0
226  Brazil 2020-08-11  2989319         3160445    3331571             98927           3109630             104201        0         0
227  Brazil 2020-08-12  3025860         3199078    3372296            100136           3164785             105463        0         0
228  Brazil 2020-08-13  3061810         3237086    3412362            101326           3224876             106523        0         0
229  Brazil 2020-08-14  3097157         3274456    3451755            102495           3275520             107232        0         0
230  Brazil 2020-08-15  3131886         3311173    3490460            103645           3317096             107852        0         0
231  Brazil 2020-08-16  3165987         3347226    3528465            104773           3340197             108536        0         0
232  Brazil 2020-08-17  3199448         3382603    3565758            105880           3359570             109888        0         0
233  Brazil 2020-08-18  3232263         3417296    3602329            106966           3407354             111100        0         0
234  Brazil 2020-08-19  3264424         3451298    3638172            108031           3456652             112304        0         0
235  Brazil 2020-08-20  3295923         3484601    3673279            109073           3501975             113358        0         0
236  Brazil 2020-08-21  3326759         3517202    3707645            110094           3532330             114250        0         0
237  Brazil 2020-08-22  3356926         3549096    3741266            111092           3582362             114744        0         0
238  Brazil 2020-08-23  3386423         3580281    3774139            112068           3605783             115309        0         0
239  Brazil 2020-08-24  3415249         3610757    3806265            113022           3622861             116580        0         0
240  Brazil 2020-08-25  3443403         3640523    3837643            113954           3669995             117665        0         0
241  Brazil 2020-08-26  3470887         3669581    3868275            114863           3717156             118649        0         0
242  Brazil 2020-08-27  3497703         3697932    3898161            115751           3761391             119504        0         0
243  Brazil 2020-08-28  3523855         3725581    3927307            116616           3804803             120462        0         0
244  Brazil 2020-08-29  3549347         3752532    3955717            117460           3846153             120828        0         0
245  Brazil 2020-08-30  3574181         3778788    3983395            118282           3862311             120896        0         0
246  Brazil 2020-08-31  3598367         3804358    4010349            119082           3862311             120896        0         0
247  Brazil 2020-09-01  3621908         3829247    4036586            119861                NA                 NA        0         0
248  Brazil 2020-09-02  3644812         3853462    4062112            120619                NA                 NA        0         0
249  Brazil 2020-09-03  3667088         3877013    4086938            121356                NA                 NA        0         0
250  Brazil 2020-09-04  3688742         3899907    4111072            122073                NA                 NA        0         0
251  Brazil 2020-09-05  3709785         3922154    4134523            122769                NA                 NA        0         0
252  Brazil 2020-09-06  3730225         3943764    4157303            123446                NA                 NA        0         0
253  Brazil 2020-09-07  3750071         3964747    4179423            124102                NA                 NA        0         0
254  Brazil 2020-09-08  3769335         3985113    4200891            124740                NA                 NA        0         0
255  Brazil 2020-09-09  3788026         4004874    4221722            125358                NA                 NA        0         0
256  Brazil 2020-09-10  3806155         4024041    4241927            125958                NA                 NA        0         0

Fontes:
	OMS - https://ourworldindata.org/coronavirus-source-data
	Worldometers - https://www.worldometers.info/coronavirus