
 Italy 
Projecao:  10  dias
Gerado em:  2020-06-07 11:22:56
RMSE(%):  5.7 , BIAS(%): 1.25

Taxa de Mortalidade 14.41 %

    country       dias otimista casos_estimados pessimista estimativa_mortes casos_confirmados mortes_confirmadas latitude longitude
152   Italy 2020-05-29   214377          227329     240281             32769            232248              33340 41.87194  12.56738
153   Italy 2020-05-30   214486          227444     240402             32786            232664              33415 41.87194  12.56738
154   Italy 2020-05-31   214585          227549     240513             32801            233019              33475 41.87194  12.56738
155   Italy 2020-06-01   214675          227644     240613             32814            233197              33530 41.87194  12.56738
156   Italy 2020-06-02   214757          227731     240705             32827            233515              33601 41.87194  12.56738
157   Italy 2020-06-03   214831          227810     240789             32838            233836              33689 41.87194  12.56738
158   Italy 2020-06-04   214899          227882     240865             32849            234013              33774 41.87194  12.56738
159   Italy 2020-06-05   214961          227948     240935             32858            234531              33846 41.87194  12.56738
160   Italy 2020-06-06   215018          228008     240998             32867            234801              33846 41.87194  12.56738
161   Italy 2020-06-07   215070          228063     241056             32875            234801              33846 41.87194  12.56738
162   Italy 2020-06-08   215117          228113     241109             32882                NA                 NA 41.87194  12.56738
163   Italy 2020-06-09   215160          228159     241158             32889                NA                 NA 41.87194  12.56738
164   Italy 2020-06-10   215199          228200     241201             32894                NA                 NA 41.87194  12.56738
165   Italy 2020-06-11   215235          228238     241241             32900                NA                 NA 41.87194  12.56738
166   Italy 2020-06-12   215267          228272     241277             32905                NA                 NA 41.87194  12.56738
167   Italy 2020-06-13   215297          228304     241311             32909                NA                 NA 41.87194  12.56738
168   Italy 2020-06-14   215323          228332     241341             32914                NA                 NA 41.87194  12.56738
169   Italy 2020-06-15   215349          228359     241369             32917                NA                 NA 41.87194  12.56738
170   Italy 2020-06-16   215370          228382     241394             32921                NA                 NA 41.87194  12.56738
171   Italy 2020-06-17   215391          228404     241417             32924                NA                 NA 41.87194  12.56738

Total de casos no mundo:  7021202 2260109 1117337 2091656 1355559 186950 8870 721 7021202

Estimados a partir dos dados da OMS:
    day       date      x   xest
1     1 2019-12-30      0     32
2     2 2019-12-31      0     35
3     3 2020-01-01      0     38
4     4 2020-01-02      0     42
5     5 2020-01-03      0     46
6     6 2020-01-04      0     51
7     7 2020-01-05      0     56
8     8 2020-01-06      0     61
9     9 2020-01-07      0     67
10   10 2020-01-08      0     74
11   11 2020-01-09      0     81
12   12 2020-01-10      0     89
13   13 2020-01-11      0     98
14   14 2020-01-12      0    107
15   15 2020-01-13      0    117
16   16 2020-01-14      0    129
17   17 2020-01-15      0    141
18   18 2020-01-16      0    155
19   19 2020-01-17      0    170
20   20 2020-01-18      0    187
21   21 2020-01-19      0    205
22   22 2020-01-20      0    225
23   23 2020-01-21      0    247
24   24 2020-01-22      0    271
25   25 2020-01-23      0    297
26   26 2020-01-24      0    326
27   27 2020-01-25      0    358
28   28 2020-01-26      0    393
29   29 2020-01-27      0    431
30   30 2020-01-28      0    473
31   31 2020-01-29      0    519
32   32 2020-01-30      3    570
33   33 2020-01-31      3    625
34   34 2020-02-01      3    686
35   35 2020-02-02      3    752
36   36 2020-02-03      3    825
37   37 2020-02-04      3    905
38   38 2020-02-05      3    993
39   39 2020-02-06      3   1090
40   40 2020-02-07      3   1195
41   41 2020-02-08      3   1311
42   42 2020-02-09      3   1438
43   43 2020-02-10      3   1577
44   44 2020-02-11      3   1730
45   45 2020-02-12      3   1897
46   46 2020-02-13      3   2080
47   47 2020-02-14      3   2281
48   48 2020-02-15      3   2500
49   49 2020-02-16      3   2741
50   50 2020-02-17      3   3005
51   51 2020-02-18      3   3293
52   52 2020-02-19      3   3609
53   53 2020-02-20      3   3955
54   54 2020-02-21     17   4333
55   55 2020-02-22     79   4747
56   56 2020-02-23    132   5199
57   57 2020-02-24    229   5693
58   58 2020-02-25    322   6232
59   59 2020-02-26    400   6821
60   60 2020-02-27    650   7464
61   61 2020-02-28    888   8166
62   62 2020-02-29   1128   8930
63   63 2020-03-01   1689   9763
64   64 2020-03-02   2036  10670
65   65 2020-03-03   2502  11657
66   66 2020-03-04   3089  12730
67   67 2020-03-05   3858  13895
68   68 2020-03-06   4636  15159
69   69 2020-03-07   5883  16530
70   70 2020-03-08   7375  18014
71   71 2020-03-09   9172  19618
72   72 2020-03-10  10149  21352
73   73 2020-03-11  12462  23221
74   74 2020-03-12  15113  25234
75   75 2020-03-13  17660  27398
76   76 2020-03-14  21157  29721
77   77 2020-03-15  23980  32209
78   78 2020-03-16  27980  34869
79   79 2020-03-17  31506  37707
80   80 2020-03-18  35713  40727
81   81 2020-03-19  41035  43933
82   82 2020-03-20  47021  47328
83   83 2020-03-21  53578  50913
84   84 2020-03-22  59138  54687
85   85 2020-03-23  63927  58650
86   86 2020-03-24  69176  62795
87   87 2020-03-25  74386  67118
88   88 2020-03-26  80539  71610
89   89 2020-03-27  86498  76260
90   90 2020-03-28  92472  81057
91   91 2020-03-29  97689  85985
92   92 2020-03-30 101739  91028
93   93 2020-03-31 105792  96167
94   94 2020-04-01 110574 101383
95   95 2020-04-02 115242 106654
96   96 2020-04-03 119827 111957
97   97 2020-04-04 124632 117271
98   98 2020-04-05 128948 122572
99   99 2020-04-06 132547 127838
100 100 2020-04-07 135586 133046
101 101 2020-04-08 139422 138175
102 102 2020-04-09 143626 143206
103 103 2020-04-10 147577 148120
104 104 2020-04-11 152271 152901
105 105 2020-04-12 156363 157534
106 106 2020-04-13 159516 162007
107 107 2020-04-14 162488 166310
108 108 2020-04-15 165155 170435
109 109 2020-04-16 168941 174376
110 110 2020-04-17 172434 178130
111 111 2020-04-18 175925 181693
112 112 2020-04-19 178972 185066
113 113 2020-04-20 181228 188251
114 114 2020-04-21 183957 191250
115 115 2020-04-22 187327 194067
116 116 2020-04-23 189973 196708
117 117 2020-04-24 192994 199177
118 118 2020-04-25 195351 201481
119 119 2020-04-26 197675 203628
120 120 2020-04-27 199414 205625
121 121 2020-04-28 201505 207478
122 122 2020-04-29 203591 209196
123 123 2020-04-30 205463 210787
124 124 2020-05-01 207428 212258
125 125 2020-05-02 209328 213616
126 126 2020-05-03 210717 214868
127 127 2020-05-04 211938 216023
128 128 2020-05-05 213013 217085
129 129 2020-05-06 214457 218063
130 130 2020-05-07 215858 218961
131 131 2020-05-08 217185 219786
132 132 2020-05-09 218268 220544
133 133 2020-05-10 219070 221238
134 134 2020-05-11 219814 221875
135 135 2020-05-12 221216 222458
136 136 2020-05-13 222104 222992
137 137 2020-05-14 223096 223481
138 138 2020-05-15 223885 223929
139 139 2020-05-16 224760 224338
140 140 2020-05-17 225435 224713
141 141 2020-05-18 225886 225055
142 142 2020-05-19 226699 225367
143 143 2020-05-20 227364 225653
144 144 2020-05-21 228006 225914
145 145 2020-05-22 228658 226152
146 146 2020-05-23 229327 226370
147 147 2020-05-24 229858 226568
148 148 2020-05-25 230158 226750
149 149 2020-05-26 230555 226915
150 150 2020-05-27 231139 227066
151 151 2020-05-28 231732 227204
152 152 2020-05-29 232248 227329
153 153 2020-05-30 232664 227444
154 154 2020-05-31 233019 227549
155 155 2020-06-01 233197 227644
156 156 2020-06-02 233515 227731
157 157 2020-06-03 233836 227810
158 158 2020-06-04 234013 227882
159 159 2020-06-05 234531 227948
160 160 2020-06-06 234801 228008
161 161 2020-06-07 234801 228063

Intervalo de Confianca
             2.5%        97.5%
Asym 226570.73573 230721.14284
xmid     95.96043     96.93209
scal     10.37788     11.13958


Formula: x ~ SSlogis(day, Asym, xmid, scal)

Parameters:
        Estimate  Std. Error t value            Pr(>|t|)    
Asym 228626.7565   1016.3931   224.9 <0.0000000000000002 ***
xmid     96.4434      0.2332   413.5 <0.0000000000000002 ***
scal     10.7542      0.1948    55.2 <0.0000000000000002 ***
---
Signif. codes:  0 ‘***’ 0.001 ‘**’ 0.01 ‘*’ 0.05 ‘.’ 0.1 ‘ ’ 1

Residual standard error: 5249 on 158 degrees of freedom

Number of iterations to convergence: 9 
Achieved convergence tolerance: 0.0000000149


Italy: o primeiro caso foi registrado em 30/01/2020 na data 07/06/2020 temos 129 dias desde o primeiro caso. A data de pico prevista pelo modelo logístico foi 05/05/2020 (dia 96 desde os primeiros casos relatados).
Em 05/05/2020 o modelo estimou 228627+/-1016 casos.

Todos os dados gerados
    country       dias otimista casos_estimados pessimista estimativa_mortes casos_confirmados mortes_confirmadas latitude longitude
1     Italy 2019-12-30       30              32         34                 5                 0                  0 41.87194  12.56738
2     Italy 2019-12-31       33              35         37                 5                 0                  0 41.87194  12.56738
3     Italy 2020-01-01       36              38         40                 5                 0                  0 41.87194  12.56738
4     Italy 2020-01-02       40              42         44                 6                 0                  0 41.87194  12.56738
5     Italy 2020-01-03       43              46         49                 7                 0                  0 41.87194  12.56738
6     Italy 2020-01-04       48              51         54                 7                 0                  0 41.87194  12.56738
7     Italy 2020-01-05       53              56         59                 8                 0                  0 41.87194  12.56738
8     Italy 2020-01-06       58              61         64                 9                 0                  0 41.87194  12.56738
9     Italy 2020-01-07       63              67         71                10                 0                  0 41.87194  12.56738
10    Italy 2020-01-08       70              74         78                11                 0                  0 41.87194  12.56738
11    Italy 2020-01-09       76              81         86                12                 0                  0 41.87194  12.56738
12    Italy 2020-01-10       84              89         94                13                 0                  0 41.87194  12.56738
13    Italy 2020-01-11       92              98        104                14                 0                  0 41.87194  12.56738
14    Italy 2020-01-12      101             107        113                15                 0                  0 41.87194  12.56738
15    Italy 2020-01-13      110             117        124                17                 0                  0 41.87194  12.56738
16    Italy 2020-01-14      122             129        136                19                 0                  0 41.87194  12.56738
17    Italy 2020-01-15      133             141        149                20                 0                  0 41.87194  12.56738
18    Italy 2020-01-16      146             155        164                22                 0                  0 41.87194  12.56738
19    Italy 2020-01-17      160             170        180                25                 0                  0 41.87194  12.56738
20    Italy 2020-01-18      176             187        198                27                 0                  0 41.87194  12.56738
21    Italy 2020-01-19      193             205        217                30                 0                  0 41.87194  12.56738
22    Italy 2020-01-20      212             225        238                32                 0                  0 41.87194  12.56738
23    Italy 2020-01-21      233             247        261                36                 0                  0 41.87194  12.56738
24    Italy 2020-01-22      256             271        286                39                 0                  0 41.87194  12.56738
25    Italy 2020-01-23      280             297        314                43                 0                  0 41.87194  12.56738
26    Italy 2020-01-24      307             326        345                47                 0                  0 41.87194  12.56738
27    Italy 2020-01-25      338             358        378                52                 0                  0 41.87194  12.56738
28    Italy 2020-01-26      371             393        415                57                 0                  0 41.87194  12.56738
29    Italy 2020-01-27      406             431        456                62                 0                  0 41.87194  12.56738
30    Italy 2020-01-28      446             473        500                68                 0                  0 41.87194  12.56738
31    Italy 2020-01-29      489             519        549                75                 0                  0 41.87194  12.56738
32    Italy 2020-01-30      538             570        602                82                 3                  0 41.87194  12.56738
33    Italy 2020-01-31      589             625        661                90                 3                  0 41.87194  12.56738
34    Italy 2020-02-01      647             686        725                99                 3                  0 41.87194  12.56738
35    Italy 2020-02-02      709             752        795               108                 3                  0 41.87194  12.56738
36    Italy 2020-02-03      778             825        872               119                 3                  0 41.87194  12.56738
37    Italy 2020-02-04      853             905        957               130                 3                  0 41.87194  12.56738
38    Italy 2020-02-05      936             993       1050               143                 3                  0 41.87194  12.56738
39    Italy 2020-02-06     1028            1090       1152               157                 3                  0 41.87194  12.56738
40    Italy 2020-02-07     1127            1195       1263               172                 3                  0 41.87194  12.56738
41    Italy 2020-02-08     1236            1311       1386               189                 3                  0 41.87194  12.56738
42    Italy 2020-02-09     1356            1438       1520               207                 3                  0 41.87194  12.56738
43    Italy 2020-02-10     1487            1577       1667               227                 3                  0 41.87194  12.56738
44    Italy 2020-02-11     1631            1730       1829               249                 3                  0 41.87194  12.56738
45    Italy 2020-02-12     1789            1897       2005               273                 3                  0 41.87194  12.56738
46    Italy 2020-02-13     1961            2080       2199               300                 3                  0 41.87194  12.56738
47    Italy 2020-02-14     2151            2281       2411               329                 3                  0 41.87194  12.56738
48    Italy 2020-02-15     2358            2500       2642               360                 3                  0 41.87194  12.56738
49    Italy 2020-02-16     2585            2741       2897               395                 3                  0 41.87194  12.56738
50    Italy 2020-02-17     2834            3005       3176               433                 3                  0 41.87194  12.56738
51    Italy 2020-02-18     3105            3293       3481               475                 3                  0 41.87194  12.56738
52    Italy 2020-02-19     3403            3609       3815               520                 3                  0 41.87194  12.56738
53    Italy 2020-02-20     3730            3955       4180               570                 3                  0 41.87194  12.56738
54    Italy 2020-02-21     4086            4333       4580               625                17                  2 41.87194  12.56738
55    Italy 2020-02-22     4477            4747       5017               684                79                  2 41.87194  12.56738
56    Italy 2020-02-23     4903            5199       5495               749               132                  6 41.87194  12.56738
57    Italy 2020-02-24     5369            5693       6017               821               229                 11 41.87194  12.56738
58    Italy 2020-02-25     5877            6232       6587               898               322                 12 41.87194  12.56738
59    Italy 2020-02-26     6432            6821       7210               983               400                 17 41.87194  12.56738
60    Italy 2020-02-27     7039            7464       7889              1076               650                 21 41.87194  12.56738
61    Italy 2020-02-28     7701            8166       8631              1177               888                 29 41.87194  12.56738
62    Italy 2020-02-29     8421            8930       9439              1287              1128                 35 41.87194  12.56738
63    Italy 2020-03-01     9207            9763      10319              1407              1689                 52 41.87194  12.56738
64    Italy 2020-03-02    10062           10670      11278              1538              2036                 80 41.87194  12.56738
65    Italy 2020-03-03    10993           11657      12321              1680              2502                107 41.87194  12.56738
66    Italy 2020-03-04    12005           12730      13455              1835              3089                148 41.87194  12.56738
67    Italy 2020-03-05    13103           13895      14687              2003              3858                197 41.87194  12.56738
68    Italy 2020-03-06    14295           15159      16023              2185              4636                233 41.87194  12.56738
69    Italy 2020-03-07    15588           16530      17472              2383              5883                366 41.87194  12.56738
70    Italy 2020-03-08    16988           18014      19040              2597              7375                464 41.87194  12.56738
71    Italy 2020-03-09    18500           19618      20736              2828              9172                631 41.87194  12.56738
72    Italy 2020-03-10    20136           21352      22568              3078             10149                827 41.87194  12.56738
73    Italy 2020-03-11    21898           23221      24544              3347             12462               1016 41.87194  12.56738
74    Italy 2020-03-12    23796           25234      26672              3637             15113               1268 41.87194  12.56738
75    Italy 2020-03-13    25837           27398      28959              3949             17660               1441 41.87194  12.56738
76    Italy 2020-03-14    28028           29721      31414              4284             21157               1811 41.87194  12.56738
77    Italy 2020-03-15    30374           32209      34044              4643             23980               2158 41.87194  12.56738
78    Italy 2020-03-16    32882           34869      36856              5026             27980               2505 41.87194  12.56738
79    Italy 2020-03-17    35559           37707      39855              5435             31506               2978 41.87194  12.56738
80    Italy 2020-03-18    38407           40727      43047              5871             35713               3407 41.87194  12.56738
81    Italy 2020-03-19    41430           43933      46436              6333             41035               4032 41.87194  12.56738
82    Italy 2020-03-20    44632           47328      50024              6822             47021               4827 41.87194  12.56738
83    Italy 2020-03-21    48012           50913      53814              7339             53578               5476 41.87194  12.56738
84    Italy 2020-03-22    51571           54687      57803              7883             59138               6077 41.87194  12.56738
85    Italy 2020-03-23    55309           58650      61991              8454             63927               6820 41.87194  12.56738
86    Italy 2020-03-24    59217           62795      66373              9052             69176               7505 41.87194  12.56738
87    Italy 2020-03-25    63294           67118      70942              9675             74386               8165 41.87194  12.56738
88    Italy 2020-03-26    67530           71610      75690             10322             80539               9136 41.87194  12.56738
89    Italy 2020-03-27    71915           76260      80605             10993             86498              10023 41.87194  12.56738
90    Italy 2020-03-28    76439           81057      85675             11684             92472              10781 41.87194  12.56738
91    Italy 2020-03-29    81086           85985      90884             12395             97689              11591 41.87194  12.56738
92    Italy 2020-03-30    85842           91028      96214             13121            101739              12430 41.87194  12.56738
93    Italy 2020-03-31    90688           96167     101646             13862            105792              13157 41.87194  12.56738
94    Italy 2020-04-01    95607          101383     107159             14614            110574              13917 41.87194  12.56738
95    Italy 2020-04-02   100578          106654     112730             15374            115242              14681 41.87194  12.56738
96    Italy 2020-04-03   105579          111957     118335             16138            119827              15362 41.87194  12.56738
97    Italy 2020-04-04   110590          117271     123952             16904            124632              15889 41.87194  12.56738
98    Italy 2020-04-05   115589          122572     129555             17668            128948              16525 41.87194  12.56738
99    Italy 2020-04-06   120555          127838     135121             18428            132547              17129 41.87194  12.56738
100   Italy 2020-04-07   125466          133046     140626             19178            135586              17669 41.87194  12.56738
101   Italy 2020-04-08   130303          138175     146047             19918            139422              18281 41.87194  12.56738
102   Italy 2020-04-09   135047          143206     151365             20643            143626              18851 41.87194  12.56738
103   Italy 2020-04-10   139681          148120     156559             21351            147577              19470 41.87194  12.56738
104   Italy 2020-04-11   144190          152901     161612             22040            152271              19901 41.87194  12.56738
105   Italy 2020-04-12   148559          157534     166509             22708            156363              20465 41.87194  12.56738
106   Italy 2020-04-13   152777          162007     171237             23353            159516              21069 41.87194  12.56738
107   Italy 2020-04-14   156835          166310     175785             23973            162488              21647 41.87194  12.56738
108   Italy 2020-04-15   160725          170435     180145             24568            165155              22172 41.87194  12.56738
109   Italy 2020-04-16   164441          174376     184311             25136            168941              22747 41.87194  12.56738
110   Italy 2020-04-17   167981          178130     188279             25677            172434              23227 41.87194  12.56738
111   Italy 2020-04-18   171341          181693     192045             26191            175925              23660 41.87194  12.56738
112   Italy 2020-04-19   174522          185066     195610             26677            178972              24114 41.87194  12.56738
113   Italy 2020-04-20   177526          188251     198976             27136            181228              24648 41.87194  12.56738
114   Italy 2020-04-21   180354          191250     202146             27568            183957              25085 41.87194  12.56738
115   Italy 2020-04-22   183011          194067     205123             27974            187327              25549 41.87194  12.56738
116   Italy 2020-04-23   185501          196708     207915             28355            189973              25969 41.87194  12.56738
117   Italy 2020-04-24   187829          199177     210525             28711            192994              26384 41.87194  12.56738
118   Italy 2020-04-25   190002          201481     212960             29043            195351              26644 41.87194  12.56738
119   Italy 2020-04-26   192027          203628     215229             29352            197675              26977 41.87194  12.56738
120   Italy 2020-04-27   193910          205625     217340             29640            199414              27359 41.87194  12.56738
121   Italy 2020-04-28   195657          207478     219299             29907            201505              27682 41.87194  12.56738
122   Italy 2020-04-29   197278          209196     221114             30155            203591              27967 41.87194  12.56738
123   Italy 2020-04-30   198778          210787     222796             30384            205463              28236 41.87194  12.56738
124   Italy 2020-05-01   200165          212258     224351             30596            207428              28710 41.87194  12.56738
125   Italy 2020-05-02   201446          213616     225786             30792            209328              28884 41.87194  12.56738
126   Italy 2020-05-03   202626          214868     227110             30973            210717              29079 41.87194  12.56738
127   Italy 2020-05-04   203716          216023     228330             31139            211938              29315 41.87194  12.56738
128   Italy 2020-05-05   204717          217085     229453             31292            213013              29684 41.87194  12.56738
129   Italy 2020-05-06   205639          218063     230487             31433            214457              29958 41.87194  12.56738
130   Italy 2020-05-07   206486          218961     231436             31563            215858              30201 41.87194  12.56738
131   Italy 2020-05-08   207264          219786     232308             31682            217185              30395 41.87194  12.56738
132   Italy 2020-05-09   207979          220544     233109             31791            218268              30560 41.87194  12.56738
133   Italy 2020-05-10   208634          221238     233842             31891            219070              30739 41.87194  12.56738
134   Italy 2020-05-11   209234          221875     234516             31983            219814              30911 41.87194  12.56738
135   Italy 2020-05-12   209784          222458     235132             32067            221216              31106 41.87194  12.56738
136   Italy 2020-05-13   210288          222992     235696             32144            222104              31368 41.87194  12.56738
137   Italy 2020-05-14   210749          223481     236213             32214            223096              31610 41.87194  12.56738
138   Italy 2020-05-15   211171          223929     236687             32279            223885              31763 41.87194  12.56738
139   Italy 2020-05-16   211557          224338     237119             32338            224760              31908 41.87194  12.56738
140   Italy 2020-05-17   211911          224713     237515             32392            225435              32007 41.87194  12.56738
141   Italy 2020-05-18   212233          225055     237877             32441            225886              32169 41.87194  12.56738
142   Italy 2020-05-19   212527          225367     238207             32486            226699              32330 41.87194  12.56738
143   Italy 2020-05-20   212797          225653     238509             32527            227364              32486 41.87194  12.56738
144   Italy 2020-05-21   213043          225914     238785             32565            228006              32616 41.87194  12.56738
145   Italy 2020-05-22   213268          226152     239036             32599            228658              32735 41.87194  12.56738
146   Italy 2020-05-23   213473          226370     239267             32631            229327              32785 41.87194  12.56738
147   Italy 2020-05-24   213660          226568     239476             32659            229858              32877 41.87194  12.56738
148   Italy 2020-05-25   213831          226750     239669             32685            230158              32955 41.87194  12.56738
149   Italy 2020-05-26   213987          226915     239843             32709            230555              33072 41.87194  12.56738
150   Italy 2020-05-27   214129          227066     240003             32731            231139              33142 41.87194  12.56738
151   Italy 2020-05-28   214260          227204     240148             32751            231732              33229 41.87194  12.56738
152   Italy 2020-05-29   214377          227329     240281             32769            232248              33340 41.87194  12.56738
153   Italy 2020-05-30   214486          227444     240402             32786            232664              33415 41.87194  12.56738
154   Italy 2020-05-31   214585          227549     240513             32801            233019              33475 41.87194  12.56738
155   Italy 2020-06-01   214675          227644     240613             32814            233197              33530 41.87194  12.56738
156   Italy 2020-06-02   214757          227731     240705             32827            233515              33601 41.87194  12.56738
157   Italy 2020-06-03   214831          227810     240789             32838            233836              33689 41.87194  12.56738
158   Italy 2020-06-04   214899          227882     240865             32849            234013              33774 41.87194  12.56738
159   Italy 2020-06-05   214961          227948     240935             32858            234531              33846 41.87194  12.56738
160   Italy 2020-06-06   215018          228008     240998             32867            234801              33846 41.87194  12.56738
161   Italy 2020-06-07   215070          228063     241056             32875            234801              33846 41.87194  12.56738
162   Italy 2020-06-08   215117          228113     241109             32882                NA                 NA 41.87194  12.56738
163   Italy 2020-06-09   215160          228159     241158             32889                NA                 NA 41.87194  12.56738
164   Italy 2020-06-10   215199          228200     241201             32894                NA                 NA 41.87194  12.56738
165   Italy 2020-06-11   215235          228238     241241             32900                NA                 NA 41.87194  12.56738
166   Italy 2020-06-12   215267          228272     241277             32905                NA                 NA 41.87194  12.56738
167   Italy 2020-06-13   215297          228304     241311             32909                NA                 NA 41.87194  12.56738
168   Italy 2020-06-14   215323          228332     241341             32914                NA                 NA 41.87194  12.56738
169   Italy 2020-06-15   215349          228359     241369             32917                NA                 NA 41.87194  12.56738
170   Italy 2020-06-16   215370          228382     241394             32921                NA                 NA 41.87194  12.56738
171   Italy 2020-06-17   215391          228404     241417             32924                NA                 NA 41.87194  12.56738

Fontes:
	OMS - https://ourworldindata.org/coronavirus-source-data
	Worldometers - https://www.worldometers.info/coronavirus