
 Italy 
Projecao:  7  dias
Gerado em:  2020-05-25 11:27:56
RMSE(%):  6.3 , BIAS(%): 1.4

Taxa de Mortalidade 14.26 %

    country       dias otimista casos_estimados pessimista estimativa_mortes casos_confirmados mortes_confirmadas latitude longitude
136   Italy 2020-05-13   205812          219620     233428             31325            222104              31368 41.87194  12.56738
137   Italy 2020-05-14   206192          220025     233858             31383            223096              31610 41.87194  12.56738
138   Italy 2020-05-15   206537          220393     234249             31435            223885              31763 41.87194  12.56738
139   Italy 2020-05-16   206851          220728     234605             31483            224760              31908 41.87194  12.56738
140   Italy 2020-05-17   207137          221033     234929             31526            225435              32007 41.87194  12.56738
141   Italy 2020-05-18   207397          221311     235225             31566            225886              32169 41.87194  12.56738
142   Italy 2020-05-19   207634          221564     235494             31602            226699              32330 41.87194  12.56738
143   Italy 2020-05-20   207850          221794     235738             31635            227364              32486 41.87194  12.56738
144   Italy 2020-05-21   208046          222003     235960             31665            228006              32616 41.87194  12.56738
145   Italy 2020-05-22   208224          222193     236162             31692            228658              32735 41.87194  12.56738
146   Italy 2020-05-23   208386          222366     236346             31716            229327              32785 41.87194  12.56738
147   Italy 2020-05-24   208533          222523     236513             31739            229858              32785 41.87194  12.56738
148   Italy 2020-05-25   208667          222666     236665             31759            229858              32785 41.87194  12.56738
149   Italy 2020-05-26   208789          222796     236803             31778                NA                 NA 41.87194  12.56738
150   Italy 2020-05-27   208899          222914     236929             31795                NA                 NA 41.87194  12.56738
151   Italy 2020-05-28   209000          223021     237042             31810                NA                 NA 41.87194  12.56738
152   Italy 2020-05-29   209091          223118     237145             31824                NA                 NA 41.87194  12.56738
153   Italy 2020-05-30   209174          223207     237240             31836                NA                 NA 41.87194  12.56738
154   Italy 2020-05-31   209249          223287     237325             31848                NA                 NA 41.87194  12.56738
155   Italy 2020-06-01   209317          223360     237403             31858                NA                 NA 41.87194  12.56738

Total de casos no mundo:  5532121 1884004 633783 1913677 976461 114749 8726 721 5532121

Estimados a partir dos dados da OMS:
    day       date      x   xest
1     1 2019-12-30      0     23
2     2 2019-12-31      0     25
3     3 2020-01-01      0     28
4     4 2020-01-02      0     31
5     5 2020-01-03      0     34
6     6 2020-01-04      0     37
7     7 2020-01-05      0     41
8     8 2020-01-06      0     45
9     9 2020-01-07      0     50
10   10 2020-01-08      0     55
11   11 2020-01-09      0     61
12   12 2020-01-10      0     67
13   13 2020-01-11      0     74
14   14 2020-01-12      0     81
15   15 2020-01-13      0     89
16   16 2020-01-14      0     99
17   17 2020-01-15      0    109
18   18 2020-01-16      0    120
19   19 2020-01-17      0    132
20   20 2020-01-18      0    145
21   21 2020-01-19      0    160
22   22 2020-01-20      0    176
23   23 2020-01-21      0    194
24   24 2020-01-22      0    214
25   25 2020-01-23      0    236
26   26 2020-01-24      0    260
27   27 2020-01-25      0    286
28   28 2020-01-26      0    315
29   29 2020-01-27      0    347
30   30 2020-01-28      0    382
31   31 2020-01-29      0    421
32   32 2020-01-30      3    464
33   33 2020-01-31      3    511
34   34 2020-02-01      3    563
35   35 2020-02-02      3    620
36   36 2020-02-03      3    683
37   37 2020-02-04      3    752
38   38 2020-02-05      3    828
39   39 2020-02-06      3    912
40   40 2020-02-07      3   1004
41   41 2020-02-08      3   1106
42   42 2020-02-09      3   1218
43   43 2020-02-10      3   1341
44   44 2020-02-11      3   1476
45   45 2020-02-12      3   1626
46   46 2020-02-13      3   1790
47   47 2020-02-14      3   1970
48   48 2020-02-15      3   2168
49   49 2020-02-16      3   2387
50   50 2020-02-17      3   2627
51   51 2020-02-18      3   2890
52   52 2020-02-19      3   3180
53   53 2020-02-20      3   3499
54   54 2020-02-21     17   3849
55   55 2020-02-22     79   4233
56   56 2020-02-23    132   4654
57   57 2020-02-24    229   5117
58   58 2020-02-25    322   5624
59   59 2020-02-26    400   6181
60   60 2020-02-27    650   6790
61   61 2020-02-28    888   7458
62   62 2020-02-29   1128   8189
63   63 2020-03-01   1689   8989
64   64 2020-03-02   2036   9863
65   65 2020-03-03   2502  10818
66   66 2020-03-04   3089  11860
67   67 2020-03-05   3858  12996
68   68 2020-03-06   4636  14234
69   69 2020-03-07   5883  15582
70   70 2020-03-08   7375  17046
71   71 2020-03-09   9172  18636
72   72 2020-03-10  10149  20359
73   73 2020-03-11  12462  22225
74   74 2020-03-12  15113  24241
75   75 2020-03-13  17660  26416
76   76 2020-03-14  21157  28759
77   77 2020-03-15  23980  31276
78   78 2020-03-16  27980  33975
79   79 2020-03-17  31506  36863
80   80 2020-03-18  35713  39944
81   81 2020-03-19  41035  43223
82   82 2020-03-20  47021  46704
83   83 2020-03-21  53578  50386
84   84 2020-03-22  59138  54271
85   85 2020-03-23  63927  58354
86   86 2020-03-24  69176  62630
87   87 2020-03-25  74386  67094
88   88 2020-03-26  80539  71734
89   89 2020-03-27  86498  76539
90   90 2020-03-28  92472  81493
91   91 2020-03-29  97689  86580
92   92 2020-03-30 101739  91780
93   93 2020-03-31 105792  97071
94   94 2020-04-01 110574 102432
95   95 2020-04-02 115242 107837
96   96 2020-04-03 119827 113262
97   97 2020-04-04 124632 118682
98   98 2020-04-05 128948 124070
99   99 2020-04-06 132547 129402
100 100 2020-04-07 135586 134656
101 101 2020-04-08 139422 139807
102 102 2020-04-09 143626 144836
103 103 2020-04-10 147577 149725
104 104 2020-04-11 152271 154458
105 105 2020-04-12 156363 159019
106 106 2020-04-13 159516 163400
107 107 2020-04-14 162488 167590
108 108 2020-04-15 165155 171584
109 109 2020-04-16 168941 175378
110 110 2020-04-17 172434 178969
111 111 2020-04-18 175925 182359
112 112 2020-04-19 178972 185548
113 113 2020-04-20 181228 188542
114 114 2020-04-21 183957 191344
115 115 2020-04-22 187327 193960
116 116 2020-04-23 189973 196398
117 117 2020-04-24 192994 198664
118 118 2020-04-25 195351 200766
119 119 2020-04-26 197675 202713
120 120 2020-04-27 199414 204514
121 121 2020-04-28 201505 206176
122 122 2020-04-29 203591 207708
123 123 2020-04-30 205463 209119
124 124 2020-05-01 207428 210416
125 125 2020-05-02 209328 211608
126 126 2020-05-03 210717 212701
127 127 2020-05-04 211938 213703
128 128 2020-05-05 213013 214620
129 129 2020-05-06 214457 215460
130 130 2020-05-07 215858 216228
131 131 2020-05-08 217185 216930
132 132 2020-05-09 218268 217571
133 133 2020-05-10 219070 218156
134 134 2020-05-11 219814 218690
135 135 2020-05-12 221216 219177
136 136 2020-05-13 222104 219620
137 137 2020-05-14 223096 220025
138 138 2020-05-15 223885 220393
139 139 2020-05-16 224760 220728
140 140 2020-05-17 225435 221033
141 141 2020-05-18 225886 221311
142 142 2020-05-19 226699 221564
143 143 2020-05-20 227364 221794
144 144 2020-05-21 228006 222003
145 145 2020-05-22 228658 222193
146 146 2020-05-23 229327 222366
147 147 2020-05-24 229858 222523
148 148 2020-05-25 229858 222666

Intervalo de Confianca
              2.5%        97.5%
Asym 221629.111350 226598.27755
xmid     95.272654     96.28592
scal      9.944657     10.71064


Formula: x ~ SSlogis(day, Asym, xmid, scal)

Parameters:
        Estimate  Std. Error t value            Pr(>|t|)    
Asym 224079.6237   1212.0047  184.88 <0.0000000000000002 ***
xmid     95.7747      0.2415  396.55 <0.0000000000000002 ***
scal     10.3224      0.1965   52.53 <0.0000000000000002 ***
---
Signif. codes:  0 ‘***’ 0.001 ‘**’ 0.01 ‘*’ 0.05 ‘.’ 0.1 ‘ ’ 1

Residual standard error: 5006 on 145 degrees of freedom

Number of iterations to convergence: 9 
Achieved convergence tolerance: 0.0000000149


Italy: o primeiro caso foi registrado em 30/01/2020 na data 25/05/2020 temos 116 dias desde o primeiro caso. A data de pico prevista pelo modelo logístico foi 05/05/2020 (dia 96 desde os primeiros casos relatados).
Em 05/05/2020 o modelo estimou 224080+/-1212 casos.

Todos os dados gerados
    country       dias otimista casos_estimados pessimista estimativa_mortes casos_confirmados mortes_confirmadas latitude longitude
1     Italy 2019-12-30       22              23         24                 3                 0                  0 41.87194  12.56738
2     Italy 2019-12-31       23              25         27                 4                 0                  0 41.87194  12.56738
3     Italy 2020-01-01       26              28         30                 4                 0                  0 41.87194  12.56738
4     Italy 2020-01-02       29              31         33                 4                 0                  0 41.87194  12.56738
5     Italy 2020-01-03       32              34         36                 5                 0                  0 41.87194  12.56738
6     Italy 2020-01-04       35              37         39                 5                 0                  0 41.87194  12.56738
7     Italy 2020-01-05       38              41         44                 6                 0                  0 41.87194  12.56738
8     Italy 2020-01-06       42              45         48                 6                 0                  0 41.87194  12.56738
9     Italy 2020-01-07       47              50         53                 7                 0                  0 41.87194  12.56738
10    Italy 2020-01-08       52              55         58                 8                 0                  0 41.87194  12.56738
11    Italy 2020-01-09       57              61         65                 9                 0                  0 41.87194  12.56738
12    Italy 2020-01-10       63              67         71                10                 0                  0 41.87194  12.56738
13    Italy 2020-01-11       69              74         79                11                 0                  0 41.87194  12.56738
14    Italy 2020-01-12       76              81         86                12                 0                  0 41.87194  12.56738
15    Italy 2020-01-13       83              89         95                13                 0                  0 41.87194  12.56738
16    Italy 2020-01-14       93              99        105                14                 0                  0 41.87194  12.56738
17    Italy 2020-01-15      102             109        116                16                 0                  0 41.87194  12.56738
18    Italy 2020-01-16      112             120        128                17                 0                  0 41.87194  12.56738
19    Italy 2020-01-17      124             132        140                19                 0                  0 41.87194  12.56738
20    Italy 2020-01-18      136             145        154                21                 0                  0 41.87194  12.56738
21    Italy 2020-01-19      150             160        170                23                 0                  0 41.87194  12.56738
22    Italy 2020-01-20      165             176        187                25                 0                  0 41.87194  12.56738
23    Italy 2020-01-21      182             194        206                28                 0                  0 41.87194  12.56738
24    Italy 2020-01-22      201             214        227                31                 0                  0 41.87194  12.56738
25    Italy 2020-01-23      221             236        251                34                 0                  0 41.87194  12.56738
26    Italy 2020-01-24      244             260        276                37                 0                  0 41.87194  12.56738
27    Italy 2020-01-25      268             286        304                41                 0                  0 41.87194  12.56738
28    Italy 2020-01-26      295             315        335                45                 0                  0 41.87194  12.56738
29    Italy 2020-01-27      325             347        369                49                 0                  0 41.87194  12.56738
30    Italy 2020-01-28      358             382        406                54                 0                  0 41.87194  12.56738
31    Italy 2020-01-29      395             421        447                60                 0                  0 41.87194  12.56738
32    Italy 2020-01-30      435             464        493                66                 3                  0 41.87194  12.56738
33    Italy 2020-01-31      479             511        543                73                 3                  0 41.87194  12.56738
34    Italy 2020-02-01      528             563        598                80                 3                  0 41.87194  12.56738
35    Italy 2020-02-02      581             620        659                88                 3                  0 41.87194  12.56738
36    Italy 2020-02-03      640             683        726                97                 3                  0 41.87194  12.56738
37    Italy 2020-02-04      705             752        799               107                 3                  0 41.87194  12.56738
38    Italy 2020-02-05      776             828        880               118                 3                  0 41.87194  12.56738
39    Italy 2020-02-06      855             912        969               130                 3                  0 41.87194  12.56738
40    Italy 2020-02-07      941            1004       1067               143                 3                  0 41.87194  12.56738
41    Italy 2020-02-08     1036            1106       1176               158                 3                  0 41.87194  12.56738
42    Italy 2020-02-09     1141            1218       1295               174                 3                  0 41.87194  12.56738
43    Italy 2020-02-10     1257            1341       1425               191                 3                  0 41.87194  12.56738
44    Italy 2020-02-11     1383            1476       1569               211                 3                  0 41.87194  12.56738
45    Italy 2020-02-12     1524            1626       1728               232                 3                  0 41.87194  12.56738
46    Italy 2020-02-13     1677            1790       1903               255                 3                  0 41.87194  12.56738
47    Italy 2020-02-14     1846            1970       2094               281                 3                  0 41.87194  12.56738
48    Italy 2020-02-15     2032            2168       2304               309                 3                  0 41.87194  12.56738
49    Italy 2020-02-16     2237            2387       2537               340                 3                  0 41.87194  12.56738
50    Italy 2020-02-17     2462            2627       2792               375                 3                  0 41.87194  12.56738
51    Italy 2020-02-18     2708            2890       3072               412                 3                  0 41.87194  12.56738
52    Italy 2020-02-19     2980            3180       3380               454                 3                  0 41.87194  12.56738
53    Italy 2020-02-20     3279            3499       3719               499                 3                  0 41.87194  12.56738
54    Italy 2020-02-21     3607            3849       4091               549                17                  2 41.87194  12.56738
55    Italy 2020-02-22     3967            4233       4499               604                79                  2 41.87194  12.56738
56    Italy 2020-02-23     4361            4654       4947               664               132                  6 41.87194  12.56738
57    Italy 2020-02-24     4795            5117       5439               730               229                 11 41.87194  12.56738
58    Italy 2020-02-25     5270            5624       5978               802               322                 12 41.87194  12.56738
59    Italy 2020-02-26     5792            6181       6570               882               400                 17 41.87194  12.56738
60    Italy 2020-02-27     6363            6790       7217               968               650                 21 41.87194  12.56738
61    Italy 2020-02-28     6989            7458       7927              1064               888                 29 41.87194  12.56738
62    Italy 2020-02-29     7674            8189       8704              1168              1128                 35 41.87194  12.56738
63    Italy 2020-03-01     8424            8989       9554              1282              1689                 52 41.87194  12.56738
64    Italy 2020-03-02     9243            9863      10483              1407              2036                 80 41.87194  12.56738
65    Italy 2020-03-03    10138           10818      11498              1543              2502                107 41.87194  12.56738
66    Italy 2020-03-04    11114           11860      12606              1692              3089                148 41.87194  12.56738
67    Italy 2020-03-05    12179           12996      13813              1854              3858                197 41.87194  12.56738
68    Italy 2020-03-06    13339           14234      15129              2030              4636                233 41.87194  12.56738
69    Italy 2020-03-07    14602           15582      16562              2222              5883                366 41.87194  12.56738
70    Italy 2020-03-08    15974           17046      18118              2431              7375                464 41.87194  12.56738
71    Italy 2020-03-09    17464           18636      19808              2658              9172                631 41.87194  12.56738
72    Italy 2020-03-10    19079           20359      21639              2904             10149                827 41.87194  12.56738
73    Italy 2020-03-11    20828           22225      23622              3170             12462               1016 41.87194  12.56738
74    Italy 2020-03-12    22717           24241      25765              3458             15113               1268 41.87194  12.56738
75    Italy 2020-03-13    24755           26416      28077              3768             17660               1441 41.87194  12.56738
76    Italy 2020-03-14    26951           28759      30567              4102             21157               1811 41.87194  12.56738
77    Italy 2020-03-15    29310           31276      33242              4461             23980               2158 41.87194  12.56738
78    Italy 2020-03-16    31839           33975      36111              4846             27980               2505 41.87194  12.56738
79    Italy 2020-03-17    34545           36863      39181              5258             31506               2978 41.87194  12.56738
80    Italy 2020-03-18    37433           39944      42455              5697             35713               3407 41.87194  12.56738
81    Italy 2020-03-19    40506           43223      45940              6165             41035               4032 41.87194  12.56738
82    Italy 2020-03-20    43768           46704      49640              6661             47021               4827 41.87194  12.56738
83    Italy 2020-03-21    47218           50386      53554              7187             53578               5476 41.87194  12.56738
84    Italy 2020-03-22    50859           54271      57683              7741             59138               6077 41.87194  12.56738
85    Italy 2020-03-23    54685           58354      62023              8323             63927               6820 41.87194  12.56738
86    Italy 2020-03-24    58692           62630      66568              8933             69176               7505 41.87194  12.56738
87    Italy 2020-03-25    62876           67094      71312              9570             74386               8165 41.87194  12.56738
88    Italy 2020-03-26    67224           71734      76244             10232             80539               9136 41.87194  12.56738
89    Italy 2020-03-27    71727           76539      81351             10917             86498              10023 41.87194  12.56738
90    Italy 2020-03-28    76370           81493      86616             11623             92472              10781 41.87194  12.56738
91    Italy 2020-03-29    81137           86580      92023             12349             97689              11591 41.87194  12.56738
92    Italy 2020-03-30    86010           91780      97550             13091            101739              12430 41.87194  12.56738
93    Italy 2020-03-31    90968           97071     103174             13845            105792              13157 41.87194  12.56738
94    Italy 2020-04-01    95992          102432     108872             14610            110574              13917 41.87194  12.56738
95    Italy 2020-04-02   101057          107837     114617             15381            115242              14681 41.87194  12.56738
96    Italy 2020-04-03   106141          113262     120383             16155            119827              15362 41.87194  12.56738
97    Italy 2020-04-04   111220          118682     126144             16928            124632              15889 41.87194  12.56738
98    Italy 2020-04-05   116270          124070     131870             17696            128948              16525 41.87194  12.56738
99    Italy 2020-04-06   121266          129402     137538             18457            132547              17129 41.87194  12.56738
100   Italy 2020-04-07   126190          134656     143122             19206            135586              17669 41.87194  12.56738
101   Italy 2020-04-08   131017          139807     148597             19941            139422              18281 41.87194  12.56738
102   Italy 2020-04-09   135730          144836     153942             20658            143626              18851 41.87194  12.56738
103   Italy 2020-04-10   140312          149725     159138             21356            147577              19470 41.87194  12.56738
104   Italy 2020-04-11   144747          154458     164169             22031            152271              19901 41.87194  12.56738
105   Italy 2020-04-12   149021          159019     169017             22681            156363              20465 41.87194  12.56738
106   Italy 2020-04-13   153127          163400     173673             23306            159516              21069 41.87194  12.56738
107   Italy 2020-04-14   157054          167590     178126             23904            162488              21647 41.87194  12.56738
108   Italy 2020-04-15   160796          171584     182372             24473            165155              22172 41.87194  12.56738
109   Italy 2020-04-16   164352          175378     186404             25014            168941              22747 41.87194  12.56738
110   Italy 2020-04-17   167717          178969     190221             25527            172434              23227 41.87194  12.56738
111   Italy 2020-04-18   170894          182359     193824             26010            175925              23660 41.87194  12.56738
112   Italy 2020-04-19   173883          185548     197213             26465            178972              24114 41.87194  12.56738
113   Italy 2020-04-20   176688          188542     200396             26892            181228              24648 41.87194  12.56738
114   Italy 2020-04-21   179314          191344     203374             27292            183957              25085 41.87194  12.56738
115   Italy 2020-04-22   181766          193960     206154             27665            187327              25549 41.87194  12.56738
116   Italy 2020-04-23   184050          196398     208746             28013            189973              25969 41.87194  12.56738
117   Italy 2020-04-24   186174          198664     211154             28336            192994              26384 41.87194  12.56738
118   Italy 2020-04-25   188144          200766     213388             28636            195351              26644 41.87194  12.56738
119   Italy 2020-04-26   189968          202713     215458             28913            197675              26977 41.87194  12.56738
120   Italy 2020-04-27   191656          204514     217372             29170            199414              27359 41.87194  12.56738
121   Italy 2020-04-28   193214          206176     219138             29407            201505              27682 41.87194  12.56738
122   Italy 2020-04-29   194649          207708     220767             29626            203591              27967 41.87194  12.56738
123   Italy 2020-04-30   195972          209119     222266             29827            205463              28236 41.87194  12.56738
124   Italy 2020-05-01   197187          210416     223645             30012            207428              28710 41.87194  12.56738
125   Italy 2020-05-02   198304          211608     224912             30182            209328              28884 41.87194  12.56738
126   Italy 2020-05-03   199328          212701     226074             30338            210717              29079 41.87194  12.56738
127   Italy 2020-05-04   200267          213703     227139             30481            211938              29315 41.87194  12.56738
128   Italy 2020-05-05   201127          214620     228113             30612            213013              29684 41.87194  12.56738
129   Italy 2020-05-06   201914          215460     229006             30731            214457              29958 41.87194  12.56738
130   Italy 2020-05-07   202634          216228     229822             30841            215858              30201 41.87194  12.56738
131   Italy 2020-05-08   203292          216930     230568             30941            217185              30395 41.87194  12.56738
132   Italy 2020-05-09   203892          217571     231250             31032            218268              30560 41.87194  12.56738
133   Italy 2020-05-10   204440          218156     231872             31116            219070              30739 41.87194  12.56738
134   Italy 2020-05-11   204941          218690     232439             31192            219814              30911 41.87194  12.56738
135   Italy 2020-05-12   205397          219177     232957             31262            221216              31106 41.87194  12.56738
136   Italy 2020-05-13   205812          219620     233428             31325            222104              31368 41.87194  12.56738
137   Italy 2020-05-14   206192          220025     233858             31383            223096              31610 41.87194  12.56738
138   Italy 2020-05-15   206537          220393     234249             31435            223885              31763 41.87194  12.56738
139   Italy 2020-05-16   206851          220728     234605             31483            224760              31908 41.87194  12.56738
140   Italy 2020-05-17   207137          221033     234929             31526            225435              32007 41.87194  12.56738
141   Italy 2020-05-18   207397          221311     235225             31566            225886              32169 41.87194  12.56738
142   Italy 2020-05-19   207634          221564     235494             31602            226699              32330 41.87194  12.56738
143   Italy 2020-05-20   207850          221794     235738             31635            227364              32486 41.87194  12.56738
144   Italy 2020-05-21   208046          222003     235960             31665            228006              32616 41.87194  12.56738
145   Italy 2020-05-22   208224          222193     236162             31692            228658              32735 41.87194  12.56738
146   Italy 2020-05-23   208386          222366     236346             31716            229327              32785 41.87194  12.56738
147   Italy 2020-05-24   208533          222523     236513             31739            229858              32785 41.87194  12.56738
148   Italy 2020-05-25   208667          222666     236665             31759            229858              32785 41.87194  12.56738
149   Italy 2020-05-26   208789          222796     236803             31778                NA                 NA 41.87194  12.56738
150   Italy 2020-05-27   208899          222914     236929             31795                NA                 NA 41.87194  12.56738
151   Italy 2020-05-28   209000          223021     237042             31810                NA                 NA 41.87194  12.56738
152   Italy 2020-05-29   209091          223118     237145             31824                NA                 NA 41.87194  12.56738
153   Italy 2020-05-30   209174          223207     237240             31836                NA                 NA 41.87194  12.56738
154   Italy 2020-05-31   209249          223287     237325             31848                NA                 NA 41.87194  12.56738
155   Italy 2020-06-01   209317          223360     237403             31858                NA                 NA 41.87194  12.56738

Fontes:
	OMS - https://ourworldindata.org/coronavirus-source-data
	Worldometers - https://www.worldometers.info/coronavirus