
 Italy 
Projecao:  7  dias
Gerado em:  2020-05-27 10:42:51
RMSE(%):  6.2 , BIAS(%): 1.38

Taxa de Mortalidade 14.29 %

    country       dias otimista casos_estimados pessimista estimativa_mortes casos_confirmados mortes_confirmadas latitude longitude
138   Italy 2020-05-15   207391          221054     234717             31597            223885              31763 41.87194  12.56738
139   Italy 2020-05-16   207716          221401     235086             31647            224760              31908 41.87194  12.56738
140   Italy 2020-05-17   208014          221718     235422             31692            225435              32007 41.87194  12.56738
141   Italy 2020-05-18   208285          222007     235729             31733            225886              32169 41.87194  12.56738
142   Italy 2020-05-19   208531          222269     236007             31771            226699              32330 41.87194  12.56738
143   Italy 2020-05-20   208755          222508     236261             31805            227364              32486 41.87194  12.56738
144   Italy 2020-05-21   208960          222726     236492             31836            228006              32616 41.87194  12.56738
145   Italy 2020-05-22   209145          222924     236703             31864            228658              32735 41.87194  12.56738
146   Italy 2020-05-23   209314          223104     236894             31890            229327              32785 41.87194  12.56738
147   Italy 2020-05-24   209468          223268     237068             31913            229858              32877 41.87194  12.56738
148   Italy 2020-05-25   209608          223417     237226             31935            230158              32955 41.87194  12.56738
149   Italy 2020-05-26   209735          223553     237371             31954            230555              32955 41.87194  12.56738
150   Italy 2020-05-27   209851          223676     237501             31972            230555              32955 41.87194  12.56738
151   Italy 2020-05-28   209957          223789     237621             31988                NA                 NA 41.87194  12.56738
152   Italy 2020-05-29   210053          223891     237729             32002                NA                 NA 41.87194  12.56738
153   Italy 2020-05-30   210139          223983     237827             32016                NA                 NA 41.87194  12.56738
154   Italy 2020-05-31   210218          224067     237916             32028                NA                 NA 41.87194  12.56738
155   Italy 2020-06-01   210290          224144     237998             32039                NA                 NA 41.87194  12.56738
156   Italy 2020-06-02   210356          224214     238072             32049                NA                 NA 41.87194  12.56738
157   Italy 2020-06-03   210415          224277     238139             32058                NA                 NA 41.87194  12.56738

Total de casos no mundo:  5716766 1934067 686365 1945826 1018720 122320 8747 721 5716766

Estimados a partir dos dados da OMS:
    day       date      x   xest
1     1 2019-12-30      0     24
2     2 2019-12-31      0     27
3     3 2020-01-01      0     30
4     4 2020-01-02      0     33
5     5 2020-01-03      0     36
6     6 2020-01-04      0     40
7     7 2020-01-05      0     44
8     8 2020-01-06      0     48
9     9 2020-01-07      0     53
10   10 2020-01-08      0     58
11   11 2020-01-09      0     64
12   12 2020-01-10      0     70
13   13 2020-01-11      0     77
14   14 2020-01-12      0     85
15   15 2020-01-13      0     94
16   16 2020-01-14      0    103
17   17 2020-01-15      0    114
18   18 2020-01-16      0    125
19   19 2020-01-17      0    138
20   20 2020-01-18      0    152
21   21 2020-01-19      0    167
22   22 2020-01-20      0    184
23   23 2020-01-21      0    203
24   24 2020-01-22      0    223
25   25 2020-01-23      0    246
26   26 2020-01-24      0    270
27   27 2020-01-25      0    298
28   28 2020-01-26      0    328
29   29 2020-01-27      0    361
30   30 2020-01-28      0    397
31   31 2020-01-29      0    437
32   32 2020-01-30      3    481
33   33 2020-01-31      3    529
34   34 2020-02-01      3    583
35   35 2020-02-02      3    641
36   36 2020-02-03      3    706
37   37 2020-02-04      3    777
38   38 2020-02-05      3    855
39   39 2020-02-06      3    941
40   40 2020-02-07      3   1036
41   41 2020-02-08      3   1140
42   42 2020-02-09      3   1254
43   43 2020-02-10      3   1380
44   44 2020-02-11      3   1518
45   45 2020-02-12      3   1671
46   46 2020-02-13      3   1838
47   47 2020-02-14      3   2022
48   48 2020-02-15      3   2224
49   49 2020-02-16      3   2446
50   50 2020-02-17      3   2690
51   51 2020-02-18      3   2958
52   52 2020-02-19      3   3252
53   53 2020-02-20      3   3575
54   54 2020-02-21     17   3930
55   55 2020-02-22     79   4319
56   56 2020-02-23    132   4746
57   57 2020-02-24    229   5214
58   58 2020-02-25    322   5727
59   59 2020-02-26    400   6289
60   60 2020-02-27    650   6905
61   61 2020-02-28    888   7578
62   62 2020-02-29   1128   8315
63   63 2020-03-01   1689   9120
64   64 2020-03-02   2036  10000
65   65 2020-03-03   2502  10961
66   66 2020-03-04   3089  12008
67   67 2020-03-05   3858  13150
68   68 2020-03-06   4636  14392
69   69 2020-03-07   5883  15744
70   70 2020-03-08   7375  17211
71   71 2020-03-09   9172  18804
72   72 2020-03-10  10149  20529
73   73 2020-03-11  12462  22395
74   74 2020-03-12  15113  24411
75   75 2020-03-13  17660  26584
76   76 2020-03-14  21157  28923
77   77 2020-03-15  23980  31434
78   78 2020-03-16  27980  34126
79   79 2020-03-17  31506  37005
80   80 2020-03-18  35713  40075
81   81 2020-03-19  41035  43341
82   82 2020-03-20  47021  46806
83   83 2020-03-21  53578  50472
84   84 2020-03-22  59138  54336
85   85 2020-03-23  63927  58397
86   86 2020-03-24  69176  62651
87   87 2020-03-25  74386  67089
88   88 2020-03-26  80539  71703
89   89 2020-03-27  86498  76480
90   90 2020-03-28  92472  81407
91   91 2020-03-29  97689  86466
92   92 2020-03-30 101739  91638
93   93 2020-03-31 105792  96904
94   94 2020-04-01 110574 102240
95   95 2020-04-02 115242 107623
96   96 2020-04-03 119827 113027
97   97 2020-04-04 124632 118430
98   98 2020-04-05 128948 123805
99   99 2020-04-06 132547 129127
100 100 2020-04-07 135586 134375
101 101 2020-04-08 139422 139525
102 102 2020-04-09 143626 144558
103 103 2020-04-10 147577 149454
104 104 2020-04-11 152271 154197
105 105 2020-04-12 156363 158775
106 106 2020-04-13 159516 163175
107 107 2020-04-14 162488 167388
108 108 2020-04-15 165155 171407
109 109 2020-04-16 168941 175230
110 110 2020-04-17 172434 178852
111 111 2020-04-18 175925 182275
112 112 2020-04-19 178972 185499
113 113 2020-04-20 181228 188528
114 114 2020-04-21 183957 191367
115 115 2020-04-22 187327 194020
116 116 2020-04-23 189973 196494
117 117 2020-04-24 192994 198797
118 118 2020-04-25 195351 200936
119 119 2020-04-26 197675 202919
120 120 2020-04-27 199414 204755
121 121 2020-04-28 201505 206451
122 122 2020-04-29 203591 208016
123 123 2020-04-30 205463 209459
124 124 2020-05-01 207428 210786
125 125 2020-05-02 209328 212007
126 126 2020-05-03 210717 213128
127 127 2020-05-04 211938 214156
128 128 2020-05-05 213013 215099
129 129 2020-05-06 214457 215962
130 130 2020-05-07 215858 216753
131 131 2020-05-08 217185 217476
132 132 2020-05-09 218268 218136
133 133 2020-05-10 219070 218740
134 134 2020-05-11 219814 219291
135 135 2020-05-12 221216 219794
136 136 2020-05-13 222104 220253
137 137 2020-05-14 223096 220672
138 138 2020-05-15 223885 221054
139 139 2020-05-16 224760 221401
140 140 2020-05-17 225435 221718
141 141 2020-05-18 225886 222007
142 142 2020-05-19 226699 222269
143 143 2020-05-20 227364 222508
144 144 2020-05-21 228006 222726
145 145 2020-05-22 228658 222924
146 146 2020-05-23 229327 223104
147 147 2020-05-24 229858 223268
148 148 2020-05-25 230158 223417
149 149 2020-05-26 230555 223553
150 150 2020-05-27 230555 223676

Intervalo de Confianca
             2.5%        97.5%
Asym 222528.64790 227344.06001
xmid     95.39568     96.40020
scal     10.01983     10.78438


Formula: x ~ SSlogis(day, Asym, xmid, scal)

Parameters:
        Estimate  Std. Error t value            Pr(>|t|)    
Asym 224905.4091   1175.3855  191.35 <0.0000000000000002 ***
xmid     95.8937      0.2397  400.02 <0.0000000000000002 ***
scal     10.3970      0.1961   53.03 <0.0000000000000002 ***
---
Signif. codes:  0 ‘***’ 0.001 ‘**’ 0.01 ‘*’ 0.05 ‘.’ 0.1 ‘ ’ 1

Residual standard error: 5047 on 147 degrees of freedom

Number of iterations to convergence: 9 
Achieved convergence tolerance: 0.0000000149


Italy: o primeiro caso foi registrado em 30/01/2020 na data 27/05/2020 temos 118 dias desde o primeiro caso. A data de pico prevista pelo modelo logístico foi 05/05/2020 (dia 96 desde os primeiros casos relatados).
Em 05/05/2020 o modelo estimou 224905+/-1175 casos.

Todos os dados gerados
    country       dias otimista casos_estimados pessimista estimativa_mortes casos_confirmados mortes_confirmadas latitude longitude
1     Italy 2019-12-30       23              24         25                 3                 0                  0 41.87194  12.56738
2     Italy 2019-12-31       25              27         29                 4                 0                  0 41.87194  12.56738
3     Italy 2020-01-01       28              30         32                 4                 0                  0 41.87194  12.56738
4     Italy 2020-01-02       31              33         35                 5                 0                  0 41.87194  12.56738
5     Italy 2020-01-03       34              36         38                 5                 0                  0 41.87194  12.56738
6     Italy 2020-01-04       38              40         42                 6                 0                  0 41.87194  12.56738
7     Italy 2020-01-05       41              44         47                 6                 0                  0 41.87194  12.56738
8     Italy 2020-01-06       45              48         51                 7                 0                  0 41.87194  12.56738
9     Italy 2020-01-07       50              53         56                 8                 0                  0 41.87194  12.56738
10    Italy 2020-01-08       54              58         62                 8                 0                  0 41.87194  12.56738
11    Italy 2020-01-09       60              64         68                 9                 0                  0 41.87194  12.56738
12    Italy 2020-01-10       66              70         74                10                 0                  0 41.87194  12.56738
13    Italy 2020-01-11       72              77         82                11                 0                  0 41.87194  12.56738
14    Italy 2020-01-12       80              85         90                12                 0                  0 41.87194  12.56738
15    Italy 2020-01-13       88              94        100                13                 0                  0 41.87194  12.56738
16    Italy 2020-01-14       97             103        109                15                 0                  0 41.87194  12.56738
17    Italy 2020-01-15      107             114        121                16                 0                  0 41.87194  12.56738
18    Italy 2020-01-16      117             125        133                18                 0                  0 41.87194  12.56738
19    Italy 2020-01-17      129             138        147                20                 0                  0 41.87194  12.56738
20    Italy 2020-01-18      143             152        161                22                 0                  0 41.87194  12.56738
21    Italy 2020-01-19      157             167        177                24                 0                  0 41.87194  12.56738
22    Italy 2020-01-20      173             184        195                26                 0                  0 41.87194  12.56738
23    Italy 2020-01-21      190             203        216                29                 0                  0 41.87194  12.56738
24    Italy 2020-01-22      209             223        237                32                 0                  0 41.87194  12.56738
25    Italy 2020-01-23      231             246        261                35                 0                  0 41.87194  12.56738
26    Italy 2020-01-24      253             270        287                39                 0                  0 41.87194  12.56738
27    Italy 2020-01-25      280             298        316                43                 0                  0 41.87194  12.56738
28    Italy 2020-01-26      308             328        348                47                 0                  0 41.87194  12.56738
29    Italy 2020-01-27      339             361        383                52                 0                  0 41.87194  12.56738
30    Italy 2020-01-28      372             397        422                57                 0                  0 41.87194  12.56738
31    Italy 2020-01-29      410             437        464                62                 0                  0 41.87194  12.56738
32    Italy 2020-01-30      451             481        511                69                 3                  0 41.87194  12.56738
33    Italy 2020-01-31      496             529        562                76                 3                  0 41.87194  12.56738
34    Italy 2020-02-01      547             583        619                83                 3                  0 41.87194  12.56738
35    Italy 2020-02-02      601             641        681                92                 3                  0 41.87194  12.56738
36    Italy 2020-02-03      662             706        750               101                 3                  0 41.87194  12.56738
37    Italy 2020-02-04      729             777        825               111                 3                  0 41.87194  12.56738
38    Italy 2020-02-05      802             855        908               122                 3                  0 41.87194  12.56738
39    Italy 2020-02-06      883             941        999               135                 3                  0 41.87194  12.56738
40    Italy 2020-02-07      972            1036       1100               148                 3                  0 41.87194  12.56738
41    Italy 2020-02-08     1070            1140       1210               163                 3                  0 41.87194  12.56738
42    Italy 2020-02-09     1176            1254       1332               179                 3                  0 41.87194  12.56738
43    Italy 2020-02-10     1295            1380       1465               197                 3                  0 41.87194  12.56738
44    Italy 2020-02-11     1424            1518       1612               217                 3                  0 41.87194  12.56738
45    Italy 2020-02-12     1568            1671       1774               239                 3                  0 41.87194  12.56738
46    Italy 2020-02-13     1724            1838       1952               263                 3                  0 41.87194  12.56738
47    Italy 2020-02-14     1897            2022       2147               289                 3                  0 41.87194  12.56738
48    Italy 2020-02-15     2087            2224       2361               318                 3                  0 41.87194  12.56738
49    Italy 2020-02-16     2295            2446       2597               350                 3                  0 41.87194  12.56738
50    Italy 2020-02-17     2524            2690       2856               385                 3                  0 41.87194  12.56738
51    Italy 2020-02-18     2775            2958       3141               423                 3                  0 41.87194  12.56738
52    Italy 2020-02-19     3051            3252       3453               465                 3                  0 41.87194  12.56738
53    Italy 2020-02-20     3354            3575       3796               511                 3                  0 41.87194  12.56738
54    Italy 2020-02-21     3687            3930       4173               562                17                  2 41.87194  12.56738
55    Italy 2020-02-22     4052            4319       4586               617                79                  2 41.87194  12.56738
56    Italy 2020-02-23     4453            4746       5039               678               132                  6 41.87194  12.56738
57    Italy 2020-02-24     4892            5214       5536               745               229                 11 41.87194  12.56738
58    Italy 2020-02-25     5373            5727       6081               819               322                 12 41.87194  12.56738
59    Italy 2020-02-26     5900            6289       6678               899               400                 17 41.87194  12.56738
60    Italy 2020-02-27     6478            6905       7332               987               650                 21 41.87194  12.56738
61    Italy 2020-02-28     7110            7578       8046              1083               888                 29 41.87194  12.56738
62    Italy 2020-02-29     7801            8315       8829              1189              1128                 35 41.87194  12.56738
63    Italy 2020-03-01     8556            9120       9684              1304              1689                 52 41.87194  12.56738
64    Italy 2020-03-02     9382           10000      10618              1429              2036                 80 41.87194  12.56738
65    Italy 2020-03-03    10284           10961      11638              1567              2502                107 41.87194  12.56738
66    Italy 2020-03-04    11266           12008      12750              1716              3089                148 41.87194  12.56738
67    Italy 2020-03-05    12337           13150      13963              1880              3858                197 41.87194  12.56738
68    Italy 2020-03-06    13502           14392      15282              2057              4636                233 41.87194  12.56738
69    Italy 2020-03-07    14771           15744      16717              2250              5883                366 41.87194  12.56738
70    Italy 2020-03-08    16147           17211      18275              2460              7375                464 41.87194  12.56738
71    Italy 2020-03-09    17642           18804      19966              2688              9172                631 41.87194  12.56738
72    Italy 2020-03-10    19260           20529      21798              2934             10149                827 41.87194  12.56738
73    Italy 2020-03-11    21011           22395      23779              3201             12462               1016 41.87194  12.56738
74    Italy 2020-03-12    22902           24411      25920              3489             15113               1268 41.87194  12.56738
75    Italy 2020-03-13    24941           26584      28227              3800             17660               1441 41.87194  12.56738
76    Italy 2020-03-14    27135           28923      30711              4134             21157               1811 41.87194  12.56738
77    Italy 2020-03-15    29491           31434      33377              4493             23980               2158 41.87194  12.56738
78    Italy 2020-03-16    32017           34126      36235              4878             27980               2505 41.87194  12.56738
79    Italy 2020-03-17    34718           37005      39292              5289             31506               2978 41.87194  12.56738
80    Italy 2020-03-18    37598           40075      42552              5728             35713               3407 41.87194  12.56738
81    Italy 2020-03-19    40662           43341      46020              6195             41035               4032 41.87194  12.56738
82    Italy 2020-03-20    43913           46806      49699              6690             47021               4827 41.87194  12.56738
83    Italy 2020-03-21    47352           50472      53592              7214             53578               5476 41.87194  12.56738
84    Italy 2020-03-22    50978           54336      57694              7767             59138               6077 41.87194  12.56738
85    Italy 2020-03-23    54788           58397      62006              8347             63927               6820 41.87194  12.56738
86    Italy 2020-03-24    58779           62651      66523              8955             69176               7505 41.87194  12.56738
87    Italy 2020-03-25    62942           67089      71236              9590             74386               8165 41.87194  12.56738
88    Italy 2020-03-26    67271           71703      76135             10249             80539               9136 41.87194  12.56738
89    Italy 2020-03-27    71753           76480      81207             10932             86498              10023 41.87194  12.56738
90    Italy 2020-03-28    76375           81407      86439             11636             92472              10781 41.87194  12.56738
91    Italy 2020-03-29    81122           86466      91810             12359             97689              11591 41.87194  12.56738
92    Italy 2020-03-30    85974           91638      97302             13099            101739              12430 41.87194  12.56738
93    Italy 2020-03-31    90914           96904     102894             13851            105792              13157 41.87194  12.56738
94    Italy 2020-04-01    95921          102240     108559             14614            110574              13917 41.87194  12.56738
95    Italy 2020-04-02   100971          107623     114275             15383            115242              14681 41.87194  12.56738
96    Italy 2020-04-03   106041          113027     120013             16156            119827              15362 41.87194  12.56738
97    Italy 2020-04-04   111110          118430     125750             16928            124632              15889 41.87194  12.56738
98    Italy 2020-04-05   116153          123805     131457             17696            128948              16525 41.87194  12.56738
99    Italy 2020-04-06   121146          129127     137108             18457            132547              17129 41.87194  12.56738
100   Italy 2020-04-07   126069          134375     142681             19207            135586              17669 41.87194  12.56738
101   Italy 2020-04-08   130901          139525     148149             19943            139422              18281 41.87194  12.56738
102   Italy 2020-04-09   135623          144558     153493             20663            143626              18851 41.87194  12.56738
103   Italy 2020-04-10   140216          149454     158692             21363            147577              19470 41.87194  12.56738
104   Italy 2020-04-11   144666          154197     163728             22041            152271              19901 41.87194  12.56738
105   Italy 2020-04-12   148961          158775     168589             22695            156363              20465 41.87194  12.56738
106   Italy 2020-04-13   153089          163175     173261             23324            159516              21069 41.87194  12.56738
107   Italy 2020-04-14   157042          167388     177734             23926            162488              21647 41.87194  12.56738
108   Italy 2020-04-15   160813          171407     182001             24501            165155              22172 41.87194  12.56738
109   Italy 2020-04-16   164399          175230     186061             25047            168941              22747 41.87194  12.56738
110   Italy 2020-04-17   167797          178852     189907             25565            172434              23227 41.87194  12.56738
111   Italy 2020-04-18   171009          182275     193541             26054            175925              23660 41.87194  12.56738
112   Italy 2020-04-19   174033          185499     196965             26515            178972              24114 41.87194  12.56738
113   Italy 2020-04-20   176875          188528     200181             26948            181228              24648 41.87194  12.56738
114   Italy 2020-04-21   179539          191367     203195             27354            183957              25085 41.87194  12.56738
115   Italy 2020-04-22   182028          194020     206012             27733            187327              25549 41.87194  12.56738
116   Italy 2020-04-23   184349          196494     208639             28086            189973              25969 41.87194  12.56738
117   Italy 2020-04-24   186510          198797     211084             28416            192994              26384 41.87194  12.56738
118   Italy 2020-04-25   188516          200936     213356             28721            195351              26644 41.87194  12.56738
119   Italy 2020-04-26   190377          202919     215461             29005            197675              26977 41.87194  12.56738
120   Italy 2020-04-27   192099          204755     217411             29267            199414              27359 41.87194  12.56738
121   Italy 2020-04-28   193690          206451     219212             29510            201505              27682 41.87194  12.56738
122   Italy 2020-04-29   195159          208016     220873             29733            203591              27967 41.87194  12.56738
123   Italy 2020-04-30   196513          209459     222405             29940            205463              28236 41.87194  12.56738
124   Italy 2020-05-01   197758          210786     223814             30129            207428              28710 41.87194  12.56738
125   Italy 2020-05-02   198903          212007     225111             30304            209328              28884 41.87194  12.56738
126   Italy 2020-05-03   199955          213128     226301             30464            210717              29079 41.87194  12.56738
127   Italy 2020-05-04   200919          214156     227393             30611            211938              29315 41.87194  12.56738
128   Italy 2020-05-05   201804          215099     228394             30746            213013              29684 41.87194  12.56738
129   Italy 2020-05-06   202614          215962     229310             30869            214457              29958 41.87194  12.56738
130   Italy 2020-05-07   203356          216753     230150             30982            215858              30201 41.87194  12.56738
131   Italy 2020-05-08   204034          217476     230918             31086            217185              30395 41.87194  12.56738
132   Italy 2020-05-09   204653          218136     231619             31180            218268              30560 41.87194  12.56738
133   Italy 2020-05-10   205220          218740     232260             31266            219070              30739 41.87194  12.56738
134   Italy 2020-05-11   205737          219291     232845             31345            219814              30911 41.87194  12.56738
135   Italy 2020-05-12   206209          219794     233379             31417            221216              31106 41.87194  12.56738
136   Italy 2020-05-13   206639          220253     233867             31482            222104              31368 41.87194  12.56738
137   Italy 2020-05-14   207032          220672     234312             31542            223096              31610 41.87194  12.56738
138   Italy 2020-05-15   207391          221054     234717             31597            223885              31763 41.87194  12.56738
139   Italy 2020-05-16   207716          221401     235086             31647            224760              31908 41.87194  12.56738
140   Italy 2020-05-17   208014          221718     235422             31692            225435              32007 41.87194  12.56738
141   Italy 2020-05-18   208285          222007     235729             31733            225886              32169 41.87194  12.56738
142   Italy 2020-05-19   208531          222269     236007             31771            226699              32330 41.87194  12.56738
143   Italy 2020-05-20   208755          222508     236261             31805            227364              32486 41.87194  12.56738
144   Italy 2020-05-21   208960          222726     236492             31836            228006              32616 41.87194  12.56738
145   Italy 2020-05-22   209145          222924     236703             31864            228658              32735 41.87194  12.56738
146   Italy 2020-05-23   209314          223104     236894             31890            229327              32785 41.87194  12.56738
147   Italy 2020-05-24   209468          223268     237068             31913            229858              32877 41.87194  12.56738
148   Italy 2020-05-25   209608          223417     237226             31935            230158              32955 41.87194  12.56738
149   Italy 2020-05-26   209735          223553     237371             31954            230555              32955 41.87194  12.56738
150   Italy 2020-05-27   209851          223676     237501             31972            230555              32955 41.87194  12.56738
151   Italy 2020-05-28   209957          223789     237621             31988                NA                 NA 41.87194  12.56738
152   Italy 2020-05-29   210053          223891     237729             32002                NA                 NA 41.87194  12.56738
153   Italy 2020-05-30   210139          223983     237827             32016                NA                 NA 41.87194  12.56738
154   Italy 2020-05-31   210218          224067     237916             32028                NA                 NA 41.87194  12.56738
155   Italy 2020-06-01   210290          224144     237998             32039                NA                 NA 41.87194  12.56738
156   Italy 2020-06-02   210356          224214     238072             32049                NA                 NA 41.87194  12.56738
157   Italy 2020-06-03   210415          224277     238139             32058                NA                 NA 41.87194  12.56738

Fontes:
	OMS - https://ourworldindata.org/coronavirus-source-data
	Worldometers - https://www.worldometers.info/coronavirus