
 Brazil 
Projecao:  7  dias
Gerado em:  2020-05-05 22:29:16
RMSE(%):  7.8 , BIAS(%): 1.89

Taxa de Mortalidade 6.88 %

    country       dias otimista casos_estimados pessimista estimativa_mortes casos_confirmados mortes_confirmadas latitude longitude
116  Brazil 2020-04-23    47035           51001      54967              3507             49492               3670        0         0
117  Brazil 2020-04-24    50765           55045      59325              3785             52995               4016        0         0
118  Brazil 2020-04-25    54714           59327      63940              4079             58509               4205        0         0
119  Brazil 2020-04-26    58884           63848      68812              4390             61888               4543        0         0
120  Brazil 2020-04-27    63273           68607      73941              4717             66501               5017        0         0
121  Brazil 2020-04-28    67878           73601      79324              5060             71886               5466        0         0
122  Brazil 2020-04-29    72694           78823      84952              5419             78162               5901        0         0
123  Brazil 2020-04-30    77714           84266      90818              5794             85380               6329        0         0
124  Brazil 2020-05-01    82927           89918      96909              6182             91589               6750        0         0
125  Brazil 2020-05-02    88320           95766     103212              6584             96559               7025        0         0
126  Brazil 2020-05-03    93876          101791     109706              6999            101147               7321        0         0
127  Brazil 2020-05-04    99580          107975     116370              7424            107780               7938        0         0
128  Brazil 2020-05-05   105408          114295     123182              7858            115455               7938        0         0
129  Brazil 2020-05-06   111341          120728     130115              8301                NA                 NA        0         0
130  Brazil 2020-05-07   117354          127248     137142              8749                NA                 NA        0         0
131  Brazil 2020-05-08   123421          133826     144231              9201                NA                 NA        0         0
132  Brazil 2020-05-09   129516          140435     151354              9655                NA                 NA        0         0
133  Brazil 2020-05-10   135611          147044     158477             10110                NA                 NA        0         0
134  Brazil 2020-05-11   141682          153627     165572             10562                NA                 NA        0         0
135  Brazil 2020-05-12   147700          160152     172604             11011                NA                 NA        0         0

Total de casos no mundo:  3726668 1348459 1493973 587196 237686 50166 8467 721 3726668

Estimados a partir dos dados da OMS:
    day       date      x   xest
1     1 2019-12-30      0      1
2     2 2019-12-31      0      1
3     3 2020-01-01      0      2
4     4 2020-01-02      0      2
5     5 2020-01-03      0      2
6     6 2020-01-04      0      2
7     7 2020-01-05      0      2
8     8 2020-01-06      0      2
9     9 2020-01-07      0      3
10   10 2020-01-08      0      3
11   11 2020-01-09      0      3
12   12 2020-01-10      0      4
13   13 2020-01-11      0      4
14   14 2020-01-12      0      4
15   15 2020-01-13      0      5
16   16 2020-01-14      0      5
17   17 2020-01-15      0      6
18   18 2020-01-16      0      6
19   19 2020-01-17      0      7
20   20 2020-01-18      0      8
21   21 2020-01-19      0      8
22   22 2020-01-20      0      9
23   23 2020-01-21      0     10
24   24 2020-01-22      0     11
25   25 2020-01-23      0     12
26   26 2020-01-24      0     13
27   27 2020-01-25      0     14
28   28 2020-01-26      0     16
29   29 2020-01-27      0     17
30   30 2020-01-28      0     19
31   31 2020-01-29      0     21
32   32 2020-01-30      0     23
33   33 2020-01-31      0     25
34   34 2020-02-01      0     28
35   35 2020-02-02      0     31
36   36 2020-02-03      0     34
37   37 2020-02-04      0     37
38   38 2020-02-05      0     41
39   39 2020-02-06      0     45
40   40 2020-02-07      0     49
41   41 2020-02-08      0     54
42   42 2020-02-09      0     59
43   43 2020-02-10      0     65
44   44 2020-02-11      0     72
45   45 2020-02-12      0     79
46   46 2020-02-13      0     86
47   47 2020-02-14      0     95
48   48 2020-02-15      0    104
49   49 2020-02-16      0    115
50   50 2020-02-17      0    126
51   51 2020-02-18      0    138
52   52 2020-02-19      0    152
53   53 2020-02-20      0    167
54   54 2020-02-21      0    183
55   55 2020-02-22      0    201
56   56 2020-02-23      0    221
57   57 2020-02-24      0    243
58   58 2020-02-25      1    267
59   59 2020-02-26      1    293
60   60 2020-02-27      1    322
61   61 2020-02-28      1    354
62   62 2020-02-29      2    388
63   63 2020-03-01      2    427
64   64 2020-03-02      2    469
65   65 2020-03-03      2    515
66   66 2020-03-04      3    565
67   67 2020-03-05      8    621
68   68 2020-03-06     13    682
69   69 2020-03-07     13    749
70   70 2020-03-08     25    823
71   71 2020-03-09     25    903
72   72 2020-03-10     34    992
73   73 2020-03-11     52   1090
74   74 2020-03-12     77   1196
75   75 2020-03-13     98   1314
76   76 2020-03-14    121   1443
77   77 2020-03-15    200   1584
78   78 2020-03-16    234   1739
79   79 2020-03-17    291   1909
80   80 2020-03-18    428   2096
81   81 2020-03-19    621   2301
82   82 2020-03-20    904   2526
83   83 2020-03-21   1128   2772
84   84 2020-03-22   1546   3043
85   85 2020-03-23   1891   3339
86   86 2020-03-24   2201   3664
87   87 2020-03-25   2433   4020
88   88 2020-03-26   2915   4410
89   89 2020-03-27   3417   4837
90   90 2020-03-28   3904   5305
91   91 2020-03-29   4256   5817
92   92 2020-03-30   4579   6377
93   93 2020-03-31   5717   6990
94   94 2020-04-01   6836   7661
95   95 2020-04-02   7910   8393
96   96 2020-04-03   9056   9193
97   97 2020-04-04  10278  10067
98   98 2020-04-05  11130  11021
99   99 2020-04-06  12056  12060
100 100 2020-04-07  13717  13193
101 101 2020-04-08  15927  14427
102 102 2020-04-09  17857  15769
103 103 2020-04-10  19638  17228
104 104 2020-04-11  20727  18813
105 105 2020-04-12  22169  20532
106 106 2020-04-13  23430  22395
107 107 2020-04-14  25262  24411
108 108 2020-04-15  28320  26589
109 109 2020-04-16  30425  28941
110 110 2020-04-17  33682  31474
111 111 2020-04-18  36599  34199
112 112 2020-04-19  38654  37126
113 113 2020-04-20  40581  40261
114 114 2020-04-21  43079  43615
115 115 2020-04-22  45757  47193
116 116 2020-04-23  49492  51001
117 117 2020-04-24  52995  55045
118 118 2020-04-25  58509  59327
119 119 2020-04-26  61888  63848
120 120 2020-04-27  66501  68607
121 121 2020-04-28  71886  73601
122 122 2020-04-29  78162  78823
123 123 2020-04-30  85380  84266
124 124 2020-05-01  91589  89918
125 125 2020-05-02  96559  95766
126 126 2020-05-03 101147 101791
127 127 2020-05-04 107780 107975
128 128 2020-05-05 115455 114295

Intervalo de Confianca
             2.5%        97.5%
Asym 252468.69908 319902.81120
xmid    130.10227    134.31011
scal     10.30423     10.98505


Formula: x ~ SSlogis(day, Asym, xmid, scal)

Parameters:
        Estimate  Std. Error t value            Pr(>|t|)    
Asym 281443.7442  17320.4003   16.25 <0.0000000000000002 ***
xmid    132.0434      1.1002  120.02 <0.0000000000000002 ***
scal     10.6378      0.1823   58.36 <0.0000000000000002 ***
---
Signif. codes:  0 ‘***’ 0.001 ‘**’ 0.01 ‘*’ 0.05 ‘.’ 0.1 ‘ ’ 1

Residual standard error: 975.9 on 125 degrees of freedom

Number of iterations to convergence: 8 
Achieved convergence tolerance: 0.0000000149


Brazil: o primeiro caso foi registrado em 25/02/2020 na data 05/05/2020 temos 70 dias desde o primeiro caso. A data de pico prevista pelo modelo logístico é 06/07/2020 (dia 132 desde os primeiros casos relatados).
Em 06/07/2020 o modelo estima 281444+/-17320 casos. De acordo com o modelo ajustado temos 62 de infecçao pela frente.

Todos os dados gerados
    country       dias otimista casos_estimados pessimista estimativa_mortes casos_confirmados mortes_confirmadas latitude longitude
1    Brazil 2019-12-30        1               1          1                 0                 0                  0        0         0
2    Brazil 2019-12-31        1               1          1                 0                 0                  0        0         0
3    Brazil 2020-01-01        2               2          2                 0                 0                  0        0         0
4    Brazil 2020-01-02        2               2          2                 0                 0                  0        0         0
5    Brazil 2020-01-03        2               2          2                 0                 0                  0        0         0
6    Brazil 2020-01-04        2               2          2                 0                 0                  0        0         0
7    Brazil 2020-01-05        2               2          2                 0                 0                  0        0         0
8    Brazil 2020-01-06        2               2          2                 0                 0                  0        0         0
9    Brazil 2020-01-07        3               3          3                 0                 0                  0        0         0
10   Brazil 2020-01-08        3               3          3                 0                 0                  0        0         0
11   Brazil 2020-01-09        3               3          3                 0                 0                  0        0         0
12   Brazil 2020-01-10        4               4          4                 0                 0                  0        0         0
13   Brazil 2020-01-11        4               4          4                 0                 0                  0        0         0
14   Brazil 2020-01-12        4               4          4                 0                 0                  0        0         0
15   Brazil 2020-01-13        5               5          5                 0                 0                  0        0         0
16   Brazil 2020-01-14        5               5          5                 0                 0                  0        0         0
17   Brazil 2020-01-15        6               6          6                 0                 0                  0        0         0
18   Brazil 2020-01-16        6               6          6                 0                 0                  0        0         0
19   Brazil 2020-01-17        6               7          8                 0                 0                  0        0         0
20   Brazil 2020-01-18        7               8          9                 1                 0                  0        0         0
21   Brazil 2020-01-19        7               8          9                 1                 0                  0        0         0
22   Brazil 2020-01-20        8               9         10                 1                 0                  0        0         0
23   Brazil 2020-01-21        9              10         11                 1                 0                  0        0         0
24   Brazil 2020-01-22       10              11         12                 1                 0                  0        0         0
25   Brazil 2020-01-23       11              12         13                 1                 0                  0        0         0
26   Brazil 2020-01-24       12              13         14                 1                 0                  0        0         0
27   Brazil 2020-01-25       13              14         15                 1                 0                  0        0         0
28   Brazil 2020-01-26       15              16         17                 1                 0                  0        0         0
29   Brazil 2020-01-27       16              17         18                 1                 0                  0        0         0
30   Brazil 2020-01-28       18              19         20                 1                 0                  0        0         0
31   Brazil 2020-01-29       19              21         23                 1                 0                  0        0         0
32   Brazil 2020-01-30       21              23         25                 2                 0                  0        0         0
33   Brazil 2020-01-31       23              25         27                 2                 0                  0        0         0
34   Brazil 2020-02-01       26              28         30                 2                 0                  0        0         0
35   Brazil 2020-02-02       29              31         33                 2                 0                  0        0         0
36   Brazil 2020-02-03       31              34         37                 2                 0                  0        0         0
37   Brazil 2020-02-04       34              37         40                 3                 0                  0        0         0
38   Brazil 2020-02-05       38              41         44                 3                 0                  0        0         0
39   Brazil 2020-02-06       42              45         48                 3                 0                  0        0         0
40   Brazil 2020-02-07       45              49         53                 3                 0                  0        0         0
41   Brazil 2020-02-08       50              54         58                 4                 0                  0        0         0
42   Brazil 2020-02-09       54              59         64                 4                 0                  0        0         0
43   Brazil 2020-02-10       60              65         70                 4                 0                  0        0         0
44   Brazil 2020-02-11       66              72         78                 5                 0                  0        0         0
45   Brazil 2020-02-12       73              79         85                 5                 0                  0        0         0
46   Brazil 2020-02-13       79              86         93                 6                 0                  0        0         0
47   Brazil 2020-02-14       88              95        102                 7                 0                  0        0         0
48   Brazil 2020-02-15       96             104        112                 7                 0                  0        0         0
49   Brazil 2020-02-16      106             115        124                 8                 0                  0        0         0
50   Brazil 2020-02-17      116             126        136                 9                 0                  0        0         0
51   Brazil 2020-02-18      127             138        149                 9                 0                  0        0         0
52   Brazil 2020-02-19      140             152        164                10                 0                  0        0         0
53   Brazil 2020-02-20      154             167        180                11                 0                  0        0         0
54   Brazil 2020-02-21      169             183        197                13                 0                  0        0         0
55   Brazil 2020-02-22      185             201        217                14                 0                  0        0         0
56   Brazil 2020-02-23      204             221        238                15                 0                  0        0         0
57   Brazil 2020-02-24      224             243        262                17                 0                  0        0         0
58   Brazil 2020-02-25      246             267        288                18                 1                  0        0         0
59   Brazil 2020-02-26      270             293        316                20                 1                  0        0         0
60   Brazil 2020-02-27      297             322        347                22                 1                  0        0         0
61   Brazil 2020-02-28      326             354        382                24                 1                  0        0         0
62   Brazil 2020-02-29      358             388        418                27                 2                  0        0         0
63   Brazil 2020-03-01      394             427        460                29                 2                  0        0         0
64   Brazil 2020-03-02      433             469        505                32                 2                  0        0         0
65   Brazil 2020-03-03      475             515        555                35                 2                  0        0         0
66   Brazil 2020-03-04      521             565        609                39                 3                  0        0         0
67   Brazil 2020-03-05      573             621        669                43                 8                  0        0         0
68   Brazil 2020-03-06      629             682        735                47                13                  0        0         0
69   Brazil 2020-03-07      691             749        807                51                13                  0        0         0
70   Brazil 2020-03-08      759             823        887                57                25                  0        0         0
71   Brazil 2020-03-09      833             903        973                62                25                  0        0         0
72   Brazil 2020-03-10      915             992       1069                68                34                  0        0         0
73   Brazil 2020-03-11     1005            1090       1175                75                52                  0        0         0
74   Brazil 2020-03-12     1103            1196       1289                82                77                  0        0         0
75   Brazil 2020-03-13     1212            1314       1416                90                98                  0        0         0
76   Brazil 2020-03-14     1331            1443       1555                99               121                  0        0         0
77   Brazil 2020-03-15     1461            1584       1707               109               200                  0        0         0
78   Brazil 2020-03-16     1604            1739       1874               120               234                  1        0         0
79   Brazil 2020-03-17     1761            1909       2057               131               291                  4        0         0
80   Brazil 2020-03-18     1933            2096       2259               144               428                  6        0         0
81   Brazil 2020-03-19     2122            2301       2480               158               621                 11        0         0
82   Brazil 2020-03-20     2330            2526       2722               174               904                 18        0         0
83   Brazil 2020-03-21     2556            2772       2988               191              1128                 25        0         0
84   Brazil 2020-03-22     2806            3043       3280               209              1546                 34        0         0
85   Brazil 2020-03-23     3079            3339       3599               230              1891                 46        0         0
86   Brazil 2020-03-24     3379            3664       3949               252              2201                 57        0         0
87   Brazil 2020-03-25     3707            4020       4333               276              2433                 77        0         0
88   Brazil 2020-03-26     4067            4410       4753               303              2915                 92        0         0
89   Brazil 2020-03-27     4461            4837       5213               333              3417                114        0         0
90   Brazil 2020-03-28     4893            5305       5717               365              3904                136        0         0
91   Brazil 2020-03-29     5365            5817       6269               400              4256                159        0         0
92   Brazil 2020-03-30     5881            6377       6873               438              4579                201        0         0
93   Brazil 2020-03-31     6447            6990       7533               481              5717                241        0         0
94   Brazil 2020-04-01     7065            7661       8257               527              6836                299        0         0
95   Brazil 2020-04-02     7740            8393       9046               577              7910                359        0         0
96   Brazil 2020-04-03     8478            9193       9908               632              9056                432        0         0
97   Brazil 2020-04-04     9284           10067      10850               692             10278                486        0         0
98   Brazil 2020-04-05    10164           11021      11878               758             11130                553        0         0
99   Brazil 2020-04-06    11122           12060      12998               829             12056                667        0         0
100  Brazil 2020-04-07    12167           13193      14219               907             13717                800        0         0
101  Brazil 2020-04-08    13305           14427      15549               992             15927                941        0         0
102  Brazil 2020-04-09    14543           15769      16995              1084             17857               1056        0         0
103  Brazil 2020-04-10    15888           17228      18568              1184             19638               1124        0         0
104  Brazil 2020-04-11    17350           18813      20276              1293             20727               1223        0         0
105  Brazil 2020-04-12    18936           20532      22128              1412             22169               1328        0         0
106  Brazil 2020-04-13    20654           22395      24136              1540             23430               1532        0         0
107  Brazil 2020-04-14    22513           24411      26309              1678             25262               1736        0         0
108  Brazil 2020-04-15    24522           26589      28656              1828             28320               1924        0         0
109  Brazil 2020-04-16    26691           28941      31191              1990             30425               2141        0         0
110  Brazil 2020-04-17    29027           31474      33921              2164             33682               2347        0         0
111  Brazil 2020-04-18    31540           34199      36858              2351             36599               2462        0         0
112  Brazil 2020-04-19    34239           37126      40013              2553             38654               2575        0         0
113  Brazil 2020-04-20    37131           40261      43391              2768             40581               2741        0         0
114  Brazil 2020-04-21    40224           43615      47006              2999             43079               2906        0         0
115  Brazil 2020-04-22    43524           47193      50862              3245             45757               3313        0         0
116  Brazil 2020-04-23    47035           51001      54967              3507             49492               3670        0         0
117  Brazil 2020-04-24    50765           55045      59325              3785             52995               4016        0         0
118  Brazil 2020-04-25    54714           59327      63940              4079             58509               4205        0         0
119  Brazil 2020-04-26    58884           63848      68812              4390             61888               4543        0         0
120  Brazil 2020-04-27    63273           68607      73941              4717             66501               5017        0         0
121  Brazil 2020-04-28    67878           73601      79324              5060             71886               5466        0         0
122  Brazil 2020-04-29    72694           78823      84952              5419             78162               5901        0         0
123  Brazil 2020-04-30    77714           84266      90818              5794             85380               6329        0         0
124  Brazil 2020-05-01    82927           89918      96909              6182             91589               6750        0         0
125  Brazil 2020-05-02    88320           95766     103212              6584             96559               7025        0         0
126  Brazil 2020-05-03    93876          101791     109706              6999            101147               7321        0         0
127  Brazil 2020-05-04    99580          107975     116370              7424            107780               7938        0         0
128  Brazil 2020-05-05   105408          114295     123182              7858            115455               7938        0         0
129  Brazil 2020-05-06   111341          120728     130115              8301                NA                 NA        0         0
130  Brazil 2020-05-07   117354          127248     137142              8749                NA                 NA        0         0
131  Brazil 2020-05-08   123421          133826     144231              9201                NA                 NA        0         0
132  Brazil 2020-05-09   129516          140435     151354              9655                NA                 NA        0         0
133  Brazil 2020-05-10   135611          147044     158477             10110                NA                 NA        0         0
134  Brazil 2020-05-11   141682          153627     165572             10562                NA                 NA        0         0
135  Brazil 2020-05-12   147700          160152     172604             11011                NA                 NA        0         0

Fontes:
	OMS - https://ourworldindata.org/coronavirus-source-data
	Worldometers - https://www.worldometers.info/coronavirus