
 Italy 
Projecao:  7  dias
Gerado em:  2020-04-25 12:50:10
RMSE(%):  7.5 , BIAS(%): 1.59

Taxa de Mortalidade 13.46 %

    country       dias otimista casos_estimados pessimista estimativa_mortes casos_confirmados mortes_confirmadas latitude longitude
106   Italy 2020-04-13   151774          164039     176304             22073            159516              21069 41.87194  12.56738
107   Italy 2020-04-14   154437          166918     179399             22460            162488              21647 41.87194  12.56738
108   Italy 2020-04-15   156875          169553     182231             22815            165155              22172 41.87194  12.56738
109   Italy 2020-04-16   159098          171955     184812             23138            168941              22747 41.87194  12.56738
110   Italy 2020-04-17   161117          174138     187159             23432            172434              23227 41.87194  12.56738
111   Italy 2020-04-18   162949          176117     189285             23698            175925              23660 41.87194  12.56738
112   Italy 2020-04-19   164605          177907     191209             23939            178972              24114 41.87194  12.56738
113   Italy 2020-04-20   166099          179522     192945             24156            181228              24648 41.87194  12.56738
114   Italy 2020-04-21   167443          180975     194507             24352            183957              25085 41.87194  12.56738
115   Italy 2020-04-22   168653          182282     195911             24528            187327              25549 41.87194  12.56738
116   Italy 2020-04-23   169737          183454     197171             24685            189973              25969 41.87194  12.56738
117   Italy 2020-04-24   170708          184504     198300             24827            192994              25969 41.87194  12.56738
118   Italy 2020-04-25   171577          185443     199309             24953            192994              25969 41.87194  12.56738
119   Italy 2020-04-26   172354          186283     200212             25066                NA                 NA 41.87194  12.56738
120   Italy 2020-04-27   173047          187032     201017             25167                NA                 NA 41.87194  12.56738
121   Italy 2020-04-28   173665          187700     201735             25257                NA                 NA 41.87194  12.56738
122   Italy 2020-04-29   174217          188296     202375             25337                NA                 NA 41.87194  12.56738
123   Italy 2020-04-30   174707          188826     202945             25408                NA                 NA 41.87194  12.56738
124   Italy 2020-05-01   175144          189298     203452             25472                NA                 NA 41.87194  12.56738
125   Italy 2020-05-02   175532          189717     203902             25528                NA                 NA 41.87194  12.56738

Total de casos no mundo:  2865217 1002325 1246755 454863 121874 8257 30422 721 2865217

Estimados a partir dos dados da OMS:
    day       date      x   xest
1     1 2019-12-30      0      3
2     2 2019-12-31      0      3
3     3 2020-01-01      0      4
4     4 2020-01-02      0      4
5     5 2020-01-03      0      5
6     6 2020-01-04      0      5
7     7 2020-01-05      0      6
8     8 2020-01-06      0      7
9     9 2020-01-07      0      8
10   10 2020-01-08      0      9
11   11 2020-01-09      0     10
12   12 2020-01-10      0     11
13   13 2020-01-11      0     13
14   14 2020-01-12      0     14
15   15 2020-01-13      0     16
16   16 2020-01-14      0     18
17   17 2020-01-15      0     21
18   18 2020-01-16      0     24
19   19 2020-01-17      0     27
20   20 2020-01-18      0     30
21   21 2020-01-19      0     34
22   22 2020-01-20      0     38
23   23 2020-01-21      0     43
24   24 2020-01-22      0     49
25   25 2020-01-23      0     55
26   26 2020-01-24      0     63
27   27 2020-01-25      0     71
28   28 2020-01-26      0     80
29   29 2020-01-27      0     90
30   30 2020-01-28      0    102
31   31 2020-01-29      0    115
32   32 2020-01-30      3    130
33   33 2020-01-31      3    147
34   34 2020-02-01      3    166
35   35 2020-02-02      3    188
36   36 2020-02-03      3    212
37   37 2020-02-04      3    240
38   38 2020-02-05      3    271
39   39 2020-02-06      3    306
40   40 2020-02-07      3    345
41   41 2020-02-08      3    390
42   42 2020-02-09      3    441
43   43 2020-02-10      3    498
44   44 2020-02-11      3    562
45   45 2020-02-12      3    635
46   46 2020-02-13      3    717
47   47 2020-02-14      3    810
48   48 2020-02-15      3    915
49   49 2020-02-16      3   1033
50   50 2020-02-17      3   1166
51   51 2020-02-18      3   1316
52   52 2020-02-19      3   1486
53   53 2020-02-20      3   1677
54   54 2020-02-21     17   1893
55   55 2020-02-22     79   2136
56   56 2020-02-23    132   2410
57   57 2020-02-24    229   2719
58   58 2020-02-25    322   3066
59   59 2020-02-26    400   3457
60   60 2020-02-27    650   3897
61   61 2020-02-28    888   4391
62   62 2020-02-29   1128   4947
63   63 2020-03-01   1689   5571
64   64 2020-03-02   2036   6271
65   65 2020-03-03   2502   7055
66   66 2020-03-04   3089   7933
67   67 2020-03-05   3858   8916
68   68 2020-03-06   4636  10014
69   69 2020-03-07   5883  11238
70   70 2020-03-08   7375  12602
71   71 2020-03-09   9172  14119
72   72 2020-03-10  10149  15802
73   73 2020-03-11  12462  17666
74   74 2020-03-12  15113  19726
75   75 2020-03-13  17660  21996
76   76 2020-03-14  21157  24489
77   77 2020-03-15  23980  27221
78   78 2020-03-16  27980  30202
79   79 2020-03-17  31506  33445
80   80 2020-03-18  35713  36956
81   81 2020-03-19  41035  40742
82   82 2020-03-20  47021  44804
83   83 2020-03-21  53578  49141
84   84 2020-03-22  59138  53745
85   85 2020-03-23  63927  58605
86   86 2020-03-24  69176  63703
87   87 2020-03-25  74386  69017
88   88 2020-03-26  80539  74519
89   89 2020-03-27  86498  80176
90   90 2020-03-28  92472  85950
91   91 2020-03-29  97689  91803
92   92 2020-03-30 101739  97690
93   93 2020-03-31 105792 103568
94   94 2020-04-01 110574 109395
95   95 2020-04-02 115242 115127
96   96 2020-04-03 119827 120725
97   97 2020-04-04 124632 126156
98   98 2020-04-05 128948 131386
99   99 2020-04-06 132547 136391
100 100 2020-04-07 135586 141149
101 101 2020-04-08 139422 145647
102 102 2020-04-09 143626 149874
103 103 2020-04-10 147577 153825
104 104 2020-04-11 152271 157500
105 105 2020-04-12 156363 160903
106 106 2020-04-13 159516 164039
107 107 2020-04-14 162488 166918
108 108 2020-04-15 165155 169553
109 109 2020-04-16 168941 171955
110 110 2020-04-17 172434 174138
111 111 2020-04-18 175925 176117
112 112 2020-04-19 178972 177907
113 113 2020-04-20 181228 179522
114 114 2020-04-21 183957 180975
115 115 2020-04-22 187327 182282
116 116 2020-04-23 189973 183454
117 117 2020-04-24 192994 184504
118 118 2020-04-25 192994 185443

Intervalo de Confianca
              2.5%        97.5%
Asym 189527.558510 196718.27968
xmid     91.304321     92.31789
scal      7.871432      8.52219


Formula: x ~ SSlogis(day, Asym, xmid, scal)

Parameters:
        Estimate  Std. Error t value            Pr(>|t|)    
Asym 193011.4629   1740.2672   110.9 <0.0000000000000002 ***
xmid     91.7990      0.2403   382.1 <0.0000000000000002 ***
scal      8.1909      0.1662    49.3 <0.0000000000000002 ***
---
Signif. codes:  0 ‘***’ 0.001 ‘**’ 0.01 ‘*’ 0.05 ‘.’ 0.1 ‘ ’ 1

Residual standard error: 3294 on 115 degrees of freedom

Number of iterations to convergence: 12 
Achieved convergence tolerance: 0.0000000149


Italy: o primeiro caso foi registrado em 30/01/2020 na data 25/04/2020 temos 86 dias desde o primeiro caso. A data de pico prevista pelo modelo logístico é 01/05/2020 (dia 92 desde os primeiros casos relatados).
Em 01/05/2020 o modelo estima 193011+/-1740 casos. De acordo com o modelo ajustado temos 6 de infecçao pela frente.

Todos os dados gerados
    country       dias otimista casos_estimados pessimista estimativa_mortes casos_confirmados mortes_confirmadas latitude longitude
1     Italy 2019-12-30        3               3          3                 0                 0                  0 41.87194  12.56738
2     Italy 2019-12-31        3               3          3                 0                 0                  0 41.87194  12.56738
3     Italy 2020-01-01        4               4          4                 1                 0                  0 41.87194  12.56738
4     Italy 2020-01-02        4               4          4                 1                 0                  0 41.87194  12.56738
5     Italy 2020-01-03        5               5          5                 1                 0                  0 41.87194  12.56738
6     Italy 2020-01-04        5               5          5                 1                 0                  0 41.87194  12.56738
7     Italy 2020-01-05        6               6          6                 1                 0                  0 41.87194  12.56738
8     Italy 2020-01-06        6               7          8                 1                 0                  0 41.87194  12.56738
9     Italy 2020-01-07        7               8          9                 1                 0                  0 41.87194  12.56738
10    Italy 2020-01-08        8               9         10                 1                 0                  0 41.87194  12.56738
11    Italy 2020-01-09        9              10         11                 1                 0                  0 41.87194  12.56738
12    Italy 2020-01-10       10              11         12                 1                 0                  0 41.87194  12.56738
13    Italy 2020-01-11       12              13         14                 2                 0                  0 41.87194  12.56738
14    Italy 2020-01-12       13              14         15                 2                 0                  0 41.87194  12.56738
15    Italy 2020-01-13       15              16         17                 2                 0                  0 41.87194  12.56738
16    Italy 2020-01-14       17              18         19                 2                 0                  0 41.87194  12.56738
17    Italy 2020-01-15       19              21         23                 3                 0                  0 41.87194  12.56738
18    Italy 2020-01-16       22              24         26                 3                 0                  0 41.87194  12.56738
19    Italy 2020-01-17       25              27         29                 4                 0                  0 41.87194  12.56738
20    Italy 2020-01-18       28              30         32                 4                 0                  0 41.87194  12.56738
21    Italy 2020-01-19       31              34         37                 5                 0                  0 41.87194  12.56738
22    Italy 2020-01-20       35              38         41                 5                 0                  0 41.87194  12.56738
23    Italy 2020-01-21       40              43         46                 6                 0                  0 41.87194  12.56738
24    Italy 2020-01-22       45              49         53                 7                 0                  0 41.87194  12.56738
25    Italy 2020-01-23       51              55         59                 7                 0                  0 41.87194  12.56738
26    Italy 2020-01-24       58              63         68                 8                 0                  0 41.87194  12.56738
27    Italy 2020-01-25       66              71         76                10                 0                  0 41.87194  12.56738
28    Italy 2020-01-26       74              80         86                11                 0                  0 41.87194  12.56738
29    Italy 2020-01-27       83              90         97                12                 0                  0 41.87194  12.56738
30    Italy 2020-01-28       94             102        110                14                 0                  0 41.87194  12.56738
31    Italy 2020-01-29      106             115        124                15                 0                  0 41.87194  12.56738
32    Italy 2020-01-30      120             130        140                17                 3                  0 41.87194  12.56738
33    Italy 2020-01-31      136             147        158                20                 3                  0 41.87194  12.56738
34    Italy 2020-02-01      154             166        178                22                 3                  0 41.87194  12.56738
35    Italy 2020-02-02      174             188        202                25                 3                  0 41.87194  12.56738
36    Italy 2020-02-03      196             212        228                29                 3                  0 41.87194  12.56738
37    Italy 2020-02-04      222             240        258                32                 3                  0 41.87194  12.56738
38    Italy 2020-02-05      251             271        291                36                 3                  0 41.87194  12.56738
39    Italy 2020-02-06      283             306        329                41                 3                  0 41.87194  12.56738
40    Italy 2020-02-07      319             345        371                46                 3                  0 41.87194  12.56738
41    Italy 2020-02-08      361             390        419                52                 3                  0 41.87194  12.56738
42    Italy 2020-02-09      408             441        474                59                 3                  0 41.87194  12.56738
43    Italy 2020-02-10      461             498        535                67                 3                  0 41.87194  12.56738
44    Italy 2020-02-11      520             562        604                76                 3                  0 41.87194  12.56738
45    Italy 2020-02-12      588             635        682                85                 3                  0 41.87194  12.56738
46    Italy 2020-02-13      663             717        771                96                 3                  0 41.87194  12.56738
47    Italy 2020-02-14      749             810        871               109                 3                  0 41.87194  12.56738
48    Italy 2020-02-15      847             915        983               123                 3                  0 41.87194  12.56738
49    Italy 2020-02-16      956            1033       1110               139                 3                  0 41.87194  12.56738
50    Italy 2020-02-17     1079            1166       1253               157                 3                  0 41.87194  12.56738
51    Italy 2020-02-18     1218            1316       1414               177                 3                  0 41.87194  12.56738
52    Italy 2020-02-19     1375            1486       1597               200                 3                  0 41.87194  12.56738
53    Italy 2020-02-20     1552            1677       1802               226                 3                  0 41.87194  12.56738
54    Italy 2020-02-21     1751            1893       2035               255                17                  2 41.87194  12.56738
55    Italy 2020-02-22     1976            2136       2296               287                79                  2 41.87194  12.56738
56    Italy 2020-02-23     2230            2410       2590               324               132                  6 41.87194  12.56738
57    Italy 2020-02-24     2516            2719       2922               366               229                 11 41.87194  12.56738
58    Italy 2020-02-25     2837            3066       3295               413               322                 12 41.87194  12.56738
59    Italy 2020-02-26     3199            3457       3715               465               400                 17 41.87194  12.56738
60    Italy 2020-02-27     3606            3897       4188               524               650                 21 41.87194  12.56738
61    Italy 2020-02-28     4063            4391       4719               591               888                 29 41.87194  12.56738
62    Italy 2020-02-29     4577            4947       5317               666              1128                 35 41.87194  12.56738
63    Italy 2020-03-01     5154            5571       5988               750              1689                 52 41.87194  12.56738
64    Italy 2020-03-02     5802            6271       6740               844              2036                 80 41.87194  12.56738
65    Italy 2020-03-03     6527            7055       7583               949              2502                107 41.87194  12.56738
66    Italy 2020-03-04     7340            7933       8526              1067              3089                148 41.87194  12.56738
67    Italy 2020-03-05     8249            8916       9583              1200              3858                197 41.87194  12.56738
68    Italy 2020-03-06     9265           10014      10763              1347              4636                233 41.87194  12.56738
69    Italy 2020-03-07    10398           11238      12078              1512              5883                366 41.87194  12.56738
70    Italy 2020-03-08    11660           12602      13544              1696              7375                464 41.87194  12.56738
71    Italy 2020-03-09    13063           14119      15175              1900              9172                631 41.87194  12.56738
72    Italy 2020-03-10    14620           15802      16984              2126             10149                827 41.87194  12.56738
73    Italy 2020-03-11    16345           17666      18987              2377             12462               1016 41.87194  12.56738
74    Italy 2020-03-12    18251           19726      21201              2654             15113               1268 41.87194  12.56738
75    Italy 2020-03-13    20351           21996      23641              2960             17660               1441 41.87194  12.56738
76    Italy 2020-03-14    22658           24489      26320              3295             21157               1811 41.87194  12.56738
77    Italy 2020-03-15    25186           27221      29256              3663             23980               2158 41.87194  12.56738
78    Italy 2020-03-16    27944           30202      32460              4064             27980               2505 41.87194  12.56738
79    Italy 2020-03-17    30944           33445      35946              4500             31506               2978 41.87194  12.56738
80    Italy 2020-03-18    34193           36956      39719              4973             35713               3407 41.87194  12.56738
81    Italy 2020-03-19    37696           40742      43788              5482             41035               4032 41.87194  12.56738
82    Italy 2020-03-20    41454           44804      48154              6029             47021               4827 41.87194  12.56738
83    Italy 2020-03-21    45467           49141      52815              6612             53578               5476 41.87194  12.56738
84    Italy 2020-03-22    49726           53745      57764              7232             59138               6077 41.87194  12.56738
85    Italy 2020-03-23    54223           58605      62987              7886             63927               6820 41.87194  12.56738
86    Italy 2020-03-24    58940           63703      68466              8572             69176               7505 41.87194  12.56738
87    Italy 2020-03-25    63857           69017      74177              9287             74386               8165 41.87194  12.56738
88    Italy 2020-03-26    68947           74519      80091             10027             80539               9136 41.87194  12.56738
89    Italy 2020-03-27    74181           80176      86171             10788             86498              10023 41.87194  12.56738
90    Italy 2020-03-28    79523           85950      92377             11565             92472              10781 41.87194  12.56738
91    Italy 2020-03-29    84939           91803      98667             12353             97689              11591 41.87194  12.56738
92    Italy 2020-03-30    90386           97690     104994             13145            101739              12430 41.87194  12.56738
93    Italy 2020-03-31    95824          103568     111312             13936            105792              13157 41.87194  12.56738
94    Italy 2020-04-01   101215          109395     117575             14720            110574              13917 41.87194  12.56738
95    Italy 2020-04-02   106519          115127     123735             15491            115242              14681 41.87194  12.56738
96    Italy 2020-04-03   111698          120725     129752             16245            119827              15362 41.87194  12.56738
97    Italy 2020-04-04   116723          126156     135589             16975            124632              15889 41.87194  12.56738
98    Italy 2020-04-05   121562          131386     141210             17679            128948              16525 41.87194  12.56738
99    Italy 2020-04-06   126193          136391     146589             18353            132547              17129 41.87194  12.56738
100   Italy 2020-04-07   130595          141149     151703             18993            135586              17669 41.87194  12.56738
101   Italy 2020-04-08   134757          145647     156537             19598            139422              18281 41.87194  12.56738
102   Italy 2020-04-09   138668          149874     161080             20167            143626              18851 41.87194  12.56738
103   Italy 2020-04-10   142323          153825     165327             20698            147577              19470 41.87194  12.56738
104   Italy 2020-04-11   145724          157500     169276             21193            152271              19901 41.87194  12.56738
105   Italy 2020-04-12   148872          160903     172934             21651            156363              20465 41.87194  12.56738
106   Italy 2020-04-13   151774          164039     176304             22073            159516              21069 41.87194  12.56738
107   Italy 2020-04-14   154437          166918     179399             22460            162488              21647 41.87194  12.56738
108   Italy 2020-04-15   156875          169553     182231             22815            165155              22172 41.87194  12.56738
109   Italy 2020-04-16   159098          171955     184812             23138            168941              22747 41.87194  12.56738
110   Italy 2020-04-17   161117          174138     187159             23432            172434              23227 41.87194  12.56738
111   Italy 2020-04-18   162949          176117     189285             23698            175925              23660 41.87194  12.56738
112   Italy 2020-04-19   164605          177907     191209             23939            178972              24114 41.87194  12.56738
113   Italy 2020-04-20   166099          179522     192945             24156            181228              24648 41.87194  12.56738
114   Italy 2020-04-21   167443          180975     194507             24352            183957              25085 41.87194  12.56738
115   Italy 2020-04-22   168653          182282     195911             24528            187327              25549 41.87194  12.56738
116   Italy 2020-04-23   169737          183454     197171             24685            189973              25969 41.87194  12.56738
117   Italy 2020-04-24   170708          184504     198300             24827            192994              25969 41.87194  12.56738
118   Italy 2020-04-25   171577          185443     199309             24953            192994              25969 41.87194  12.56738
119   Italy 2020-04-26   172354          186283     200212             25066                NA                 NA 41.87194  12.56738
120   Italy 2020-04-27   173047          187032     201017             25167                NA                 NA 41.87194  12.56738
121   Italy 2020-04-28   173665          187700     201735             25257                NA                 NA 41.87194  12.56738
122   Italy 2020-04-29   174217          188296     202375             25337                NA                 NA 41.87194  12.56738
123   Italy 2020-04-30   174707          188826     202945             25408                NA                 NA 41.87194  12.56738
124   Italy 2020-05-01   175144          189298     203452             25472                NA                 NA 41.87194  12.56738
125   Italy 2020-05-02   175532          189717     203902             25528                NA                 NA 41.87194  12.56738

Fontes:
	OMS - https://ourworldindata.org/coronavirus-source-data
	Worldometers - https://www.worldometers.info/coronavirus