
 Italy 
Projecao:  7  dias
Gerado em:  2020-06-12 07:05:08
RMSE(%):  5.5 , BIAS(%): 1.2

Taxa de Mortalidade 14.47 %

    country       dias otimista casos_estimados pessimista estimativa_mortes casos_confirmados mortes_confirmadas latitude longitude
154   Italy 2020-05-31   216120          228707     241294             33091            233019              33475 41.87194  12.56738
155   Italy 2020-06-01   216216          228809     241402             33106            233197              33530 41.87194  12.56738
156   Italy 2020-06-02   216305          228903     241501             33120            233515              33601 41.87194  12.56738
157   Italy 2020-06-03   216386          228989     241592             33132            233836              33689 41.87194  12.56738
158   Italy 2020-06-04   216460          229067     241674             33143            234013              33774 41.87194  12.56738
159   Italy 2020-06-05   216527          229138     241749             33154            234531              33846 41.87194  12.56738
160   Italy 2020-06-06   216588          229203     241818             33163            234801              33899 41.87194  12.56738
161   Italy 2020-06-07   216645          229263     241881             33172            234998              33964 41.87194  12.56738
162   Italy 2020-06-08   216696          229317     241938             33180            235278              34043 41.87194  12.56738
163   Italy 2020-06-09   216742          229366     241990             33187            235561              34114 41.87194  12.56738
164   Italy 2020-06-10   216786          229412     242038             33193            235763              34167 41.87194  12.56738
165   Italy 2020-06-11   216825          229453     242081             33199            236142              34167 41.87194  12.56738
166   Italy 2020-06-12   216860          229490     242120             33205            236142              34167 41.87194  12.56738
167   Italy 2020-06-13   216893          229525     242157             33210                NA                 NA 41.87194  12.56738
168   Italy 2020-06-14   216922          229556     242190             33214                NA                 NA 41.87194  12.56738
169   Italy 2020-06-15   216949          229585     242221             33218                NA                 NA 41.87194  12.56738
170   Italy 2020-06-16   216974          229611     242248             33222                NA                 NA 41.87194  12.56738
171   Italy 2020-06-17   216996          229634     242272             33225                NA                 NA 41.87194  12.56738
172   Italy 2020-06-18   217016          229656     242296             33229                NA                 NA 41.87194  12.56738
173   Italy 2020-06-19   217035          229676     242317             33231                NA                 NA 41.87194  12.56738

Total de casos no mundo:  7616782 2392295 1313866 2166391 1515049 219560 8900 721 7616782

Estimados a partir dos dados da OMS:
    day       date      x   xest
1     1 2019-12-30      0     35
2     2 2019-12-31      0     38
3     3 2020-01-01      0     42
4     4 2020-01-02      0     46
5     5 2020-01-03      0     51
6     6 2020-01-04      0     56
7     7 2020-01-05      0     61
8     8 2020-01-06      0     67
9     9 2020-01-07      0     73
10   10 2020-01-08      0     80
11   11 2020-01-09      0     88
12   12 2020-01-10      0     96
13   13 2020-01-11      0    106
14   14 2020-01-12      0    116
15   15 2020-01-13      0    127
16   16 2020-01-14      0    139
17   17 2020-01-15      0    153
18   18 2020-01-16      0    167
19   19 2020-01-17      0    183
20   20 2020-01-18      0    201
21   21 2020-01-19      0    220
22   22 2020-01-20      0    241
23   23 2020-01-21      0    265
24   24 2020-01-22      0    290
25   25 2020-01-23      0    318
26   26 2020-01-24      0    349
27   27 2020-01-25      0    382
28   28 2020-01-26      0    419
29   29 2020-01-27      0    459
30   30 2020-01-28      0    503
31   31 2020-01-29      0    551
32   32 2020-01-30      3    604
33   33 2020-01-31      3    662
34   34 2020-02-01      3    726
35   35 2020-02-02      3    795
36   36 2020-02-03      3    872
37   37 2020-02-04      3    955
38   38 2020-02-05      3   1047
39   39 2020-02-06      3   1147
40   40 2020-02-07      3   1256
41   41 2020-02-08      3   1377
42   42 2020-02-09      3   1508
43   43 2020-02-10      3   1652
44   44 2020-02-11      3   1810
45   45 2020-02-12      3   1983
46   46 2020-02-13      3   2172
47   47 2020-02-14      3   2379
48   48 2020-02-15      3   2605
49   49 2020-02-16      3   2853
50   50 2020-02-17      3   3124
51   51 2020-02-18      3   3420
52   52 2020-02-19      3   3743
53   53 2020-02-20      3   4097
54   54 2020-02-21     17   4484
55   55 2020-02-22     79   4906
56   56 2020-02-23    132   5367
57   57 2020-02-24    229   5871
58   58 2020-02-25    322   6420
59   59 2020-02-26    400   7019
60   60 2020-02-27    650   7672
61   61 2020-02-28    888   8383
62   62 2020-02-29   1128   9158
63   63 2020-03-01   1689  10001
64   64 2020-03-02   2036  10917
65   65 2020-03-03   2502  11914
66   66 2020-03-04   3089  12995
67   67 2020-03-05   3858  14169
68   68 2020-03-06   4636  15441
69   69 2020-03-07   5883  16818
70   70 2020-03-08   7375  18308
71   71 2020-03-09   9172  19917
72   72 2020-03-10  10149  21653
73   73 2020-03-11  12462  23524
74   74 2020-03-12  15113  25536
75   75 2020-03-13  17660  27698
76   76 2020-03-14  21157  30015
77   77 2020-03-15  23980  32496
78   78 2020-03-16  27980  35145
79   79 2020-03-17  31506  37968
80   80 2020-03-18  35713  40971
81   81 2020-03-19  41035  44157
82   82 2020-03-20  47021  47528
83   83 2020-03-21  53578  51085
84   84 2020-03-22  59138  54829
85   85 2020-03-23  63927  58757
86   86 2020-03-24  69176  62865
87   87 2020-03-25  74386  67148
88   88 2020-03-26  80539  71598
89   89 2020-03-27  86498  76204
90   90 2020-03-28  92472  80955
91   91 2020-03-29  97689  85837
92   92 2020-03-30 101739  90833
93   93 2020-03-31 105792  95927
94   94 2020-04-01 110574 101099
95   95 2020-04-02 115242 106328
96   96 2020-04-03 119827 111594
97   97 2020-04-04 124632 116873
98   98 2020-04-05 128948 122144
99   99 2020-04-06 132547 127386
100 100 2020-04-07 135586 132575
101 101 2020-04-08 139422 137691
102 102 2020-04-09 143626 142716
103 103 2020-04-10 147577 147630
104 104 2020-04-11 152271 152418
105 105 2020-04-12 156363 157064
106 106 2020-04-13 159516 161557
107 107 2020-04-14 162488 165885
108 108 2020-04-15 165155 170041
109 109 2020-04-16 168941 174018
110 110 2020-04-17 172434 177811
111 111 2020-04-18 175925 181419
112 112 2020-04-19 178972 184839
113 113 2020-04-20 181228 188075
114 114 2020-04-21 183957 191126
115 115 2020-04-22 187327 193997
116 116 2020-04-23 189973 196693
117 117 2020-04-24 192994 199218
118 118 2020-04-25 195351 201578
119 119 2020-04-26 197675 203781
120 120 2020-04-27 199414 205833
121 121 2020-04-28 201505 207740
122 122 2020-04-29 203591 209512
123 123 2020-04-30 205463 211155
124 124 2020-05-01 207428 212676
125 125 2020-05-02 209328 214082
126 126 2020-05-03 210717 215382
127 127 2020-05-04 211938 216581
128 128 2020-05-05 213013 217687
129 129 2020-05-06 214457 218705
130 130 2020-05-07 215858 219643
131 131 2020-05-08 217185 220505
132 132 2020-05-09 218268 221298
133 133 2020-05-10 219070 222025
134 134 2020-05-11 219814 222694
135 135 2020-05-12 221216 223307
136 136 2020-05-13 222104 223869
137 137 2020-05-14 223096 224384
138 138 2020-05-15 223885 224856
139 139 2020-05-16 224760 225288
140 140 2020-05-17 225435 225684
141 141 2020-05-18 225886 226047
142 142 2020-05-19 226699 226378
143 143 2020-05-20 227364 226682
144 144 2020-05-21 228006 226959
145 145 2020-05-22 228658 227213
146 146 2020-05-23 229327 227444
147 147 2020-05-24 229858 227656
148 148 2020-05-25 230158 227850
149 149 2020-05-26 230555 228027
150 150 2020-05-27 231139 228189
151 151 2020-05-28 231732 228336
152 152 2020-05-29 232248 228471
153 153 2020-05-30 232664 228594
154 154 2020-05-31 233019 228707
155 155 2020-06-01 233197 228809
156 156 2020-06-02 233515 228903
157 157 2020-06-03 233836 228989
158 158 2020-06-04 234013 229067
159 159 2020-06-05 234531 229138
160 160 2020-06-06 234801 229203
161 161 2020-06-07 234998 229263
162 162 2020-06-08 235278 229317
163 163 2020-06-09 235561 229366
164 164 2020-06-10 235763 229412
165 165 2020-06-11 236142 229453
166 166 2020-06-12 236142 229490

Intervalo de Confianca
             2.5%        97.5%
Asym 227944.58297 231850.60416
xmid     96.15712     97.11603
scal     10.50795     11.26733


Formula: x ~ SSlogis(day, Asym, xmid, scal)

Parameters:
        Estimate  Std. Error t value            Pr(>|t|)    
Asym 229881.9301    957.9333   240.0 <0.0000000000000002 ***
xmid     96.6341      0.2308   418.8 <0.0000000000000002 ***
scal     10.8833      0.1940    56.1 <0.0000000000000002 ***
---
Signif. codes:  0 ‘***’ 0.001 ‘**’ 0.01 ‘*’ 0.05 ‘.’ 0.1 ‘ ’ 1

Residual standard error: 5311 on 163 degrees of freedom

Number of iterations to convergence: 9 
Achieved convergence tolerance: 0.0000000149


Italy: o primeiro caso foi registrado em 30/01/2020 na data 12/06/2020 temos 134 dias desde o primeiro caso. A data de pico prevista pelo modelo logístico foi 06/05/2020 (dia 97 desde os primeiros casos relatados).
Em 06/05/2020 o modelo estimou 229882+/-958 casos.

Todos os dados gerados
    country       dias otimista casos_estimados pessimista estimativa_mortes casos_confirmados mortes_confirmadas latitude longitude
1     Italy 2019-12-30       33              35         37                 5                 0                  0 41.87194  12.56738
2     Italy 2019-12-31       36              38         40                 5                 0                  0 41.87194  12.56738
3     Italy 2020-01-01       40              42         44                 6                 0                  0 41.87194  12.56738
4     Italy 2020-01-02       43              46         49                 7                 0                  0 41.87194  12.56738
5     Italy 2020-01-03       48              51         54                 7                 0                  0 41.87194  12.56738
6     Italy 2020-01-04       53              56         59                 8                 0                  0 41.87194  12.56738
7     Italy 2020-01-05       58              61         64                 9                 0                  0 41.87194  12.56738
8     Italy 2020-01-06       63              67         71                10                 0                  0 41.87194  12.56738
9     Italy 2020-01-07       69              73         77                11                 0                  0 41.87194  12.56738
10    Italy 2020-01-08       76              80         84                12                 0                  0 41.87194  12.56738
11    Italy 2020-01-09       83              88         93                13                 0                  0 41.87194  12.56738
12    Italy 2020-01-10       91              96        101                14                 0                  0 41.87194  12.56738
13    Italy 2020-01-11      100             106        112                15                 0                  0 41.87194  12.56738
14    Italy 2020-01-12      110             116        122                17                 0                  0 41.87194  12.56738
15    Italy 2020-01-13      120             127        134                18                 0                  0 41.87194  12.56738
16    Italy 2020-01-14      131             139        147                20                 0                  0 41.87194  12.56738
17    Italy 2020-01-15      145             153        161                22                 0                  0 41.87194  12.56738
18    Italy 2020-01-16      158             167        176                24                 0                  0 41.87194  12.56738
19    Italy 2020-01-17      173             183        193                26                 0                  0 41.87194  12.56738
20    Italy 2020-01-18      190             201        212                29                 0                  0 41.87194  12.56738
21    Italy 2020-01-19      208             220        232                32                 0                  0 41.87194  12.56738
22    Italy 2020-01-20      228             241        254                35                 0                  0 41.87194  12.56738
23    Italy 2020-01-21      250             265        280                38                 0                  0 41.87194  12.56738
24    Italy 2020-01-22      274             290        306                42                 0                  0 41.87194  12.56738
25    Italy 2020-01-23      300             318        336                46                 0                  0 41.87194  12.56738
26    Italy 2020-01-24      330             349        368                50                 0                  0 41.87194  12.56738
27    Italy 2020-01-25      361             382        403                55                 0                  0 41.87194  12.56738
28    Italy 2020-01-26      396             419        442                61                 0                  0 41.87194  12.56738
29    Italy 2020-01-27      434             459        484                66                 0                  0 41.87194  12.56738
30    Italy 2020-01-28      475             503        531                73                 0                  0 41.87194  12.56738
31    Italy 2020-01-29      521             551        581                80                 0                  0 41.87194  12.56738
32    Italy 2020-01-30      571             604        637                87                 3                  0 41.87194  12.56738
33    Italy 2020-01-31      626             662        698                96                 3                  0 41.87194  12.56738
34    Italy 2020-02-01      686             726        766               105                 3                  0 41.87194  12.56738
35    Italy 2020-02-02      751             795        839               115                 3                  0 41.87194  12.56738
36    Italy 2020-02-03      824             872        920               126                 3                  0 41.87194  12.56738
37    Italy 2020-02-04      902             955       1008               138                 3                  0 41.87194  12.56738
38    Italy 2020-02-05      989            1047       1105               151                 3                  0 41.87194  12.56738
39    Italy 2020-02-06     1084            1147       1210               166                 3                  0 41.87194  12.56738
40    Italy 2020-02-07     1187            1256       1325               182                 3                  0 41.87194  12.56738
41    Italy 2020-02-08     1301            1377       1453               199                 3                  0 41.87194  12.56738
42    Italy 2020-02-09     1425            1508       1591               218                 3                  0 41.87194  12.56738
43    Italy 2020-02-10     1561            1652       1743               239                 3                  0 41.87194  12.56738
44    Italy 2020-02-11     1710            1810       1910               262                 3                  0 41.87194  12.56738
45    Italy 2020-02-12     1874            1983       2092               287                 3                  0 41.87194  12.56738
46    Italy 2020-02-13     2052            2172       2292               314                 3                  0 41.87194  12.56738
47    Italy 2020-02-14     2248            2379       2510               344                 3                  0 41.87194  12.56738
48    Italy 2020-02-15     2462            2605       2748               377                 3                  0 41.87194  12.56738
49    Italy 2020-02-16     2696            2853       3010               413                 3                  0 41.87194  12.56738
50    Italy 2020-02-17     2952            3124       3296               452                 3                  0 41.87194  12.56738
51    Italy 2020-02-18     3232            3420       3608               495                 3                  0 41.87194  12.56738
52    Italy 2020-02-19     3537            3743       3949               542                 3                  0 41.87194  12.56738
53    Italy 2020-02-20     3872            4097       4322               593                 3                  0 41.87194  12.56738
54    Italy 2020-02-21     4237            4484       4731               649                17                  2 41.87194  12.56738
55    Italy 2020-02-22     4636            4906       5176               710                79                  2 41.87194  12.56738
56    Italy 2020-02-23     5072            5367       5662               777               132                  6 41.87194  12.56738
57    Italy 2020-02-24     5548            5871       6194               849               229                 11 41.87194  12.56738
58    Italy 2020-02-25     6067            6420       6773               929               322                 12 41.87194  12.56738
59    Italy 2020-02-26     6633            7019       7405              1016               400                 17 41.87194  12.56738
60    Italy 2020-02-27     7250            7672       8094              1110               650                 21 41.87194  12.56738
61    Italy 2020-02-28     7922            8383       8844              1213               888                 29 41.87194  12.56738
62    Italy 2020-02-29     8654            9158       9662              1325              1128                 35 41.87194  12.56738
63    Italy 2020-03-01     9451           10001      10551              1447              1689                 52 41.87194  12.56738
64    Italy 2020-03-02    10316           10917      11518              1580              2036                 80 41.87194  12.56738
65    Italy 2020-03-03    11258           11914      12570              1724              2502                107 41.87194  12.56738
66    Italy 2020-03-04    12280           12995      13710              1880              3089                148 41.87194  12.56738
67    Italy 2020-03-05    13389           14169      14949              2050              3858                197 41.87194  12.56738
68    Italy 2020-03-06    14591           15441      16291              2234              4636                233 41.87194  12.56738
69    Italy 2020-03-07    15892           16818      17744              2433              5883                366 41.87194  12.56738
70    Italy 2020-03-08    17300           18308      19316              2649              7375                464 41.87194  12.56738
71    Italy 2020-03-09    18821           19917      21013              2882              9172                631 41.87194  12.56738
72    Italy 2020-03-10    20461           21653      22845              3133             10149                827 41.87194  12.56738
73    Italy 2020-03-11    22229           23524      24819              3404             12462               1016 41.87194  12.56738
74    Italy 2020-03-12    24131           25536      26941              3695             15113               1268 41.87194  12.56738
75    Italy 2020-03-13    26174           27698      29222              4008             17660               1441 41.87194  12.56738
76    Italy 2020-03-14    28363           30015      31667              4343             21157               1811 41.87194  12.56738
77    Italy 2020-03-15    30708           32496      34284              4702             23980               2158 41.87194  12.56738
78    Italy 2020-03-16    33211           35145      37079              5085             27980               2505 41.87194  12.56738
79    Italy 2020-03-17    35878           37968      40058              5494             31506               2978 41.87194  12.56738
80    Italy 2020-03-18    38716           40971      43226              5928             35713               3407 41.87194  12.56738
81    Italy 2020-03-19    41727           44157      46587              6389             41035               4032 41.87194  12.56738
82    Italy 2020-03-20    44912           47528      50144              6877             47021               4827 41.87194  12.56738
83    Italy 2020-03-21    48273           51085      53897              7391             53578               5476 41.87194  12.56738
84    Italy 2020-03-22    51811           54829      57847              7933             59138               6077 41.87194  12.56738
85    Italy 2020-03-23    55523           58757      61991              8501             63927               6820 41.87194  12.56738
86    Italy 2020-03-24    59405           62865      66325              9096             69176               7505 41.87194  12.56738
87    Italy 2020-03-25    63452           67148      70844              9716             74386               8165 41.87194  12.56738
88    Italy 2020-03-26    67657           71598      75539             10359             80539               9136 41.87194  12.56738
89    Italy 2020-03-27    72010           76204      80398             11026             86498              10023 41.87194  12.56738
90    Italy 2020-03-28    76499           80955      85411             11713             92472              10781 41.87194  12.56738
91    Italy 2020-03-29    81113           85837      90561             12420             97689              11591 41.87194  12.56738
92    Italy 2020-03-30    85834           90833      95832             13142            101739              12430 41.87194  12.56738
93    Italy 2020-03-31    90647           95927     101207             13880            105792              13157 41.87194  12.56738
94    Italy 2020-04-01    95535          101099     106663             14628            110574              13917 41.87194  12.56738
95    Italy 2020-04-02   100476          106328     112180             15384            115242              14681 41.87194  12.56738
96    Italy 2020-04-03   105452          111594     117736             16146            119827              15362 41.87194  12.56738
97    Italy 2020-04-04   110441          116873     123305             16910            124632              15889 41.87194  12.56738
98    Italy 2020-04-05   115422          122144     128866             17673            128948              16525 41.87194  12.56738
99    Italy 2020-04-06   120375          127386     134397             18431            132547              17129 41.87194  12.56738
100   Italy 2020-04-07   125278          132575     139872             19182            135586              17669 41.87194  12.56738
101   Italy 2020-04-08   130113          137691     145269             19922            139422              18281 41.87194  12.56738
102   Italy 2020-04-09   134861          142716     150571             20649            143626              18851 41.87194  12.56738
103   Italy 2020-04-10   139505          147630     155755             21360            147577              19470 41.87194  12.56738
104   Italy 2020-04-11   144029          152418     160807             22053            152271              19901 41.87194  12.56738
105   Italy 2020-04-12   148420          157064     165708             22725            156363              20465 41.87194  12.56738
106   Italy 2020-04-13   152665          161557     170449             23375            159516              21069 41.87194  12.56738
107   Italy 2020-04-14   156755          165885     175015             24002            162488              21647 41.87194  12.56738
108   Italy 2020-04-15   160682          170041     179400             24603            165155              22172 41.87194  12.56738
109   Italy 2020-04-16   164441          174018     183595             25178            168941              22747 41.87194  12.56738
110   Italy 2020-04-17   168025          177811     187597             25727            172434              23227 41.87194  12.56738
111   Italy 2020-04-18   171434          181419     191404             26249            175925              23660 41.87194  12.56738
112   Italy 2020-04-19   174666          184839     195012             26744            178972              24114 41.87194  12.56738
113   Italy 2020-04-20   177724          188075     198426             27212            181228              24648 41.87194  12.56738
114   Italy 2020-04-21   180607          191126     201645             27654            183957              25085 41.87194  12.56738
115   Italy 2020-04-22   183320          193997     204674             28069            187327              25549 41.87194  12.56738
116   Italy 2020-04-23   185868          196693     207518             28459            189973              25969 41.87194  12.56738
117   Italy 2020-04-24   188254          199218     210182             28825            192994              26384 41.87194  12.56738
118   Italy 2020-04-25   190484          201578     212672             29166            195351              26644 41.87194  12.56738
119   Italy 2020-04-26   192566          203781     214996             29485            197675              26977 41.87194  12.56738
120   Italy 2020-04-27   194505          205833     217161             29782            199414              27359 41.87194  12.56738
121   Italy 2020-04-28   196307          207740     219173             30058            201505              27682 41.87194  12.56738
122   Italy 2020-04-29   197981          209512     221043             30314            203591              27967 41.87194  12.56738
123   Italy 2020-04-30   199534          211155     222776             30552            205463              28236 41.87194  12.56738
124   Italy 2020-05-01   200971          212676     224381             30772            207428              28710 41.87194  12.56738
125   Italy 2020-05-02   202300          214082     225864             30975            209328              28884 41.87194  12.56738
126   Italy 2020-05-03   203528          215382     227236             31163            210717              29079 41.87194  12.56738
127   Italy 2020-05-04   204661          216581     228501             31337            211938              29315 41.87194  12.56738
128   Italy 2020-05-05   205706          217687     229668             31497            213013              29684 41.87194  12.56738
129   Italy 2020-05-06   206668          218705     230742             31644            214457              29958 41.87194  12.56738
130   Italy 2020-05-07   207555          219643     231731             31780            215858              30201 41.87194  12.56738
131   Italy 2020-05-08   208369          220505     232641             31905            217185              30395 41.87194  12.56738
132   Italy 2020-05-09   209118          221298     233478             32019            218268              30560 41.87194  12.56738
133   Italy 2020-05-10   209805          222025     234245             32124            219070              30739 41.87194  12.56738
134   Italy 2020-05-11   210438          222694     234950             32221            219814              30911 41.87194  12.56738
135   Italy 2020-05-12   211017          223307     235597             32310            221216              31106 41.87194  12.56738
136   Italy 2020-05-13   211548          223869     236190             32391            222104              31368 41.87194  12.56738
137   Italy 2020-05-14   212035          224384     236733             32466            223096              31610 41.87194  12.56738
138   Italy 2020-05-15   212481          224856     237231             32534            223885              31763 41.87194  12.56738
139   Italy 2020-05-16   212889          225288     237687             32597            224760              31908 41.87194  12.56738
140   Italy 2020-05-17   213263          225684     238105             32654            225435              32007 41.87194  12.56738
141   Italy 2020-05-18   213606          226047     238488             32706            225886              32169 41.87194  12.56738
142   Italy 2020-05-19   213919          226378     238837             32754            226699              32330 41.87194  12.56738
143   Italy 2020-05-20   214206          226682     239158             32798            227364              32486 41.87194  12.56738
144   Italy 2020-05-21   214468          226959     239450             32838            228006              32616 41.87194  12.56738
145   Italy 2020-05-22   214708          227213     239718             32875            228658              32735 41.87194  12.56738
146   Italy 2020-05-23   214926          227444     239962             32909            229327              32785 41.87194  12.56738
147   Italy 2020-05-24   215127          227656     240185             32939            229858              32877 41.87194  12.56738
148   Italy 2020-05-25   215310          227850     240390             32967            230158              32955 41.87194  12.56738
149   Italy 2020-05-26   215477          228027     240577             32993            230555              33072 41.87194  12.56738
150   Italy 2020-05-27   215630          228189     240748             33016            231139              33142 41.87194  12.56738
151   Italy 2020-05-28   215769          228336     240903             33038            231732              33229 41.87194  12.56738
152   Italy 2020-05-29   215897          228471     241045             33057            232248              33340 41.87194  12.56738
153   Italy 2020-05-30   216013          228594     241175             33075            232664              33415 41.87194  12.56738
154   Italy 2020-05-31   216120          228707     241294             33091            233019              33475 41.87194  12.56738
155   Italy 2020-06-01   216216          228809     241402             33106            233197              33530 41.87194  12.56738
156   Italy 2020-06-02   216305          228903     241501             33120            233515              33601 41.87194  12.56738
157   Italy 2020-06-03   216386          228989     241592             33132            233836              33689 41.87194  12.56738
158   Italy 2020-06-04   216460          229067     241674             33143            234013              33774 41.87194  12.56738
159   Italy 2020-06-05   216527          229138     241749             33154            234531              33846 41.87194  12.56738
160   Italy 2020-06-06   216588          229203     241818             33163            234801              33899 41.87194  12.56738
161   Italy 2020-06-07   216645          229263     241881             33172            234998              33964 41.87194  12.56738
162   Italy 2020-06-08   216696          229317     241938             33180            235278              34043 41.87194  12.56738
163   Italy 2020-06-09   216742          229366     241990             33187            235561              34114 41.87194  12.56738
164   Italy 2020-06-10   216786          229412     242038             33193            235763              34167 41.87194  12.56738
165   Italy 2020-06-11   216825          229453     242081             33199            236142              34167 41.87194  12.56738
166   Italy 2020-06-12   216860          229490     242120             33205            236142              34167 41.87194  12.56738
167   Italy 2020-06-13   216893          229525     242157             33210                NA                 NA 41.87194  12.56738
168   Italy 2020-06-14   216922          229556     242190             33214                NA                 NA 41.87194  12.56738
169   Italy 2020-06-15   216949          229585     242221             33218                NA                 NA 41.87194  12.56738
170   Italy 2020-06-16   216974          229611     242248             33222                NA                 NA 41.87194  12.56738
171   Italy 2020-06-17   216996          229634     242272             33225                NA                 NA 41.87194  12.56738
172   Italy 2020-06-18   217016          229656     242296             33229                NA                 NA 41.87194  12.56738
173   Italy 2020-06-19   217035          229676     242317             33231                NA                 NA 41.87194  12.56738

Fontes:
	OMS - https://ourworldindata.org/coronavirus-source-data
	Worldometers - https://www.worldometers.info/coronavirus