
 Italy 
Projecao:  10  dias
Gerado em:  2020-06-20 18:04:38
RMSE(%):  5.2 , BIAS(%): 1.13

Taxa de Mortalidade 14.53 %

    country       dias otimista casos_estimados pessimista estimativa_mortes casos_confirmados mortes_confirmadas latitude longitude
165   Italy 2020-06-11   218996          231127     243258             33572            236142              34223 41.87194  12.56738
166   Italy 2020-06-12   219036          231169     243302             33578            236305              34301 41.87194  12.56738
167   Italy 2020-06-13   219072          231208     243344             33584            236651              34345 41.87194  12.56738
168   Italy 2020-06-14   219107          231244     243381             33589            236989              34371 41.87194  12.56738
169   Italy 2020-06-15   219137          231276     243415             33593            237290              34405 41.87194  12.56738
170   Italy 2020-06-16   219165          231306     243447             33598            237500              34448 41.87194  12.56738
171   Italy 2020-06-17   219191          231333     243475             33602            237828              34514 41.87194  12.56738
172   Italy 2020-06-18   219215          231358     243501             33605            238159              34561 41.87194  12.56738
173   Italy 2020-06-19   219235          231380     243525             33608            238011              34610 41.87194  12.56738
174   Italy 2020-06-20   219255          231401     243547             33612            238275              34610 41.87194  12.56738
175   Italy 2020-06-21   219273          231420     243567             33614                NA                 NA 41.87194  12.56738
176   Italy 2020-06-22   219289          231437     243585             33617                NA                 NA 41.87194  12.56738
177   Italy 2020-06-23   219305          231453     243601             33619                NA                 NA 41.87194  12.56738
178   Italy 2020-06-24   219318          231467     243616             33621                NA                 NA 41.87194  12.56738
179   Italy 2020-06-25   219330          231480     243630             33623                NA                 NA 41.87194  12.56738
180   Italy 2020-06-26   219342          231492     243642             33625                NA                 NA 41.87194  12.56738
181   Italy 2020-06-27   219352          231503     243654             33626                NA                 NA 41.87194  12.56738
182   Italy 2020-06-28   219361          231513     243665             33628                NA                 NA 41.87194  12.56738
183   Italy 2020-06-29   219370          231522     243674             33629                NA                 NA 41.87194  12.56738
184   Italy 2020-06-30   219379          231531     243683             33630                NA                 NA 41.87194  12.56738

Total de casos no mundo:  8867382 2687206 1714765 2297441 1860014 298183 9052 721 8867382

Estimados a partir dos dados da OMS:
    day       date      x   xest
1     1 2019-12-30      0     40
2     2 2019-12-31      0     44
3     3 2020-01-01      0     48
4     4 2020-01-02      0     52
5     5 2020-01-03      0     57
6     6 2020-01-04      0     63
7     7 2020-01-05      0     69
8     8 2020-01-06      0     75
9     9 2020-01-07      0     82
10   10 2020-01-08      0     90
11   11 2020-01-09      0     99
12   12 2020-01-10      0    108
13   13 2020-01-11      0    118
14   14 2020-01-12      0    129
15   15 2020-01-13      0    142
16   16 2020-01-14      0    155
17   17 2020-01-15      0    170
18   18 2020-01-16      0    186
19   19 2020-01-17      0    203
20   20 2020-01-18      0    222
21   21 2020-01-19      0    243
22   22 2020-01-20      0    266
23   23 2020-01-21      0    292
24   24 2020-01-22      0    319
25   25 2020-01-23      0    349
26   26 2020-01-24      0    382
27   27 2020-01-25      0    418
28   28 2020-01-26      0    458
29   29 2020-01-27      0    501
30   30 2020-01-28      0    548
31   31 2020-01-29      0    600
32   32 2020-01-30      3    657
33   33 2020-01-31      3    718
34   34 2020-02-01      3    786
35   35 2020-02-02      3    860
36   36 2020-02-03      3    941
37   37 2020-02-04      3   1030
38   38 2020-02-05      3   1127
39   39 2020-02-06      3   1232
40   40 2020-02-07      3   1348
41   41 2020-02-08      3   1475
42   42 2020-02-09      3   1613
43   43 2020-02-10      3   1765
44   44 2020-02-11      3   1930
45   45 2020-02-12      3   2111
46   46 2020-02-13      3   2309
47   47 2020-02-14      3   2525
48   48 2020-02-15      3   2760
49   49 2020-02-16      3   3018
50   50 2020-02-17      3   3299
51   51 2020-02-18      3   3606
52   52 2020-02-19      3   3942
53   53 2020-02-20      3   4307
54   54 2020-02-21     17   4706
55   55 2020-02-22     79   5141
56   56 2020-02-23    132   5616
57   57 2020-02-24    229   6132
58   58 2020-02-25    322   6695
59   59 2020-02-26    400   7308
60   60 2020-02-27    650   7976
61   61 2020-02-28    888   8701
62   62 2020-02-29   1128   9490
63   63 2020-03-01   1689  10347
64   64 2020-03-02   2036  11278
65   65 2020-03-03   2502  12288
66   66 2020-03-04   3089  13382
67   67 2020-03-05   3858  14568
68   68 2020-03-06   4636  15851
69   69 2020-03-07   5883  17238
70   70 2020-03-08   7375  18736
71   71 2020-03-09   9172  20352
72   72 2020-03-10  10149  22092
73   73 2020-03-11  12462  23965
74   74 2020-03-12  15113  25976
75   75 2020-03-13  17660  28134
76   76 2020-03-14  21157  30444
77   77 2020-03-15  23980  32914
78   78 2020-03-16  27980  35548
79   79 2020-03-17  31506  38352
80   80 2020-03-18  35713  41331
81   81 2020-03-19  41035  44488
82   82 2020-03-20  47021  47825
83   83 2020-03-21  53578  51345
84   84 2020-03-22  59138  55045
85   85 2020-03-23  63927  58925
86   86 2020-03-24  69176  62981
87   87 2020-03-25  74386  67208
88   88 2020-03-26  80539  71598
89   89 2020-03-27  86498  76142
90   90 2020-03-28  92472  80828
91   91 2020-03-29  97689  85644
92   92 2020-03-30 101739  90575
93   93 2020-03-31 105792  95604
94   94 2020-04-01 110574 100712
95   95 2020-04-02 115242 105881
96   96 2020-04-03 119827 111090
97   97 2020-04-04 124632 116318
98   98 2020-04-05 128948 121545
99   99 2020-04-06 132547 126748
100 100 2020-04-07 135586 131906
101 101 2020-04-08 139422 137001
102 102 2020-04-09 143626 142012
103 103 2020-04-10 147577 146921
104 104 2020-04-11 152271 151713
105 105 2020-04-12 156363 156373
106 106 2020-04-13 159516 160888
107 107 2020-04-14 162488 165247
108 108 2020-04-15 165155 169441
109 109 2020-04-16 168941 173463
110 110 2020-04-17 172434 177308
111 111 2020-04-18 175925 180974
112 112 2020-04-19 178972 184457
113 113 2020-04-20 181228 187760
114 114 2020-04-21 183957 190882
115 115 2020-04-22 187327 193826
116 116 2020-04-23 189973 196597
117 117 2020-04-24 192994 199199
118 118 2020-04-25 195351 201637
119 119 2020-04-26 197675 203917
120 120 2020-04-27 199414 206045
121 121 2020-04-28 201505 208029
122 122 2020-04-29 203591 209876
123 123 2020-04-30 205463 211591
124 124 2020-05-01 207428 213184
125 125 2020-05-02 209328 214660
126 126 2020-05-03 210717 216026
127 127 2020-05-04 211938 217289
128 128 2020-05-05 213013 218457
129 129 2020-05-06 214457 219534
130 130 2020-05-07 215858 220528
131 131 2020-05-08 217185 221444
132 132 2020-05-09 218268 222288
133 133 2020-05-10 219070 223064
134 134 2020-05-11 219814 223778
135 135 2020-05-12 221216 224434
136 136 2020-05-13 222104 225037
137 137 2020-05-14 223096 225591
138 138 2020-05-15 223885 226099
139 139 2020-05-16 224760 226566
140 140 2020-05-17 225435 226993
141 141 2020-05-18 225886 227386
142 142 2020-05-19 226699 227745
143 143 2020-05-20 227364 228075
144 144 2020-05-21 228006 228377
145 145 2020-05-22 228658 228653
146 146 2020-05-23 229327 228906
147 147 2020-05-24 229858 229138
148 148 2020-05-25 230158 229350
149 149 2020-05-26 230555 229545
150 150 2020-05-27 231139 229722
151 151 2020-05-28 231732 229885
152 152 2020-05-29 232248 230034
153 153 2020-05-30 232664 230170
154 154 2020-05-31 233019 230294
155 155 2020-06-01 233197 230408
156 156 2020-06-02 233515 230512
157 157 2020-06-03 233836 230608
158 158 2020-06-04 234013 230695
159 159 2020-06-05 234531 230774
160 160 2020-06-06 234801 230847
161 161 2020-06-07 234998 230913
162 162 2020-06-08 235278 230974
163 163 2020-06-09 235561 231030
164 164 2020-06-10 235763 231081
165 165 2020-06-11 236142 231127
166 166 2020-06-12 236305 231169
167 167 2020-06-13 236651 231208
168 168 2020-06-14 236989 231244
169 169 2020-06-15 237290 231276
170 170 2020-06-16 237500 231306
171 171 2020-06-17 237828 231333
172 172 2020-06-18 238159 231358
173 173 2020-06-19 238011 231380
174 174 2020-06-20 238275 231401

Intervalo de Confianca
             2.5%        97.5%
Asym 229833.73232 233428.41733
xmid     96.43173     97.37785
scal     10.69417     11.45353


Formula: x ~ SSlogis(day, Asym, xmid, scal)

Parameters:
        Estimate  Std. Error t value            Pr(>|t|)    
Asym 231619.3462    883.2738   262.2 <0.0000000000000002 ***
xmid     96.9027      0.2285   424.1 <0.0000000000000002 ***
scal     11.0697      0.1935    57.2 <0.0000000000000002 ***
---
Signif. codes:  0 ‘***’ 0.001 ‘**’ 0.01 ‘*’ 0.05 ‘.’ 0.1 ‘ ’ 1

Residual standard error: 5409 on 171 degrees of freedom

Number of iterations to convergence: 9 
Achieved convergence tolerance: 0.0000000149


Italy: o primeiro caso foi registrado em 30/01/2020 na data 20/06/2020 temos 142 dias desde o primeiro caso. A data de pico prevista pelo modelo logístico foi 06/05/2020 (dia 97 desde os primeiros casos relatados).
Em 06/05/2020 o modelo estimou 231619+/-883 casos.

Todos os dados gerados
    country       dias otimista casos_estimados pessimista estimativa_mortes casos_confirmados mortes_confirmadas latitude longitude
1     Italy 2019-12-30       38              40         42                 6                 0                  0 41.87194  12.56738
2     Italy 2019-12-31       42              44         46                 6                 0                  0 41.87194  12.56738
3     Italy 2020-01-01       45              48         51                 7                 0                  0 41.87194  12.56738
4     Italy 2020-01-02       49              52         55                 8                 0                  0 41.87194  12.56738
5     Italy 2020-01-03       54              57         60                 8                 0                  0 41.87194  12.56738
6     Italy 2020-01-04       60              63         66                 9                 0                  0 41.87194  12.56738
7     Italy 2020-01-05       65              69         73                10                 0                  0 41.87194  12.56738
8     Italy 2020-01-06       71              75         79                11                 0                  0 41.87194  12.56738
9     Italy 2020-01-07       78              82         86                12                 0                  0 41.87194  12.56738
10    Italy 2020-01-08       85              90         95                13                 0                  0 41.87194  12.56738
11    Italy 2020-01-09       94              99        104                14                 0                  0 41.87194  12.56738
12    Italy 2020-01-10      102             108        114                16                 0                  0 41.87194  12.56738
13    Italy 2020-01-11      112             118        124                17                 0                  0 41.87194  12.56738
14    Italy 2020-01-12      122             129        136                19                 0                  0 41.87194  12.56738
15    Italy 2020-01-13      135             142        149                21                 0                  0 41.87194  12.56738
16    Italy 2020-01-14      147             155        163                23                 0                  0 41.87194  12.56738
17    Italy 2020-01-15      161             170        179                25                 0                  0 41.87194  12.56738
18    Italy 2020-01-16      176             186        196                27                 0                  0 41.87194  12.56738
19    Italy 2020-01-17      192             203        214                29                 0                  0 41.87194  12.56738
20    Italy 2020-01-18      210             222        234                32                 0                  0 41.87194  12.56738
21    Italy 2020-01-19      230             243        256                35                 0                  0 41.87194  12.56738
22    Italy 2020-01-20      252             266        280                39                 0                  0 41.87194  12.56738
23    Italy 2020-01-21      277             292        307                42                 0                  0 41.87194  12.56738
24    Italy 2020-01-22      302             319        336                46                 0                  0 41.87194  12.56738
25    Italy 2020-01-23      331             349        367                51                 0                  0 41.87194  12.56738
26    Italy 2020-01-24      362             382        402                55                 0                  0 41.87194  12.56738
27    Italy 2020-01-25      396             418        440                61                 0                  0 41.87194  12.56738
28    Italy 2020-01-26      434             458        482                67                 0                  0 41.87194  12.56738
29    Italy 2020-01-27      475             501        527                73                 0                  0 41.87194  12.56738
30    Italy 2020-01-28      519             548        577                80                 0                  0 41.87194  12.56738
31    Italy 2020-01-29      569             600        631                87                 0                  0 41.87194  12.56738
32    Italy 2020-01-30      623             657        691                95                 3                  0 41.87194  12.56738
33    Italy 2020-01-31      680             718        756               104                 3                  0 41.87194  12.56738
34    Italy 2020-02-01      745             786        827               114                 3                  0 41.87194  12.56738
35    Italy 2020-02-02      815             860        905               125                 3                  0 41.87194  12.56738
36    Italy 2020-02-03      892             941        990               137                 3                  0 41.87194  12.56738
37    Italy 2020-02-04      976            1030       1084               150                 3                  0 41.87194  12.56738
38    Italy 2020-02-05     1068            1127       1186               164                 3                  0 41.87194  12.56738
39    Italy 2020-02-06     1167            1232       1297               179                 3                  0 41.87194  12.56738
40    Italy 2020-02-07     1277            1348       1419               196                 3                  0 41.87194  12.56738
41    Italy 2020-02-08     1398            1475       1552               214                 3                  0 41.87194  12.56738
42    Italy 2020-02-09     1528            1613       1698               234                 3                  0 41.87194  12.56738
43    Italy 2020-02-10     1672            1765       1858               256                 3                  0 41.87194  12.56738
44    Italy 2020-02-11     1829            1930       2031               280                 3                  0 41.87194  12.56738
45    Italy 2020-02-12     2000            2111       2222               307                 3                  0 41.87194  12.56738
46    Italy 2020-02-13     2188            2309       2430               335                 3                  0 41.87194  12.56738
47    Italy 2020-02-14     2392            2525       2658               367                 3                  0 41.87194  12.56738
48    Italy 2020-02-15     2615            2760       2905               401                 3                  0 41.87194  12.56738
49    Italy 2020-02-16     2860            3018       3176               438                 3                  0 41.87194  12.56738
50    Italy 2020-02-17     3126            3299       3472               479                 3                  0 41.87194  12.56738
51    Italy 2020-02-18     3417            3606       3795               524                 3                  0 41.87194  12.56738
52    Italy 2020-02-19     3735            3942       4149               573                 3                  0 41.87194  12.56738
53    Italy 2020-02-20     4081            4307       4533               626                 3                  0 41.87194  12.56738
54    Italy 2020-02-21     4459            4706       4953               684                17                  2 41.87194  12.56738
55    Italy 2020-02-22     4871            5141       5411               747                79                  2 41.87194  12.56738
56    Italy 2020-02-23     5321            5616       5911               816               132                  6 41.87194  12.56738
57    Italy 2020-02-24     5810            6132       6454               891               229                 11 41.87194  12.56738
58    Italy 2020-02-25     6344            6695       7046               972               322                 12 41.87194  12.56738
59    Italy 2020-02-26     6924            7308       7692              1062               400                 17 41.87194  12.56738
60    Italy 2020-02-27     7557            7976       8395              1159               650                 21 41.87194  12.56738
61    Italy 2020-02-28     8244            8701       9158              1264               888                 29 41.87194  12.56738
62    Italy 2020-02-29     8992            9490       9988              1378              1128                 35 41.87194  12.56738
63    Italy 2020-03-01     9804           10347      10890              1503              1689                 52 41.87194  12.56738
64    Italy 2020-03-02    10686           11278      11870              1638              2036                 80 41.87194  12.56738
65    Italy 2020-03-03    11643           12288      12933              1785              2502                107 41.87194  12.56738
66    Italy 2020-03-04    12680           13382      14084              1944              3089                148 41.87194  12.56738
67    Italy 2020-03-05    13803           14568      15333              2116              3858                197 41.87194  12.56738
68    Italy 2020-03-06    15019           15851      16683              2302              4636                233 41.87194  12.56738
69    Italy 2020-03-07    16333           17238      18143              2504              5883                366 41.87194  12.56738
70    Italy 2020-03-08    17753           18736      19719              2721              7375                464 41.87194  12.56738
71    Italy 2020-03-09    19284           20352      21420              2956              9172                631 41.87194  12.56738
72    Italy 2020-03-10    20932           22092      23252              3209             10149                827 41.87194  12.56738
73    Italy 2020-03-11    22707           23965      25223              3481             12462               1016 41.87194  12.56738
74    Italy 2020-03-12    24613           25976      27339              3773             15113               1268 41.87194  12.56738
75    Italy 2020-03-13    26657           28134      29611              4087             17660               1441 41.87194  12.56738
76    Italy 2020-03-14    28846           30444      32042              4422             21157               1811 41.87194  12.56738
77    Italy 2020-03-15    31186           32914      34642              4781             23980               2158 41.87194  12.56738
78    Italy 2020-03-16    33682           35548      37414              5163             27980               2505 41.87194  12.56738
79    Italy 2020-03-17    36339           38352      40365              5571             31506               2978 41.87194  12.56738
80    Italy 2020-03-18    39162           41331      43500              6003             35713               3407 41.87194  12.56738
81    Italy 2020-03-19    42153           44488      46823              6462             41035               4032 41.87194  12.56738
82    Italy 2020-03-20    45315           47825      50335              6947             47021               4827 41.87194  12.56738
83    Italy 2020-03-21    48650           51345      54040              7458             53578               5476 41.87194  12.56738
84    Italy 2020-03-22    52156           55045      57934              7995             59138               6077 41.87194  12.56738
85    Italy 2020-03-23    55832           58925      62018              8559             63927               6820 41.87194  12.56738
86    Italy 2020-03-24    59675           62981      66287              9148             69176               7505 41.87194  12.56738
87    Italy 2020-03-25    63680           67208      70736              9762             74386               8165 41.87194  12.56738
88    Italy 2020-03-26    67840           71598      75356             10400             80539               9136 41.87194  12.56738
89    Italy 2020-03-27    72145           76142      80139             11060             86498              10023 41.87194  12.56738
90    Italy 2020-03-28    76586           80828      85070             11740             92472              10781 41.87194  12.56738
91    Italy 2020-03-29    81149           85644      90139             12440             97689              11591 41.87194  12.56738
92    Italy 2020-03-30    85821           90575      95329             13156            101739              12430 41.87194  12.56738
93    Italy 2020-03-31    90586           95604     100622             13887            105792              13157 41.87194  12.56738
94    Italy 2020-04-01    95426          100712     105998             14629            110574              13917 41.87194  12.56738
95    Italy 2020-04-02   100324          105881     111438             15379            115242              14681 41.87194  12.56738
96    Italy 2020-04-03   105259          111090     116921             16136            119827              15362 41.87194  12.56738
97    Italy 2020-04-04   110213          116318     122423             16895            124632              15889 41.87194  12.56738
98    Italy 2020-04-05   115165          121545     127925             17655            128948              16525 41.87194  12.56738
99    Italy 2020-04-06   120095          126748     133401             18410            132547              17129 41.87194  12.56738
100   Italy 2020-04-07   124983          131906     138829             19160            135586              17669 41.87194  12.56738
101   Italy 2020-04-08   129810          137001     144192             19900            139422              18281 41.87194  12.56738
102   Italy 2020-04-09   134558          142012     149466             20628            143626              18851 41.87194  12.56738
103   Italy 2020-04-10   139209          146921     154633             21341            147577              19470 41.87194  12.56738
104   Italy 2020-04-11   143750          151713     159676             22037            152271              19901 41.87194  12.56738
105   Italy 2020-04-12   148165          156373     164581             22714            156363              20465 41.87194  12.56738
106   Italy 2020-04-13   152443          160888     169333             23369            159516              21069 41.87194  12.56738
107   Italy 2020-04-14   156574          165247     173920             24003            162488              21647 41.87194  12.56738
108   Italy 2020-04-15   160547          169441     178335             24612            165155              22172 41.87194  12.56738
109   Italy 2020-04-16   164358          173463     182568             25196            168941              22747 41.87194  12.56738
110   Italy 2020-04-17   168002          177308     186614             25754            172434              23227 41.87194  12.56738
111   Italy 2020-04-18   171475          180974     190473             26287            175925              23660 41.87194  12.56738
112   Italy 2020-04-19   174775          184457     194139             26793            178972              24114 41.87194  12.56738
113   Italy 2020-04-20   177905          187760     197615             27273            181228              24648 41.87194  12.56738
114   Italy 2020-04-21   180863          190882     200901             27726            183957              25085 41.87194  12.56738
115   Italy 2020-04-22   183653          193826     203999             28154            187327              25549 41.87194  12.56738
116   Italy 2020-04-23   186278          196597     206916             28556            189973              25969 41.87194  12.56738
117   Italy 2020-04-24   188744          199199     209654             28934            192994              26384 41.87194  12.56738
118   Italy 2020-04-25   191054          201637     212220             29288            195351              26644 41.87194  12.56738
119   Italy 2020-04-26   193214          203917     214620             29619            197675              26977 41.87194  12.56738
120   Italy 2020-04-27   195230          206045     216860             29929            199414              27359 41.87194  12.56738
121   Italy 2020-04-28   197110          208029     218948             30217            201505              27682 41.87194  12.56738
122   Italy 2020-04-29   198860          209876     220892             30485            203591              27967 41.87194  12.56738
123   Italy 2020-04-30   200485          211591     222697             30734            205463              28236 41.87194  12.56738
124   Italy 2020-05-01   201994          213184     224374             30965            207428              28710 41.87194  12.56738
125   Italy 2020-05-02   203393          214660     225927             31180            209328              28884 41.87194  12.56738
126   Italy 2020-05-03   204687          216026     227365             31378            210717              29079 41.87194  12.56738
127   Italy 2020-05-04   205884          217289     228694             31562            211938              29315 41.87194  12.56738
128   Italy 2020-05-05   206991          218457     229923             31731            213013              29684 41.87194  12.56738
129   Italy 2020-05-06   208011          219534     231057             31888            214457              29958 41.87194  12.56738
130   Italy 2020-05-07   208953          220528     232103             32032            215858              30201 41.87194  12.56738
131   Italy 2020-05-08   209821          221444     233067             32165            217185              30395 41.87194  12.56738
132   Italy 2020-05-09   210621          222288     233955             32288            218268              30560 41.87194  12.56738
133   Italy 2020-05-10   211356          223064     234772             32401            219070              30739 41.87194  12.56738
134   Italy 2020-05-11   212032          223778     235524             32504            219814              30911 41.87194  12.56738
135   Italy 2020-05-12   212654          224434     236214             32600            221216              31106 41.87194  12.56738
136   Italy 2020-05-13   213225          225037     236849             32687            222104              31368 41.87194  12.56738
137   Italy 2020-05-14   213750          225591     237432             32768            223096              31610 41.87194  12.56738
138   Italy 2020-05-15   214232          226099     237966             32841            223885              31763 41.87194  12.56738
139   Italy 2020-05-16   214674          226566     238458             32909            224760              31908 41.87194  12.56738
140   Italy 2020-05-17   215079          226993     238907             32971            225435              32007 41.87194  12.56738
141   Italy 2020-05-18   215451          227386     239321             33028            225886              32169 41.87194  12.56738
142   Italy 2020-05-19   215791          227745     239699             33080            226699              32330 41.87194  12.56738
143   Italy 2020-05-20   216104          228075     240046             33128            227364              32486 41.87194  12.56738
144   Italy 2020-05-21   216390          228377     240364             33172            228006              32616 41.87194  12.56738
145   Italy 2020-05-22   216652          228653     240654             33212            228658              32735 41.87194  12.56738
146   Italy 2020-05-23   216891          228906     240921             33249            229327              32785 41.87194  12.56738
147   Italy 2020-05-24   217111          229138     241165             33283            229858              32877 41.87194  12.56738
148   Italy 2020-05-25   217312          229350     241388             33314            230158              32955 41.87194  12.56738
149   Italy 2020-05-26   217497          229545     241593             33342            230555              33072 41.87194  12.56738
150   Italy 2020-05-27   217664          229722     241780             33368            231139              33142 41.87194  12.56738
151   Italy 2020-05-28   217819          229885     241951             33391            231732              33229 41.87194  12.56738
152   Italy 2020-05-29   217960          230034     242108             33413            232248              33340 41.87194  12.56738
153   Italy 2020-05-30   218089          230170     242251             33433            232664              33415 41.87194  12.56738
154   Italy 2020-05-31   218206          230294     242382             33451            233019              33475 41.87194  12.56738
155   Italy 2020-06-01   218314          230408     242502             33467            233197              33530 41.87194  12.56738
156   Italy 2020-06-02   218413          230512     242611             33482            233515              33601 41.87194  12.56738
157   Italy 2020-06-03   218504          230608     242712             33496            233836              33689 41.87194  12.56738
158   Italy 2020-06-04   218586          230695     242804             33509            234013              33774 41.87194  12.56738
159   Italy 2020-06-05   218661          230774     242887             33520            234531              33846 41.87194  12.56738
160   Italy 2020-06-06   218730          230847     242964             33531            234801              33899 41.87194  12.56738
161   Italy 2020-06-07   218793          230913     243033             33541            234998              33964 41.87194  12.56738
162   Italy 2020-06-08   218851          230974     243097             33550            235278              34043 41.87194  12.56738
163   Italy 2020-06-09   218904          231030     243156             33558            235561              34114 41.87194  12.56738
164   Italy 2020-06-10   218952          231081     243210             33565            235763              34167 41.87194  12.56738
165   Italy 2020-06-11   218996          231127     243258             33572            236142              34223 41.87194  12.56738
166   Italy 2020-06-12   219036          231169     243302             33578            236305              34301 41.87194  12.56738
167   Italy 2020-06-13   219072          231208     243344             33584            236651              34345 41.87194  12.56738
168   Italy 2020-06-14   219107          231244     243381             33589            236989              34371 41.87194  12.56738
169   Italy 2020-06-15   219137          231276     243415             33593            237290              34405 41.87194  12.56738
170   Italy 2020-06-16   219165          231306     243447             33598            237500              34448 41.87194  12.56738
171   Italy 2020-06-17   219191          231333     243475             33602            237828              34514 41.87194  12.56738
172   Italy 2020-06-18   219215          231358     243501             33605            238159              34561 41.87194  12.56738
173   Italy 2020-06-19   219235          231380     243525             33608            238011              34610 41.87194  12.56738
174   Italy 2020-06-20   219255          231401     243547             33612            238275              34610 41.87194  12.56738
175   Italy 2020-06-21   219273          231420     243567             33614                NA                 NA 41.87194  12.56738
176   Italy 2020-06-22   219289          231437     243585             33617                NA                 NA 41.87194  12.56738
177   Italy 2020-06-23   219305          231453     243601             33619                NA                 NA 41.87194  12.56738
178   Italy 2020-06-24   219318          231467     243616             33621                NA                 NA 41.87194  12.56738
179   Italy 2020-06-25   219330          231480     243630             33623                NA                 NA 41.87194  12.56738
180   Italy 2020-06-26   219342          231492     243642             33625                NA                 NA 41.87194  12.56738
181   Italy 2020-06-27   219352          231503     243654             33626                NA                 NA 41.87194  12.56738
182   Italy 2020-06-28   219361          231513     243665             33628                NA                 NA 41.87194  12.56738
183   Italy 2020-06-29   219370          231522     243674             33629                NA                 NA 41.87194  12.56738
184   Italy 2020-06-30   219379          231531     243683             33630                NA                 NA 41.87194  12.56738

Fontes:
	OMS - https://ourworldindata.org/coronavirus-source-data
	Worldometers - https://www.worldometers.info/coronavirus