
 Italy 
Projecao:  7  dias
Gerado em:  2020-04-09 09:50:09
RMSE(%):  4.3 , BIAS(%): 0.98

Taxa de Mortalidade 12.67 %

    country       dias otimista casos_estimados pessimista estimativa_mortes casos_confirmados mortes_confirmadas latitude longitude
90    Italy 2020-03-28    88415           92394      96373             11709             92472              10781 41.87194  12.56738
91    Italy 2020-03-29    93870           98094     102318             12431             97689              11591 41.87194  12.56738
92    Italy 2020-03-30    99062          103520     107978             13119            101739              12430 41.87194  12.56738
93    Italy 2020-03-31   103947          108624     113301             13766            105792              13157 41.87194  12.56738
94    Italy 2020-04-01   108492          113374     118256             14368            110574              13917 41.87194  12.56738
95    Italy 2020-04-02   112678          117748     122818             14922            115242              14681 41.87194  12.56738
96    Italy 2020-04-03   116497          121739     126981             15428            119827              15362 41.87194  12.56738
97    Italy 2020-04-04   119950          125348     130746             15885            124632              15889 41.87194  12.56738
98    Italy 2020-04-05   123050          128587     134124             16296            128948              16525 41.87194  12.56738
99    Italy 2020-04-06   125812          131473     137134             16662            132547              17129 41.87194  12.56738
100   Italy 2020-04-07   128258          134029     139800             16986            135586              17669 41.87194  12.56738
101   Italy 2020-04-08   130411          136279     142147             17271            139422              17669 41.87194  12.56738
102   Italy 2020-04-09   132299          138252     144205             17521            139422              17669 41.87194  12.56738
103   Italy 2020-04-10   133946          139973     146000             17739                NA                 NA 41.87194  12.56738
104   Italy 2020-04-11   135377          141469     147561             17928                NA                 NA 41.87194  12.56738
105   Italy 2020-04-12   136618          142766     148914             18093                NA                 NA 41.87194  12.56738
106   Italy 2020-04-13   137690          143886     150082             18235                NA                 NA 41.87194  12.56738
107   Italy 2020-04-14   138615          144852     151089             18357                NA                 NA 41.87194  12.56738
108   Italy 2020-04-15   139410          145683     151956             18462                NA                 NA 41.87194  12.56738
109   Italy 2020-04-16   140092          146396     152700             18553                NA                 NA 41.87194  12.56738

Total de casos no mundo:  1534001 1534001

Estimados a partir dos dados da OMS:
    day       date      x   xest
1     1 2019-12-30      0      0
2     2 2019-12-31      0      0
3     3 2020-01-01      0      0
4     4 2020-01-02      0      0
5     5 2020-01-03      0      0
6     6 2020-01-04      0      0
7     7 2020-01-05      0      0
8     8 2020-01-06      0      0
9     9 2020-01-07      0      0
10   10 2020-01-08      0      1
11   11 2020-01-09      0      1
12   12 2020-01-10      0      1
13   13 2020-01-11      0      1
14   14 2020-01-12      0      1
15   15 2020-01-13      0      1
16   16 2020-01-14      0      1
17   17 2020-01-15      0      2
18   18 2020-01-16      0      2
19   19 2020-01-17      0      2
20   20 2020-01-18      0      3
21   21 2020-01-19      0      3
22   22 2020-01-20      0      4
23   23 2020-01-21      0      4
24   24 2020-01-22      0      5
25   25 2020-01-23      0      6
26   26 2020-01-24      0      7
27   27 2020-01-25      0      8
28   28 2020-01-26      0     10
29   29 2020-01-27      0     11
30   30 2020-01-28      0     14
31   31 2020-01-29      0     16
32   32 2020-01-30      3     19
33   33 2020-01-31      3     22
34   34 2020-02-01      3     26
35   35 2020-02-02      3     31
36   36 2020-02-03      3     36
37   37 2020-02-04      3     42
38   38 2020-02-05      3     50
39   39 2020-02-06      3     59
40   40 2020-02-07      3     69
41   41 2020-02-08      3     81
42   42 2020-02-09      3     96
43   43 2020-02-10      3    113
44   44 2020-02-11      3    132
45   45 2020-02-12      3    156
46   46 2020-02-13      3    183
47   47 2020-02-14      3    216
48   48 2020-02-15      3    254
49   49 2020-02-16      3    299
50   50 2020-02-17      3    352
51   51 2020-02-18      3    414
52   52 2020-02-19      3    487
53   53 2020-02-20      3    572
54   54 2020-02-21     17    673
55   55 2020-02-22     79    792
56   56 2020-02-23    132    931
57   57 2020-02-24    229   1095
58   58 2020-02-25    322   1287
59   59 2020-02-26    400   1513
60   60 2020-02-27    650   1777
61   61 2020-02-28    888   2088
62   62 2020-02-29   1128   2451
63   63 2020-03-01   1689   2877
64   64 2020-03-02   2036   3375
65   65 2020-03-03   2502   3957
66   66 2020-03-04   3089   4636
67   67 2020-03-05   3858   5427
68   68 2020-03-06   4636   6347
69   69 2020-03-07   5883   7415
70   70 2020-03-08   7375   8653
71   71 2020-03-09   9172  10082
72   72 2020-03-10  10149  11728
73   73 2020-03-11  12462  13616
74   74 2020-03-12  15113  15774
75   75 2020-03-13  17660  18229
76   76 2020-03-14  21157  21006
77   77 2020-03-15  23980  24129
78   78 2020-03-16  27980  27617
79   79 2020-03-17  31506  31484
80   80 2020-03-18  35713  35735
81   81 2020-03-19  41035  40365
82   82 2020-03-20  47021  45359
83   83 2020-03-21  53578  50686
84   84 2020-03-22  59138  56303
85   85 2020-03-23  63927  62156
86   86 2020-03-24  69176  68177
87   87 2020-03-25  74386  74292
88   88 2020-03-26  80539  80419
89   89 2020-03-27  86498  86479
90   90 2020-03-28  92472  92394
91   91 2020-03-29  97689  98094
92   92 2020-03-30 101739 103520
93   93 2020-03-31 105792 108624
94   94 2020-04-01 110574 113374
95   95 2020-04-02 115242 117748
96   96 2020-04-03 119827 121739
97   97 2020-04-04 124632 125348
98   98 2020-04-05 128948 128587
99   99 2020-04-06 132547 131473
100 100 2020-04-07 135586 134029
101 101 2020-04-08 139422 136279
102 102 2020-04-09 139422 138252


Todos os dados gerados
    country       dias otimista casos_estimados pessimista estimativa_mortes casos_confirmados mortes_confirmadas latitude longitude
1     Italy 2019-12-30        0               0          0                 0                 0                  0 41.87194  12.56738
2     Italy 2019-12-31        0               0          0                 0                 0                  0 41.87194  12.56738
3     Italy 2020-01-01        0               0          0                 0                 0                  0 41.87194  12.56738
4     Italy 2020-01-02        0               0          0                 0                 0                  0 41.87194  12.56738
5     Italy 2020-01-03        0               0          0                 0                 0                  0 41.87194  12.56738
6     Italy 2020-01-04        0               0          0                 0                 0                  0 41.87194  12.56738
7     Italy 2020-01-05        0               0          0                 0                 0                  0 41.87194  12.56738
8     Italy 2020-01-06        0               0          0                 0                 0                  0 41.87194  12.56738
9     Italy 2020-01-07        0               0          0                 0                 0                  0 41.87194  12.56738
10    Italy 2020-01-08        1               1          1                 0                 0                  0 41.87194  12.56738
11    Italy 2020-01-09        1               1          1                 0                 0                  0 41.87194  12.56738
12    Italy 2020-01-10        1               1          1                 0                 0                  0 41.87194  12.56738
13    Italy 2020-01-11        1               1          1                 0                 0                  0 41.87194  12.56738
14    Italy 2020-01-12        1               1          1                 0                 0                  0 41.87194  12.56738
15    Italy 2020-01-13        1               1          1                 0                 0                  0 41.87194  12.56738
16    Italy 2020-01-14        1               1          1                 0                 0                  0 41.87194  12.56738
17    Italy 2020-01-15        2               2          2                 0                 0                  0 41.87194  12.56738
18    Italy 2020-01-16        2               2          2                 0                 0                  0 41.87194  12.56738
19    Italy 2020-01-17        2               2          2                 0                 0                  0 41.87194  12.56738
20    Italy 2020-01-18        3               3          3                 0                 0                  0 41.87194  12.56738
21    Italy 2020-01-19        3               3          3                 0                 0                  0 41.87194  12.56738
22    Italy 2020-01-20        4               4          4                 1                 0                  0 41.87194  12.56738
23    Italy 2020-01-21        4               4          4                 1                 0                  0 41.87194  12.56738
24    Italy 2020-01-22        5               5          5                 1                 0                  0 41.87194  12.56738
25    Italy 2020-01-23        6               6          6                 1                 0                  0 41.87194  12.56738
26    Italy 2020-01-24        7               7          7                 1                 0                  0 41.87194  12.56738
27    Italy 2020-01-25        8               8          8                 1                 0                  0 41.87194  12.56738
28    Italy 2020-01-26       10              10         10                 1                 0                  0 41.87194  12.56738
29    Italy 2020-01-27       11              11         11                 1                 0                  0 41.87194  12.56738
30    Italy 2020-01-28       13              14         15                 2                 0                  0 41.87194  12.56738
31    Italy 2020-01-29       15              16         17                 2                 0                  0 41.87194  12.56738
32    Italy 2020-01-30       18              19         20                 2                 3                  0 41.87194  12.56738
33    Italy 2020-01-31       21              22         23                 3                 3                  0 41.87194  12.56738
34    Italy 2020-02-01       25              26         27                 3                 3                  0 41.87194  12.56738
35    Italy 2020-02-02       30              31         32                 4                 3                  0 41.87194  12.56738
36    Italy 2020-02-03       34              36         38                 5                 3                  0 41.87194  12.56738
37    Italy 2020-02-04       40              42         44                 5                 3                  0 41.87194  12.56738
38    Italy 2020-02-05       48              50         52                 6                 3                  0 41.87194  12.56738
39    Italy 2020-02-06       56              59         62                 7                 3                  0 41.87194  12.56738
40    Italy 2020-02-07       66              69         72                 9                 3                  0 41.87194  12.56738
41    Italy 2020-02-08       78              81         84                10                 3                  0 41.87194  12.56738
42    Italy 2020-02-09       92              96        100                12                 3                  0 41.87194  12.56738
43    Italy 2020-02-10      108             113        118                14                 3                  0 41.87194  12.56738
44    Italy 2020-02-11      126             132        138                17                 3                  0 41.87194  12.56738
45    Italy 2020-02-12      149             156        163                20                 3                  0 41.87194  12.56738
46    Italy 2020-02-13      175             183        191                23                 3                  0 41.87194  12.56738
47    Italy 2020-02-14      207             216        225                27                 3                  0 41.87194  12.56738
48    Italy 2020-02-15      243             254        265                32                 3                  0 41.87194  12.56738
49    Italy 2020-02-16      286             299        312                38                 3                  0 41.87194  12.56738
50    Italy 2020-02-17      337             352        367                45                 3                  0 41.87194  12.56738
51    Italy 2020-02-18      396             414        432                52                 3                  0 41.87194  12.56738
52    Italy 2020-02-19      466             487        508                62                 3                  0 41.87194  12.56738
53    Italy 2020-02-20      547             572        597                72                 3                  0 41.87194  12.56738
54    Italy 2020-02-21      644             673        702                85                17                  2 41.87194  12.56738
55    Italy 2020-02-22      758             792        826               100                79                  2 41.87194  12.56738
56    Italy 2020-02-23      891             931        971               118               132                  6 41.87194  12.56738
57    Italy 2020-02-24     1048            1095       1142               139               229                 11 41.87194  12.56738
58    Italy 2020-02-25     1232            1287       1342               163               322                 12 41.87194  12.56738
59    Italy 2020-02-26     1448            1513       1578               192               400                 17 41.87194  12.56738
60    Italy 2020-02-27     1700            1777       1854               225               650                 21 41.87194  12.56738
61    Italy 2020-02-28     1998            2088       2178               265               888                 29 41.87194  12.56738
62    Italy 2020-02-29     2345            2451       2557               311              1128                 35 41.87194  12.56738
63    Italy 2020-03-01     2753            2877       3001               365              1689                 52 41.87194  12.56738
64    Italy 2020-03-02     3230            3375       3520               428              2036                 80 41.87194  12.56738
65    Italy 2020-03-03     3787            3957       4127               501              2502                107 41.87194  12.56738
66    Italy 2020-03-04     4436            4636       4836               588              3089                148 41.87194  12.56738
67    Italy 2020-03-05     5193            5427       5661               688              3858                197 41.87194  12.56738
68    Italy 2020-03-06     6074            6347       6620               804              4636                233 41.87194  12.56738
69    Italy 2020-03-07     7096            7415       7734               940              5883                366 41.87194  12.56738
70    Italy 2020-03-08     8280            8653       9026              1097              7375                464 41.87194  12.56738
71    Italy 2020-03-09     9648           10082      10516              1278              9172                631 41.87194  12.56738
72    Italy 2020-03-10    11223           11728      12233              1486             10149                827 41.87194  12.56738
73    Italy 2020-03-11    13030           13616      14202              1726             12462               1016 41.87194  12.56738
74    Italy 2020-03-12    15095           15774      16453              1999             15113               1268 41.87194  12.56738
75    Italy 2020-03-13    17444           18229      19014              2310             17660               1441 41.87194  12.56738
76    Italy 2020-03-14    20101           21006      21911              2662             21157               1811 41.87194  12.56738
77    Italy 2020-03-15    23090           24129      25168              3058             23980               2158 41.87194  12.56738
78    Italy 2020-03-16    26428           27617      28806              3500             27980               2505 41.87194  12.56738
79    Italy 2020-03-17    30128           31484      32840              3990             31506               2978 41.87194  12.56738
80    Italy 2020-03-18    34196           35735      37274              4529             35713               3407 41.87194  12.56738
81    Italy 2020-03-19    38627           40365      42103              5115             41035               4032 41.87194  12.56738
82    Italy 2020-03-20    43406           45359      47312              5748             47021               4827 41.87194  12.56738
83    Italy 2020-03-21    48503           50686      52869              6423             53578               5476 41.87194  12.56738
84    Italy 2020-03-22    53879           56303      58727              7135             59138               6077 41.87194  12.56738
85    Italy 2020-03-23    59480           62156      64832              7877             63927               6820 41.87194  12.56738
86    Italy 2020-03-24    65241           68177      71113              8640             69176               7505 41.87194  12.56738
87    Italy 2020-03-25    71093           74292      77491              9415             74386               8165 41.87194  12.56738
88    Italy 2020-03-26    76956           80419      83882             10192             80539               9136 41.87194  12.56738
89    Italy 2020-03-27    82755           86479      90203             10960             86498              10023 41.87194  12.56738
90    Italy 2020-03-28    88415           92394      96373             11709             92472              10781 41.87194  12.56738
91    Italy 2020-03-29    93870           98094     102318             12431             97689              11591 41.87194  12.56738
92    Italy 2020-03-30    99062          103520     107978             13119            101739              12430 41.87194  12.56738
93    Italy 2020-03-31   103947          108624     113301             13766            105792              13157 41.87194  12.56738
94    Italy 2020-04-01   108492          113374     118256             14368            110574              13917 41.87194  12.56738
95    Italy 2020-04-02   112678          117748     122818             14922            115242              14681 41.87194  12.56738
96    Italy 2020-04-03   116497          121739     126981             15428            119827              15362 41.87194  12.56738
97    Italy 2020-04-04   119950          125348     130746             15885            124632              15889 41.87194  12.56738
98    Italy 2020-04-05   123050          128587     134124             16296            128948              16525 41.87194  12.56738
99    Italy 2020-04-06   125812          131473     137134             16662            132547              17129 41.87194  12.56738
100   Italy 2020-04-07   128258          134029     139800             16986            135586              17669 41.87194  12.56738
101   Italy 2020-04-08   130411          136279     142147             17271            139422              17669 41.87194  12.56738
102   Italy 2020-04-09   132299          138252     144205             17521            139422              17669 41.87194  12.56738
103   Italy 2020-04-10   133946          139973     146000             17739                NA                 NA 41.87194  12.56738
104   Italy 2020-04-11   135377          141469     147561             17928                NA                 NA 41.87194  12.56738
105   Italy 2020-04-12   136618          142766     148914             18093                NA                 NA 41.87194  12.56738
106   Italy 2020-04-13   137690          143886     150082             18235                NA                 NA 41.87194  12.56738
107   Italy 2020-04-14   138615          144852     151089             18357                NA                 NA 41.87194  12.56738
108   Italy 2020-04-15   139410          145683     151956             18462                NA                 NA 41.87194  12.56738
109   Italy 2020-04-16   140092          146396     152700             18553                NA                 NA 41.87194  12.56738

Fontes:
	OMS - https://ourworldindata.org/coronavirus-source-data
	Worldometers - https://www.worldometers.info/coronavirus