
 Italy 
Projecao:  7  dias
Gerado em:  2020-05-05 15:26:29
RMSE(%):  7.5 , BIAS(%): 1.63

Taxa de Mortalidade 13.76 %

    country       dias otimista casos_estimados pessimista estimativa_mortes casos_confirmados mortes_confirmadas latitude longitude
116   Italy 2020-04-23   177929          192254     206579             26458            189973              25969 41.87194  12.56738
117   Italy 2020-04-24   179451          193899     208347             26685            192994              26384 41.87194  12.56738
118   Italy 2020-04-25   180839          195398     209957             26891            195351              26644 41.87194  12.56738
119   Italy 2020-04-26   182102          196763     211424             27079            197675              26977 41.87194  12.56738
120   Italy 2020-04-27   183250          198003     212756             27249            199414              27359 41.87194  12.56738
121   Italy 2020-04-28   184292          199129     213966             27404            201505              27682 41.87194  12.56738
122   Italy 2020-04-29   185237          200150     215063             27545            203591              27967 41.87194  12.56738
123   Italy 2020-04-30   186093          201075     216057             27672            205463              28236 41.87194  12.56738
124   Italy 2020-05-01   186868          201913     216958             27787            207428              28710 41.87194  12.56738
125   Italy 2020-05-02   187568          202669     217770             27891            209328              28884 41.87194  12.56738
126   Italy 2020-05-03   188201          203353     218505             27986            210717              29079 41.87194  12.56738
127   Italy 2020-05-04   188772          203970     219168             28070            211938              29315 41.87194  12.56738
128   Italy 2020-05-05   189287          204527     219767             28147            213013              29315 41.87194  12.56738
129   Italy 2020-05-06   189753          205030     220307             28216                NA                 NA 41.87194  12.56738
130   Italy 2020-05-07   190171          205482     220793             28279                NA                 NA 41.87194  12.56738
131   Italy 2020-05-08   190549          205890     221231             28335                NA                 NA 41.87194  12.56738
132   Italy 2020-05-09   190889          206257     221625             28385                NA                 NA 41.87194  12.56738
133   Italy 2020-05-10   191194          206587     221980             28431                NA                 NA 41.87194  12.56738
134   Italy 2020-05-11   191470          206885     222300             28472                NA                 NA 41.87194  12.56738
135   Italy 2020-05-12   191717          207152     222587             28508                NA                 NA 41.87194  12.56738

Total de casos no mundo:  3694920 1334030 1492320 584022 226127 49263 8437 721 3694920

Estimados a partir dos dados da OMS:
    day       date      x   xest
1     1 2019-12-30      0      9
2     2 2019-12-31      0     10
3     3 2020-01-01      0     11
4     4 2020-01-02      0     12
5     5 2020-01-03      0     14
6     6 2020-01-04      0     15
7     7 2020-01-05      0     17
8     8 2020-01-06      0     19
9     9 2020-01-07      0     21
10   10 2020-01-08      0     23
11   11 2020-01-09      0     26
12   12 2020-01-10      0     29
13   13 2020-01-11      0     32
14   14 2020-01-12      0     36
15   15 2020-01-13      0     40
16   16 2020-01-14      0     45
17   17 2020-01-15      0     50
18   18 2020-01-16      0     55
19   19 2020-01-17      0     62
20   20 2020-01-18      0     69
21   21 2020-01-19      0     77
22   22 2020-01-20      0     86
23   23 2020-01-21      0     95
24   24 2020-01-22      0    106
25   25 2020-01-23      0    119
26   26 2020-01-24      0    132
27   27 2020-01-25      0    147
28   28 2020-01-26      0    164
29   29 2020-01-27      0    183
30   30 2020-01-28      0    204
31   31 2020-01-29      0    227
32   32 2020-01-30      3    253
33   33 2020-01-31      3    283
34   34 2020-02-01      3    315
35   35 2020-02-02      3    351
36   36 2020-02-03      3    391
37   37 2020-02-04      3    436
38   38 2020-02-05      3    486
39   39 2020-02-06      3    542
40   40 2020-02-07      3    604
41   41 2020-02-08      3    673
42   42 2020-02-09      3    750
43   43 2020-02-10      3    835
44   44 2020-02-11      3    931
45   45 2020-02-12      3   1037
46   46 2020-02-13      3   1155
47   47 2020-02-14      3   1287
48   48 2020-02-15      3   1434
49   49 2020-02-16      3   1597
50   50 2020-02-17      3   1779
51   51 2020-02-18      3   1981
52   52 2020-02-19      3   2206
53   53 2020-02-20      3   2456
54   54 2020-02-21     17   2734
55   55 2020-02-22     79   3044
56   56 2020-02-23    132   3387
57   57 2020-02-24    229   3769
58   58 2020-02-25    322   4193
59   59 2020-02-26    400   4664
60   60 2020-02-27    650   5186
61   61 2020-02-28    888   5764
62   62 2020-02-29   1128   6406
63   63 2020-03-01   1689   7116
64   64 2020-03-02   2036   7902
65   65 2020-03-03   2502   8771
66   66 2020-03-04   3089   9731
67   67 2020-03-05   3858  10790
68   68 2020-03-06   4636  11958
69   69 2020-03-07   5883  13244
70   70 2020-03-08   7375  14657
71   71 2020-03-09   9172  16209
72   72 2020-03-10  10149  17911
73   73 2020-03-11  12462  19772
74   74 2020-03-12  15113  21805
75   75 2020-03-13  17660  24021
76   76 2020-03-14  21157  26430
77   77 2020-03-15  23980  29043
78   78 2020-03-16  27980  31869
79   79 2020-03-17  31506  34918
80   80 2020-03-18  35713  38195
81   81 2020-03-19  41035  41706
82   82 2020-03-20  47021  45454
83   83 2020-03-21  53578  49440
84   84 2020-03-22  59138  53661
85   85 2020-03-23  63927  58111
86   86 2020-03-24  69176  62782
87   87 2020-03-25  74386  67661
88   88 2020-03-26  80539  72731
89   89 2020-03-27  86498  77971
90   90 2020-03-28  92472  83360
91   91 2020-03-29  97689  88869
92   92 2020-03-30 101739  94470
93   93 2020-03-31 105792 100130
94   94 2020-04-01 110574 105818
95   95 2020-04-02 115242 111500
96   96 2020-04-03 119827 117142
97   97 2020-04-04 124632 122712
98   98 2020-04-05 128948 128179
99   99 2020-04-06 132547 133515
100 100 2020-04-07 135586 138695
101 101 2020-04-08 139422 143696
102 102 2020-04-09 143626 148498
103 103 2020-04-10 147577 153088
104 104 2020-04-11 152271 157454
105 105 2020-04-12 156363 161588
106 106 2020-04-13 159516 165485
107 107 2020-04-14 162488 169144
108 108 2020-04-15 165155 172568
109 109 2020-04-16 168941 175758
110 110 2020-04-17 172434 178723
111 111 2020-04-18 175925 181468
112 112 2020-04-19 178972 184004
113 113 2020-04-20 181228 186340
114 114 2020-04-21 183957 188486
115 115 2020-04-22 187327 190454
116 116 2020-04-23 189973 192254
117 117 2020-04-24 192994 193899
118 118 2020-04-25 195351 195398
119 119 2020-04-26 197675 196763
120 120 2020-04-27 199414 198003
121 121 2020-04-28 201505 199129
122 122 2020-04-29 203591 200150
123 123 2020-04-30 205463 201075
124 124 2020-05-01 207428 201913
125 125 2020-05-02 209328 202669
126 126 2020-05-03 210717 203353
127 127 2020-05-04 211938 203970
128 128 2020-05-05 213013 204527

Intervalo de Confianca
              2.5%         97.5%
Asym 206140.434180 213062.670630
xmid     93.273205     94.374550
scal      8.834248      9.586556


Formula: x ~ SSlogis(day, Asym, xmid, scal)

Parameters:
        Estimate  Std. Error t value            Pr(>|t|)    
Asym 209511.7551   1674.4061  125.13 <0.0000000000000002 ***
xmid     93.8133      0.2600  360.86 <0.0000000000000002 ***
scal      9.2038      0.1927   47.77 <0.0000000000000002 ***
---
Signif. codes:  0 ‘***’ 0.001 ‘**’ 0.01 ‘*’ 0.05 ‘.’ 0.1 ‘ ’ 1

Residual standard error: 4238 on 125 degrees of freedom

Number of iterations to convergence: 9 
Achieved convergence tolerance: 0.0000000149


Italy: o primeiro caso foi registrado em 30/01/2020 na data 05/05/2020 temos 96 dias desde o primeiro caso. A data de pico prevista pelo modelo logístico foi 03/05/2020 (dia 94 desde os primeiros casos relatados).
Em 03/05/2020 o modelo estimou 209512+/-1674 casos.

Todos os dados gerados
    country       dias otimista casos_estimados pessimista estimativa_mortes casos_confirmados mortes_confirmadas latitude longitude
1     Italy 2019-12-30        8               9         10                 1                 0                  0 41.87194  12.56738
2     Italy 2019-12-31        9              10         11                 1                 0                  0 41.87194  12.56738
3     Italy 2020-01-01       10              11         12                 2                 0                  0 41.87194  12.56738
4     Italy 2020-01-02       11              12         13                 2                 0                  0 41.87194  12.56738
5     Italy 2020-01-03       13              14         15                 2                 0                  0 41.87194  12.56738
6     Italy 2020-01-04       14              15         16                 2                 0                  0 41.87194  12.56738
7     Italy 2020-01-05       16              17         18                 2                 0                  0 41.87194  12.56738
8     Italy 2020-01-06       18              19         20                 3                 0                  0 41.87194  12.56738
9     Italy 2020-01-07       19              21         23                 3                 0                  0 41.87194  12.56738
10    Italy 2020-01-08       21              23         25                 3                 0                  0 41.87194  12.56738
11    Italy 2020-01-09       24              26         28                 4                 0                  0 41.87194  12.56738
12    Italy 2020-01-10       27              29         31                 4                 0                  0 41.87194  12.56738
13    Italy 2020-01-11       30              32         34                 4                 0                  0 41.87194  12.56738
14    Italy 2020-01-12       33              36         39                 5                 0                  0 41.87194  12.56738
15    Italy 2020-01-13       37              40         43                 6                 0                  0 41.87194  12.56738
16    Italy 2020-01-14       42              45         48                 6                 0                  0 41.87194  12.56738
17    Italy 2020-01-15       46              50         54                 7                 0                  0 41.87194  12.56738
18    Italy 2020-01-16       51              55         59                 8                 0                  0 41.87194  12.56738
19    Italy 2020-01-17       57              62         67                 9                 0                  0 41.87194  12.56738
20    Italy 2020-01-18       64              69         74                 9                 0                  0 41.87194  12.56738
21    Italy 2020-01-19       71              77         83                11                 0                  0 41.87194  12.56738
22    Italy 2020-01-20       80              86         92                12                 0                  0 41.87194  12.56738
23    Italy 2020-01-21       88              95        102                13                 0                  0 41.87194  12.56738
24    Italy 2020-01-22       98             106        114                15                 0                  0 41.87194  12.56738
25    Italy 2020-01-23      110             119        128                16                 0                  0 41.87194  12.56738
26    Italy 2020-01-24      122             132        142                18                 0                  0 41.87194  12.56738
27    Italy 2020-01-25      136             147        158                20                 0                  0 41.87194  12.56738
28    Italy 2020-01-26      152             164        176                23                 0                  0 41.87194  12.56738
29    Italy 2020-01-27      169             183        197                25                 0                  0 41.87194  12.56738
30    Italy 2020-01-28      189             204        219                28                 0                  0 41.87194  12.56738
31    Italy 2020-01-29      210             227        244                31                 0                  0 41.87194  12.56738
32    Italy 2020-01-30      234             253        272                35                 3                  0 41.87194  12.56738
33    Italy 2020-01-31      262             283        304                39                 3                  0 41.87194  12.56738
34    Italy 2020-02-01      292             315        338                43                 3                  0 41.87194  12.56738
35    Italy 2020-02-02      325             351        377                48                 3                  0 41.87194  12.56738
36    Italy 2020-02-03      362             391        420                54                 3                  0 41.87194  12.56738
37    Italy 2020-02-04      404             436        468                60                 3                  0 41.87194  12.56738
38    Italy 2020-02-05      450             486        522                67                 3                  0 41.87194  12.56738
39    Italy 2020-02-06      502             542        582                75                 3                  0 41.87194  12.56738
40    Italy 2020-02-07      559             604        649                83                 3                  0 41.87194  12.56738
41    Italy 2020-02-08      623             673        723                93                 3                  0 41.87194  12.56738
42    Italy 2020-02-09      694             750        806               103                 3                  0 41.87194  12.56738
43    Italy 2020-02-10      773             835        897               115                 3                  0 41.87194  12.56738
44    Italy 2020-02-11      862             931       1000               128                 3                  0 41.87194  12.56738
45    Italy 2020-02-12      960            1037       1114               143                 3                  0 41.87194  12.56738
46    Italy 2020-02-13     1069            1155       1241               159                 3                  0 41.87194  12.56738
47    Italy 2020-02-14     1191            1287       1383               177                 3                  0 41.87194  12.56738
48    Italy 2020-02-15     1327            1434       1541               197                 3                  0 41.87194  12.56738
49    Italy 2020-02-16     1478            1597       1716               220                 3                  0 41.87194  12.56738
50    Italy 2020-02-17     1646            1779       1912               245                 3                  0 41.87194  12.56738
51    Italy 2020-02-18     1833            1981       2129               273                 3                  0 41.87194  12.56738
52    Italy 2020-02-19     2042            2206       2370               304                 3                  0 41.87194  12.56738
53    Italy 2020-02-20     2273            2456       2639               338                 3                  0 41.87194  12.56738
54    Italy 2020-02-21     2530            2734       2938               376                17                  2 41.87194  12.56738
55    Italy 2020-02-22     2817            3044       3271               419                79                  2 41.87194  12.56738
56    Italy 2020-02-23     3135            3387       3639               466               132                  6 41.87194  12.56738
57    Italy 2020-02-24     3488            3769       4050               519               229                 11 41.87194  12.56738
58    Italy 2020-02-25     3881            4193       4505               577               322                 12 41.87194  12.56738
59    Italy 2020-02-26     4316            4664       5012               642               400                 17 41.87194  12.56738
60    Italy 2020-02-27     4800            5186       5572               714               650                 21 41.87194  12.56738
61    Italy 2020-02-28     5335            5764       6193               793               888                 29 41.87194  12.56738
62    Italy 2020-02-29     5929            6406       6883               882              1128                 35 41.87194  12.56738
63    Italy 2020-03-01     6586            7116       7646               979              1689                 52 41.87194  12.56738
64    Italy 2020-03-02     7313            7902       8491              1087              2036                 80 41.87194  12.56738
65    Italy 2020-03-03     8117            8771       9425              1207              2502                107 41.87194  12.56738
66    Italy 2020-03-04     9006            9731      10456              1339              3089                148 41.87194  12.56738
67    Italy 2020-03-05     9986           10790      11594              1485              3858                197 41.87194  12.56738
68    Italy 2020-03-06    11067           11958      12849              1646              4636                233 41.87194  12.56738
69    Italy 2020-03-07    12257           13244      14231              1823              5883                366 41.87194  12.56738
70    Italy 2020-03-08    13565           14657      15749              2017              7375                464 41.87194  12.56738
71    Italy 2020-03-09    15001           16209      17417              2231              9172                631 41.87194  12.56738
72    Italy 2020-03-10    16576           17911      19246              2465             10149                827 41.87194  12.56738
73    Italy 2020-03-11    18299           19772      21245              2721             12462               1016 41.87194  12.56738
74    Italy 2020-03-12    20180           21805      23430              3001             15113               1268 41.87194  12.56738
75    Italy 2020-03-13    22231           24021      25811              3306             17660               1441 41.87194  12.56738
76    Italy 2020-03-14    24461           26430      28399              3637             21157               1811 41.87194  12.56738
77    Italy 2020-03-15    26879           29043      31207              3997             23980               2158 41.87194  12.56738
78    Italy 2020-03-16    29494           31869      34244              4386             27980               2505 41.87194  12.56738
79    Italy 2020-03-17    32316           34918      37520              4805             31506               2978 41.87194  12.56738
80    Italy 2020-03-18    35349           38195      41041              5256             35713               3407 41.87194  12.56738
81    Italy 2020-03-19    38598           41706      44814              5740             41035               4032 41.87194  12.56738
82    Italy 2020-03-20    42067           45454      48841              6255             47021               4827 41.87194  12.56738
83    Italy 2020-03-21    45756           49440      53124              6804             53578               5476 41.87194  12.56738
84    Italy 2020-03-22    49663           53661      57659              7385             59138               6077 41.87194  12.56738
85    Italy 2020-03-23    53781           58111      62441              7997             63927               6820 41.87194  12.56738
86    Italy 2020-03-24    58104           62782      67460              8640             69176               7505 41.87194  12.56738
87    Italy 2020-03-25    62619           67661      72703              9312             74386               8165 41.87194  12.56738
88    Italy 2020-03-26    67312           72731      78150             10009             80539               9136 41.87194  12.56738
89    Italy 2020-03-27    72161           77971      83781             10730             86498              10023 41.87194  12.56738
90    Italy 2020-03-28    77149           83360      89571             11472             92472              10781 41.87194  12.56738
91    Italy 2020-03-29    82247           88869      95491             12230             97689              11591 41.87194  12.56738
92    Italy 2020-03-30    87431           94470     101509             13001            101739              12430 41.87194  12.56738
93    Italy 2020-03-31    92669          100130     107591             13780            105792              13157 41.87194  12.56738
94    Italy 2020-04-01    97933          105818     113703             14563            110574              13917 41.87194  12.56738
95    Italy 2020-04-02   103192          111500     119808             15345            115242              14681 41.87194  12.56738
96    Italy 2020-04-03   108414          117142     125870             16121            119827              15362 41.87194  12.56738
97    Italy 2020-04-04   113569          122712     131855             16888            124632              15889 41.87194  12.56738
98    Italy 2020-04-05   118628          128179     137730             17640            128948              16525 41.87194  12.56738
99    Italy 2020-04-06   123567          133515     143463             18374            132547              17129 41.87194  12.56738
100   Italy 2020-04-07   128361          138695     149029             19087            135586              17669 41.87194  12.56738
101   Italy 2020-04-08   132989          143696     154403             19776            139422              18281 41.87194  12.56738
102   Italy 2020-04-09   137433          148498     159563             20436            143626              18851 41.87194  12.56738
103   Italy 2020-04-10   141681          153088     164495             21068            147577              19470 41.87194  12.56738
104   Italy 2020-04-11   145722          157454     169186             21669            152271              19901 41.87194  12.56738
105   Italy 2020-04-12   149548          161588     173628             22238            156363              20465 41.87194  12.56738
106   Italy 2020-04-13   153154          165485     177816             22774            159516              21069 41.87194  12.56738
107   Italy 2020-04-14   156541          169144     181747             23278            162488              21647 41.87194  12.56738
108   Italy 2020-04-15   159710          172568     185426             23749            165155              22172 41.87194  12.56738
109   Italy 2020-04-16   162662          175758     188854             24188            168941              22747 41.87194  12.56738
110   Italy 2020-04-17   165406          178723     192040             24596            172434              23227 41.87194  12.56738
111   Italy 2020-04-18   167947          181468     194989             24974            175925              23660 41.87194  12.56738
112   Italy 2020-04-19   170294          184004     197714             25323            178972              24114 41.87194  12.56738
113   Italy 2020-04-20   172456          186340     200224             25644            181228              24648 41.87194  12.56738
114   Italy 2020-04-21   174442          188486     202530             25940            183957              25085 41.87194  12.56738
115   Italy 2020-04-22   176263          190454     204645             26210            187327              25549 41.87194  12.56738
116   Italy 2020-04-23   177929          192254     206579             26458            189973              25969 41.87194  12.56738
117   Italy 2020-04-24   179451          193899     208347             26685            192994              26384 41.87194  12.56738
118   Italy 2020-04-25   180839          195398     209957             26891            195351              26644 41.87194  12.56738
119   Italy 2020-04-26   182102          196763     211424             27079            197675              26977 41.87194  12.56738
120   Italy 2020-04-27   183250          198003     212756             27249            199414              27359 41.87194  12.56738
121   Italy 2020-04-28   184292          199129     213966             27404            201505              27682 41.87194  12.56738
122   Italy 2020-04-29   185237          200150     215063             27545            203591              27967 41.87194  12.56738
123   Italy 2020-04-30   186093          201075     216057             27672            205463              28236 41.87194  12.56738
124   Italy 2020-05-01   186868          201913     216958             27787            207428              28710 41.87194  12.56738
125   Italy 2020-05-02   187568          202669     217770             27891            209328              28884 41.87194  12.56738
126   Italy 2020-05-03   188201          203353     218505             27986            210717              29079 41.87194  12.56738
127   Italy 2020-05-04   188772          203970     219168             28070            211938              29315 41.87194  12.56738
128   Italy 2020-05-05   189287          204527     219767             28147            213013              29315 41.87194  12.56738
129   Italy 2020-05-06   189753          205030     220307             28216                NA                 NA 41.87194  12.56738
130   Italy 2020-05-07   190171          205482     220793             28279                NA                 NA 41.87194  12.56738
131   Italy 2020-05-08   190549          205890     221231             28335                NA                 NA 41.87194  12.56738
132   Italy 2020-05-09   190889          206257     221625             28385                NA                 NA 41.87194  12.56738
133   Italy 2020-05-10   191194          206587     221980             28431                NA                 NA 41.87194  12.56738
134   Italy 2020-05-11   191470          206885     222300             28472                NA                 NA 41.87194  12.56738
135   Italy 2020-05-12   191717          207152     222587             28508                NA                 NA 41.87194  12.56738

Fontes:
	OMS - https://ourworldindata.org/coronavirus-source-data
	Worldometers - https://www.worldometers.info/coronavirus