
 Italy 
Projecao:  7  dias
Gerado em:  2020-05-04 18:36:41
RMSE(%):  7.5 , BIAS(%): 1.64

Taxa de Mortalidade 13.72 %

    country       dias otimista casos_estimados pessimista estimativa_mortes casos_confirmados mortes_confirmadas latitude longitude
115   Italy 2020-04-22   175727          189998     204269             26069            187327              25549 41.87194  12.56738
116   Italy 2020-04-23   177347          191750     206153             26309            189973              25969 41.87194  12.56738
117   Italy 2020-04-24   178825          193348     207871             26528            192994              26384 41.87194  12.56738
118   Italy 2020-04-25   180170          194802     209434             26728            195351              26644 41.87194  12.56738
119   Italy 2020-04-26   181393          196124     210855             26909            197675              26977 41.87194  12.56738
120   Italy 2020-04-27   182503          197325     212147             27074            199414              27359 41.87194  12.56738
121   Italy 2020-04-28   183510          198413     213316             27223            201505              27682 41.87194  12.56738
122   Italy 2020-04-29   184422          199399     214376             27359            203591              27967 41.87194  12.56738
123   Italy 2020-04-30   185246          200290     215334             27481            205463              28236 41.87194  12.56738
124   Italy 2020-05-01   185991          201096     216201             27591            207428              28710 41.87194  12.56738
125   Italy 2020-05-02   186665          201824     216983             27691            209328              28884 41.87194  12.56738
126   Italy 2020-05-03   187272          202481     217690             27781            210717              29079 41.87194  12.56738
127   Italy 2020-05-04   187820          203073     218326             27863            211938              29079 41.87194  12.56738
128   Italy 2020-05-05   188314          203607     218900             27936                NA                 NA 41.87194  12.56738
129   Italy 2020-05-06   188758          204087     219416             28002                NA                 NA 41.87194  12.56738
130   Italy 2020-05-07   189158          204520     219882             28061                NA                 NA 41.87194  12.56738
131   Italy 2020-05-08   189518          204909     220300             28115                NA                 NA 41.87194  12.56738
132   Italy 2020-05-09   189842          205260     220678             28163                NA                 NA 41.87194  12.56738
133   Italy 2020-05-10   190133          205574     221015             28206                NA                 NA 41.87194  12.56738
134   Italy 2020-05-11   190395          205857     221319             28245                NA                 NA 41.87194  12.56738

Total de casos no mundo:  3635428 1315578 1469633 572638 220809 47635 8414 721 3635428

Estimados a partir dos dados da OMS:
    day       date      x   xest
1     1 2019-12-30      0      8
2     2 2019-12-31      0      9
3     3 2020-01-01      0     10
4     4 2020-01-02      0     11
5     5 2020-01-03      0     13
6     6 2020-01-04      0     14
7     7 2020-01-05      0     16
8     8 2020-01-06      0     17
9     9 2020-01-07      0     19
10   10 2020-01-08      0     22
11   11 2020-01-09      0     24
12   12 2020-01-10      0     27
13   13 2020-01-11      0     30
14   14 2020-01-12      0     34
15   15 2020-01-13      0     38
16   16 2020-01-14      0     42
17   17 2020-01-15      0     47
18   18 2020-01-16      0     52
19   19 2020-01-17      0     58
20   20 2020-01-18      0     65
21   21 2020-01-19      0     72
22   22 2020-01-20      0     81
23   23 2020-01-21      0     90
24   24 2020-01-22      0    101
25   25 2020-01-23      0    112
26   26 2020-01-24      0    125
27   27 2020-01-25      0    140
28   28 2020-01-26      0    156
29   29 2020-01-27      0    174
30   30 2020-01-28      0    194
31   31 2020-01-29      0    217
32   32 2020-01-30      3    242
33   33 2020-01-31      3    270
34   34 2020-02-01      3    301
35   35 2020-02-02      3    336
36   36 2020-02-03      3    375
37   37 2020-02-04      3    418
38   38 2020-02-05      3    466
39   39 2020-02-06      3    520
40   40 2020-02-07      3    580
41   41 2020-02-08      3    647
42   42 2020-02-09      3    722
43   43 2020-02-10      3    805
44   44 2020-02-11      3    898
45   45 2020-02-12      3   1001
46   46 2020-02-13      3   1117
47   47 2020-02-14      3   1245
48   48 2020-02-15      3   1389
49   49 2020-02-16      3   1548
50   50 2020-02-17      3   1726
51   51 2020-02-18      3   1924
52   52 2020-02-19      3   2145
53   53 2020-02-20      3   2390
54   54 2020-02-21     17   2663
55   55 2020-02-22     79   2968
56   56 2020-02-23    132   3306
57   57 2020-02-24    229   3682
58   58 2020-02-25    322   4100
59   59 2020-02-26    400   4564
60   60 2020-02-27    650   5080
61   61 2020-02-28    888   5653
62   62 2020-02-29   1128   6287
63   63 2020-03-01   1689   6991
64   64 2020-03-02   2036   7771
65   65 2020-03-03   2502   8633
66   66 2020-03-04   3089   9587
67   67 2020-03-05   3858  10641
68   68 2020-03-06   4636  11804
69   69 2020-03-07   5883  13085
70   70 2020-03-08   7375  14495
71   71 2020-03-09   9172  16044
72   72 2020-03-10  10149  17744
73   73 2020-03-11  12462  19606
74   74 2020-03-12  15113  21641
75   75 2020-03-13  17660  23860
76   76 2020-03-14  21157  26275
77   77 2020-03-15  23980  28896
78   78 2020-03-16  27980  31733
79   79 2020-03-17  31506  34794
80   80 2020-03-18  35713  38087
81   81 2020-03-19  41035  41617
82   82 2020-03-20  47021  45387
83   83 2020-03-21  53578  49397
84   84 2020-03-22  59138  53645
85   85 2020-03-23  63927  58125
86   86 2020-03-24  69176  62826
87   87 2020-03-25  74386  67737
88   88 2020-03-26  80539  72839
89   89 2020-03-27  86498  78112
90   90 2020-03-28  92472  83532
91   91 2020-03-29  97689  89070
92   92 2020-03-30 101739  94697
93   93 2020-03-31 105792 100380
94   94 2020-04-01 110574 106086
95   95 2020-04-02 115242 111780
96   96 2020-04-03 119827 117429
97   97 2020-04-04 124632 123000
98   98 2020-04-05 128948 128461
99   99 2020-04-06 132547 133785
100 100 2020-04-07 135586 138946
101 101 2020-04-08 139422 143921
102 102 2020-04-09 143626 148693
103 103 2020-04-10 147577 153247
104 104 2020-04-11 152271 157571
105 105 2020-04-12 156363 161660
106 106 2020-04-13 159516 165508
107 107 2020-04-14 162488 169117
108 108 2020-04-15 165155 172487
109 109 2020-04-16 168941 175624
110 110 2020-04-17 172434 178533
111 111 2020-04-18 175925 181224
112 112 2020-04-19 178972 183705
113 113 2020-04-20 181228 185987
114 114 2020-04-21 183957 188081
115 115 2020-04-22 187327 189998
116 116 2020-04-23 189973 191750
117 117 2020-04-24 192994 193348
118 118 2020-04-25 195351 194802
119 119 2020-04-26 197675 196124
120 120 2020-04-27 199414 197325
121 121 2020-04-28 201505 198413
122 122 2020-04-29 203591 199399
123 123 2020-04-30 205463 200290
124 124 2020-05-01 207428 201096
125 125 2020-05-02 209328 201824
126 126 2020-05-03 210717 202481
127 127 2020-05-04 211938 203073

Intervalo de Confianca
              2.5%         97.5%
Asym 204910.839389 211945.128148
xmid     93.122347     94.227142
scal      8.757009      9.506562


Formula: x ~ SSlogis(day, Asym, xmid, scal)

Parameters:
        Estimate  Std. Error t value            Pr(>|t|)    
Asym 208333.9540   1700.5859  122.51 <0.0000000000000002 ***
xmid     93.6638      0.2607  359.28 <0.0000000000000002 ***
scal      9.1252      0.1919   47.56 <0.0000000000000002 ***
---
Signif. codes:  0 ‘***’ 0.001 ‘**’ 0.01 ‘*’ 0.05 ‘.’ 0.1 ‘ ’ 1

Residual standard error: 4178 on 124 degrees of freedom

Number of iterations to convergence: 11 
Achieved convergence tolerance: 0.0000000149


Italy: o primeiro caso foi registrado em 30/01/2020 na data 04/05/2020 temos 95 dias desde o primeiro caso. A data de pico prevista pelo modelo logístico foi 03/05/2020 (dia 94 desde os primeiros casos relatados).
Em 03/05/2020 o modelo estimou 208334+/-1701 casos.

Todos os dados gerados
    country       dias otimista casos_estimados pessimista estimativa_mortes casos_confirmados mortes_confirmadas latitude longitude
1     Italy 2019-12-30        7               8          9                 1                 0                  0 41.87194  12.56738
2     Italy 2019-12-31        8               9         10                 1                 0                  0 41.87194  12.56738
3     Italy 2020-01-01        9              10         11                 1                 0                  0 41.87194  12.56738
4     Italy 2020-01-02       10              11         12                 2                 0                  0 41.87194  12.56738
5     Italy 2020-01-03       12              13         14                 2                 0                  0 41.87194  12.56738
6     Italy 2020-01-04       13              14         15                 2                 0                  0 41.87194  12.56738
7     Italy 2020-01-05       15              16         17                 2                 0                  0 41.87194  12.56738
8     Italy 2020-01-06       16              17         18                 2                 0                  0 41.87194  12.56738
9     Italy 2020-01-07       18              19         20                 3                 0                  0 41.87194  12.56738
10    Italy 2020-01-08       20              22         24                 3                 0                  0 41.87194  12.56738
11    Italy 2020-01-09       22              24         26                 3                 0                  0 41.87194  12.56738
12    Italy 2020-01-10       25              27         29                 4                 0                  0 41.87194  12.56738
13    Italy 2020-01-11       28              30         32                 4                 0                  0 41.87194  12.56738
14    Italy 2020-01-12       31              34         37                 5                 0                  0 41.87194  12.56738
15    Italy 2020-01-13       35              38         41                 5                 0                  0 41.87194  12.56738
16    Italy 2020-01-14       39              42         45                 6                 0                  0 41.87194  12.56738
17    Italy 2020-01-15       43              47         51                 6                 0                  0 41.87194  12.56738
18    Italy 2020-01-16       48              52         56                 7                 0                  0 41.87194  12.56738
19    Italy 2020-01-17       54              58         62                 8                 0                  0 41.87194  12.56738
20    Italy 2020-01-18       60              65         70                 9                 0                  0 41.87194  12.56738
21    Italy 2020-01-19       67              72         77                10                 0                  0 41.87194  12.56738
22    Italy 2020-01-20       75              81         87                11                 0                  0 41.87194  12.56738
23    Italy 2020-01-21       83              90         97                12                 0                  0 41.87194  12.56738
24    Italy 2020-01-22       93             101        109                14                 0                  0 41.87194  12.56738
25    Italy 2020-01-23      104             112        120                15                 0                  0 41.87194  12.56738
26    Italy 2020-01-24      116             125        134                17                 0                  0 41.87194  12.56738
27    Italy 2020-01-25      129             140        151                19                 0                  0 41.87194  12.56738
28    Italy 2020-01-26      144             156        168                21                 0                  0 41.87194  12.56738
29    Italy 2020-01-27      161             174        187                24                 0                  0 41.87194  12.56738
30    Italy 2020-01-28      179             194        209                27                 0                  0 41.87194  12.56738
31    Italy 2020-01-29      201             217        233                30                 0                  0 41.87194  12.56738
32    Italy 2020-01-30      224             242        260                33                 3                  0 41.87194  12.56738
33    Italy 2020-01-31      250             270        290                37                 3                  0 41.87194  12.56738
34    Italy 2020-02-01      278             301        324                41                 3                  0 41.87194  12.56738
35    Italy 2020-02-02      311             336        361                46                 3                  0 41.87194  12.56738
36    Italy 2020-02-03      347             375        403                51                 3                  0 41.87194  12.56738
37    Italy 2020-02-04      387             418        449                57                 3                  0 41.87194  12.56738
38    Italy 2020-02-05      431             466        501                64                 3                  0 41.87194  12.56738
39    Italy 2020-02-06      481             520        559                71                 3                  0 41.87194  12.56738
40    Italy 2020-02-07      536             580        624                80                 3                  0 41.87194  12.56738
41    Italy 2020-02-08      598             647        696                89                 3                  0 41.87194  12.56738
42    Italy 2020-02-09      668             722        776                99                 3                  0 41.87194  12.56738
43    Italy 2020-02-10      745             805        865               110                 3                  0 41.87194  12.56738
44    Italy 2020-02-11      831             898        965               123                 3                  0 41.87194  12.56738
45    Italy 2020-02-12      926            1001       1076               137                 3                  0 41.87194  12.56738
46    Italy 2020-02-13     1033            1117       1201               153                 3                  0 41.87194  12.56738
47    Italy 2020-02-14     1151            1245       1339               171                 3                  0 41.87194  12.56738
48    Italy 2020-02-15     1285            1389       1493               191                 3                  0 41.87194  12.56738
49    Italy 2020-02-16     1432            1548       1664               212                 3                  0 41.87194  12.56738
50    Italy 2020-02-17     1596            1726       1856               237                 3                  0 41.87194  12.56738
51    Italy 2020-02-18     1779            1924       2069               264                 3                  0 41.87194  12.56738
52    Italy 2020-02-19     1984            2145       2306               294                 3                  0 41.87194  12.56738
53    Italy 2020-02-20     2210            2390       2570               328                 3                  0 41.87194  12.56738
54    Italy 2020-02-21     2463            2663       2863               365                17                  2 41.87194  12.56738
55    Italy 2020-02-22     2745            2968       3191               407                79                  2 41.87194  12.56738
56    Italy 2020-02-23     3058            3306       3554               454               132                  6 41.87194  12.56738
57    Italy 2020-02-24     3405            3682       3959               505               229                 11 41.87194  12.56738
58    Italy 2020-02-25     3792            4100       4408               563               322                 12 41.87194  12.56738
59    Italy 2020-02-26     4221            4564       4907               626               400                 17 41.87194  12.56738
60    Italy 2020-02-27     4698            5080       5462               697               650                 21 41.87194  12.56738
61    Italy 2020-02-28     5228            5653       6078               776               888                 29 41.87194  12.56738
62    Italy 2020-02-29     5815            6287       6759               863              1128                 35 41.87194  12.56738
63    Italy 2020-03-01     6466            6991       7516               959              1689                 52 41.87194  12.56738
64    Italy 2020-03-02     7187            7771       8355              1066              2036                 80 41.87194  12.56738
65    Italy 2020-03-03     7985            8633       9281              1184              2502                107 41.87194  12.56738
66    Italy 2020-03-04     8867            9587      10307              1315              3089                148 41.87194  12.56738
67    Italy 2020-03-05     9842           10641      11440              1460              3858                197 41.87194  12.56738
68    Italy 2020-03-06    10917           11804      12691              1620              4636                233 41.87194  12.56738
69    Italy 2020-03-07    12102           13085      14068              1795              5883                366 41.87194  12.56738
70    Italy 2020-03-08    13406           14495      15584              1989              7375                464 41.87194  12.56738
71    Italy 2020-03-09    14839           16044      17249              2201              9172                631 41.87194  12.56738
72    Italy 2020-03-10    16411           17744      19077              2435             10149                827 41.87194  12.56738
73    Italy 2020-03-11    18133           19606      21079              2690             12462               1016 41.87194  12.56738
74    Italy 2020-03-12    20015           21641      23267              2969             15113               1268 41.87194  12.56738
75    Italy 2020-03-13    22068           23860      25652              3274             17660               1441 41.87194  12.56738
76    Italy 2020-03-14    24301           26275      28249              3605             21157               1811 41.87194  12.56738
77    Italy 2020-03-15    26726           28896      31066              3965             23980               2158 41.87194  12.56738
78    Italy 2020-03-16    29349           31733      34117              4354             27980               2505 41.87194  12.56738
79    Italy 2020-03-17    32181           34794      37407              4774             31506               2978 41.87194  12.56738
80    Italy 2020-03-18    35226           38087      40948              5226             35713               3407 41.87194  12.56738
81    Italy 2020-03-19    38491           41617      44743              5710             41035               4032 41.87194  12.56738
82    Italy 2020-03-20    41978           45387      48796              6227             47021               4827 41.87194  12.56738
83    Italy 2020-03-21    45687           49397      53107              6778             53578               5476 41.87194  12.56738
84    Italy 2020-03-22    49616           53645      57674              7360             59138               6077 41.87194  12.56738
85    Italy 2020-03-23    53759           58125      62491              7975             63927               6820 41.87194  12.56738
86    Italy 2020-03-24    58107           62826      67545              8620             69176               7505 41.87194  12.56738
87    Italy 2020-03-25    62649           67737      72825              9294             74386               8165 41.87194  12.56738
88    Italy 2020-03-26    67368           72839      78310              9994             80539               9136 41.87194  12.56738
89    Italy 2020-03-27    72245           78112      83979             10717             86498              10023 41.87194  12.56738
90    Italy 2020-03-28    77258           83532      89806             11461             92472              10781 41.87194  12.56738
91    Italy 2020-03-29    82380           89070      95760             12221             97689              11591 41.87194  12.56738
92    Italy 2020-03-30    87584           94697     101810             12993            101739              12430 41.87194  12.56738
93    Italy 2020-03-31    92840          100380     107920             13773            105792              13157 41.87194  12.56738
94    Italy 2020-04-01    98118          106086     114054             14556            110574              13917 41.87194  12.56738
95    Italy 2020-04-02   103384          111780     120176             15337            115242              14681 41.87194  12.56738
96    Italy 2020-04-03   108609          117429     126249             16112            119827              15362 41.87194  12.56738
97    Italy 2020-04-04   113761          123000     132239             16876            124632              15889 41.87194  12.56738
98    Italy 2020-04-05   118812          128461     138110             17626            128948              16525 41.87194  12.56738
99    Italy 2020-04-06   123736          133785     143834             18356            132547              17129 41.87194  12.56738
100   Italy 2020-04-07   128509          138946     149383             19064            135586              17669 41.87194  12.56738
101   Italy 2020-04-08   133111          143921     154731             19747            139422              18281 41.87194  12.56738
102   Italy 2020-04-09   137524          148693     159862             20401            143626              18851 41.87194  12.56738
103   Italy 2020-04-10   141736          153247     164758             21026            147577              19470 41.87194  12.56738
104   Italy 2020-04-11   145735          157571     169407             21620            152271              19901 41.87194  12.56738
105   Italy 2020-04-12   149517          161660     173803             22181            156363              20465 41.87194  12.56738
106   Italy 2020-04-13   153076          165508     177940             22709            159516              21069 41.87194  12.56738
107   Italy 2020-04-14   156414          169117     181820             23204            162488              21647 41.87194  12.56738
108   Italy 2020-04-15   159531          172487     185443             23666            165155              22172 41.87194  12.56738
109   Italy 2020-04-16   162432          175624     188816             24097            168941              22747 41.87194  12.56738
110   Italy 2020-04-17   165123          178533     191943             24496            172434              23227 41.87194  12.56738
111   Italy 2020-04-18   167612          181224     194836             24865            175925              23660 41.87194  12.56738
112   Italy 2020-04-19   169907          183705     197503             25205            178972              24114 41.87194  12.56738
113   Italy 2020-04-20   172017          185987     199957             25518            181228              24648 41.87194  12.56738
114   Italy 2020-04-21   173954          188081     202208             25806            183957              25085 41.87194  12.56738
115   Italy 2020-04-22   175727          189998     204269             26069            187327              25549 41.87194  12.56738
116   Italy 2020-04-23   177347          191750     206153             26309            189973              25969 41.87194  12.56738
117   Italy 2020-04-24   178825          193348     207871             26528            192994              26384 41.87194  12.56738
118   Italy 2020-04-25   180170          194802     209434             26728            195351              26644 41.87194  12.56738
119   Italy 2020-04-26   181393          196124     210855             26909            197675              26977 41.87194  12.56738
120   Italy 2020-04-27   182503          197325     212147             27074            199414              27359 41.87194  12.56738
121   Italy 2020-04-28   183510          198413     213316             27223            201505              27682 41.87194  12.56738
122   Italy 2020-04-29   184422          199399     214376             27359            203591              27967 41.87194  12.56738
123   Italy 2020-04-30   185246          200290     215334             27481            205463              28236 41.87194  12.56738
124   Italy 2020-05-01   185991          201096     216201             27591            207428              28710 41.87194  12.56738
125   Italy 2020-05-02   186665          201824     216983             27691            209328              28884 41.87194  12.56738
126   Italy 2020-05-03   187272          202481     217690             27781            210717              29079 41.87194  12.56738
127   Italy 2020-05-04   187820          203073     218326             27863            211938              29079 41.87194  12.56738
128   Italy 2020-05-05   188314          203607     218900             27936                NA                 NA 41.87194  12.56738
129   Italy 2020-05-06   188758          204087     219416             28002                NA                 NA 41.87194  12.56738
130   Italy 2020-05-07   189158          204520     219882             28061                NA                 NA 41.87194  12.56738
131   Italy 2020-05-08   189518          204909     220300             28115                NA                 NA 41.87194  12.56738
132   Italy 2020-05-09   189842          205260     220678             28163                NA                 NA 41.87194  12.56738
133   Italy 2020-05-10   190133          205574     221015             28206                NA                 NA 41.87194  12.56738
134   Italy 2020-05-11   190395          205857     221319             28245                NA                 NA 41.87194  12.56738

Fontes:
	OMS - https://ourworldindata.org/coronavirus-source-data
	Worldometers - https://www.worldometers.info/coronavirus