
 Brazil 
Projecao:  7  dias
Gerado em:  2020-05-08 07:53:46
RMSE(%):  7.3 , BIAS(%): 1.69

Taxa de Mortalidade 6.77 %

    country       dias otimista casos_estimados pessimista estimativa_mortes casos_confirmados mortes_confirmadas latitude longitude
119  Brazil 2020-04-26    58880           63515      68150              4299             61888               4543        0         0
120  Brazil 2020-04-27    63356           68344      73332              4626             66501               5017        0         0
121  Brazil 2020-04-28    68081           73441      78801              4971             71886               5466        0         0
122  Brazil 2020-04-29    73055           78806      84557              5334             78162               5901        0         0
123  Brazil 2020-04-30    78275           84437      90599              5715             85380               6329        0         0
124  Brazil 2020-05-01    83736           90328      96920              6114             91589               6750        0         0
125  Brazil 2020-05-02    89433           96473     103513              6530             96559               7025        0         0
126  Brazil 2020-05-03    95354          102861     110368              6962            101147               7321        0         0
127  Brazil 2020-05-04   101488          109478     117468              7410            107780               7921        0         0
128  Brazil 2020-05-05   107820          116308     124796              7872            114715               8536        0         0
129  Brazil 2020-05-06   114331          123332     132333              8348            125218               9146        0         0
130  Brazil 2020-05-07   121002          130528     140054              8835            135106               9190        0         0
131  Brazil 2020-05-08   127808          137870     147932              9332            135773               9190        0         0
132  Brazil 2020-05-09   134728          145334     155940              9837                NA                 NA        0         0
133  Brazil 2020-05-10   141730          152888     164046             10348                NA                 NA        0         0
134  Brazil 2020-05-11   148792          160505     172218             10864                NA                 NA        0         0
135  Brazil 2020-05-12   155881          168152     180423             11382                NA                 NA        0         0
136  Brazil 2020-05-13   162968          175797     188626             11899                NA                 NA        0         0
137  Brazil 2020-05-14   170024          183409     196794             12414                NA                 NA        0         0
138  Brazil 2020-05-15   177022          190958     204894             12925                NA                 NA        0         0

Total de casos no mundo:  3934711 1412008 1566136 267867 623991 55480 8508 721 3934711

Estimados a partir dos dados da OMS:
    day       date      x   xest
1     1 2019-12-30      0      2
2     2 2019-12-31      0      2
3     3 2020-01-01      0      2
4     4 2020-01-02      0      2
5     5 2020-01-03      0      2
6     6 2020-01-04      0      3
7     7 2020-01-05      0      3
8     8 2020-01-06      0      3
9     9 2020-01-07      0      3
10   10 2020-01-08      0      4
11   11 2020-01-09      0      4
12   12 2020-01-10      0      5
13   13 2020-01-11      0      5
14   14 2020-01-12      0      5
15   15 2020-01-13      0      6
16   16 2020-01-14      0      7
17   17 2020-01-15      0      7
18   18 2020-01-16      0      8
19   19 2020-01-17      0      9
20   20 2020-01-18      0      9
21   21 2020-01-19      0     10
22   22 2020-01-20      0     11
23   23 2020-01-21      0     12
24   24 2020-01-22      0     14
25   25 2020-01-23      0     15
26   26 2020-01-24      0     16
27   27 2020-01-25      0     18
28   28 2020-01-26      0     20
29   29 2020-01-27      0     21
30   30 2020-01-28      0     23
31   31 2020-01-29      0     26
32   32 2020-01-30      0     28
33   33 2020-01-31      0     31
34   34 2020-02-01      0     34
35   35 2020-02-02      0     37
36   36 2020-02-03      0     40
37   37 2020-02-04      0     44
38   38 2020-02-05      0     49
39   39 2020-02-06      0     53
40   40 2020-02-07      0     58
41   41 2020-02-08      0     64
42   42 2020-02-09      0     70
43   43 2020-02-10      0     77
44   44 2020-02-11      0     84
45   45 2020-02-12      0     92
46   46 2020-02-13      0    101
47   47 2020-02-14      0    110
48   48 2020-02-15      0    121
49   49 2020-02-16      0    132
50   50 2020-02-17      0    145
51   51 2020-02-18      0    159
52   52 2020-02-19      0    174
53   53 2020-02-20      0    191
54   54 2020-02-21      0    209
55   55 2020-02-22      0    229
56   56 2020-02-23      0    251
57   57 2020-02-24      0    274
58   58 2020-02-25      1    301
59   59 2020-02-26      1    329
60   60 2020-02-27      1    361
61   61 2020-02-28      1    395
62   62 2020-02-29      2    433
63   63 2020-03-01      2    474
64   64 2020-03-02      2    519
65   65 2020-03-03      2    569
66   66 2020-03-04      3    623
67   67 2020-03-05      8    682
68   68 2020-03-06     13    747
69   69 2020-03-07     13    818
70   70 2020-03-08     25    896
71   71 2020-03-09     25    982
72   72 2020-03-10     34   1075
73   73 2020-03-11     52   1177
74   74 2020-03-12     77   1289
75   75 2020-03-13     98   1412
76   76 2020-03-14    121   1546
77   77 2020-03-15    200   1693
78   78 2020-03-16    234   1853
79   79 2020-03-17    291   2029
80   80 2020-03-18    428   2222
81   81 2020-03-19    621   2432
82   82 2020-03-20    904   2663
83   83 2020-03-21   1128   2915
84   84 2020-03-22   1546   3190
85   85 2020-03-23   1891   3492
86   86 2020-03-24   2201   3821
87   87 2020-03-25   2433   4182
88   88 2020-03-26   2915   4575
89   89 2020-03-27   3417   5006
90   90 2020-03-28   3904   5476
91   91 2020-03-29   4256   5989
92   92 2020-03-30   4579   6550
93   93 2020-03-31   5717   7162
94   94 2020-04-01   6836   7829
95   95 2020-04-02   7910   8558
96   96 2020-04-03   9056   9352
97   97 2020-04-04  10278  10218
98   98 2020-04-05  11130  11161
99   99 2020-04-06  12056  12188
100 100 2020-04-07  13717  13305
101 101 2020-04-08  15927  14520
102 102 2020-04-09  17857  15841
103 103 2020-04-10  19638  17275
104 104 2020-04-11  20727  18832
105 105 2020-04-12  22169  20520
106 106 2020-04-13  23430  22349
107 107 2020-04-14  25262  24328
108 108 2020-04-15  28320  26467
109 109 2020-04-16  30425  28777
110 110 2020-04-17  33682  31269
111 111 2020-04-18  36599  33952
112 112 2020-04-19  38654  36837
113 113 2020-04-20  40581  39936
114 114 2020-04-21  43079  43257
115 115 2020-04-22  45757  46811
116 116 2020-04-23  49492  50606
117 117 2020-04-24  52995  54651
118 118 2020-04-25  58509  58952
119 119 2020-04-26  61888  63515
120 120 2020-04-27  66501  68344
121 121 2020-04-28  71886  73441
122 122 2020-04-29  78162  78806
123 123 2020-04-30  85380  84437
124 124 2020-05-01  91589  90328
125 125 2020-05-02  96559  96473
126 126 2020-05-03 101147 102861
127 127 2020-05-04 107780 109478
128 128 2020-05-05 114715 116308
129 129 2020-05-06 125218 123332
130 130 2020-05-07 135106 130528
131 131 2020-05-08 135773 137870

Intervalo de Confianca
             2.5%        97.5%
Asym 303547.65647 377341.43121
xmid    133.09746    137.10504
scal     10.64369     11.30278


Formula: x ~ SSlogis(day, Asym, xmid, scal)

Parameters:
        Estimate  Std. Error t value            Pr(>|t|)    
Asym 335655.1376  18983.7852   17.68 <0.0000000000000002 ***
xmid    134.9576      1.0464  128.97 <0.0000000000000002 ***
scal     10.9671      0.1753   62.55 <0.0000000000000002 ***
---
Signif. codes:  0 ‘***’ 0.001 ‘**’ 0.01 ‘*’ 0.05 ‘.’ 0.1 ‘ ’ 1

Residual standard error: 1118 on 128 degrees of freedom

Number of iterations to convergence: 8 
Achieved convergence tolerance: 0.0000000149


Brazil: o primeiro caso foi registrado em 25/02/2020 na data 08/05/2020 temos 73 dias desde o primeiro caso. A data de pico prevista pelo modelo logístico é 09/07/2020 (dia 135 desde os primeiros casos relatados).
Em 09/07/2020 o modelo estima 335655+/-18984 casos. De acordo com o modelo ajustado temos 62 de infecçao pela frente.

Todos os dados gerados
    country       dias otimista casos_estimados pessimista estimativa_mortes casos_confirmados mortes_confirmadas latitude longitude
1    Brazil 2019-12-30        2               2          2                 0                 0                  0        0         0
2    Brazil 2019-12-31        2               2          2                 0                 0                  0        0         0
3    Brazil 2020-01-01        2               2          2                 0                 0                  0        0         0
4    Brazil 2020-01-02        2               2          2                 0                 0                  0        0         0
5    Brazil 2020-01-03        2               2          2                 0                 0                  0        0         0
6    Brazil 2020-01-04        3               3          3                 0                 0                  0        0         0
7    Brazil 2020-01-05        3               3          3                 0                 0                  0        0         0
8    Brazil 2020-01-06        3               3          3                 0                 0                  0        0         0
9    Brazil 2020-01-07        3               3          3                 0                 0                  0        0         0
10   Brazil 2020-01-08        4               4          4                 0                 0                  0        0         0
11   Brazil 2020-01-09        4               4          4                 0                 0                  0        0         0
12   Brazil 2020-01-10        5               5          5                 0                 0                  0        0         0
13   Brazil 2020-01-11        5               5          5                 0                 0                  0        0         0
14   Brazil 2020-01-12        5               5          5                 0                 0                  0        0         0
15   Brazil 2020-01-13        6               6          6                 0                 0                  0        0         0
16   Brazil 2020-01-14        6               7          8                 0                 0                  0        0         0
17   Brazil 2020-01-15        6               7          8                 0                 0                  0        0         0
18   Brazil 2020-01-16        7               8          9                 1                 0                  0        0         0
19   Brazil 2020-01-17        8               9         10                 1                 0                  0        0         0
20   Brazil 2020-01-18        8               9         10                 1                 0                  0        0         0
21   Brazil 2020-01-19        9              10         11                 1                 0                  0        0         0
22   Brazil 2020-01-20       10              11         12                 1                 0                  0        0         0
23   Brazil 2020-01-21       11              12         13                 1                 0                  0        0         0
24   Brazil 2020-01-22       13              14         15                 1                 0                  0        0         0
25   Brazil 2020-01-23       14              15         16                 1                 0                  0        0         0
26   Brazil 2020-01-24       15              16         17                 1                 0                  0        0         0
27   Brazil 2020-01-25       17              18         19                 1                 0                  0        0         0
28   Brazil 2020-01-26       19              20         21                 1                 0                  0        0         0
29   Brazil 2020-01-27       19              21         23                 1                 0                  0        0         0
30   Brazil 2020-01-28       21              23         25                 2                 0                  0        0         0
31   Brazil 2020-01-29       24              26         28                 2                 0                  0        0         0
32   Brazil 2020-01-30       26              28         30                 2                 0                  0        0         0
33   Brazil 2020-01-31       29              31         33                 2                 0                  0        0         0
34   Brazil 2020-02-01       32              34         36                 2                 0                  0        0         0
35   Brazil 2020-02-02       34              37         40                 3                 0                  0        0         0
36   Brazil 2020-02-03       37              40         43                 3                 0                  0        0         0
37   Brazil 2020-02-04       41              44         47                 3                 0                  0        0         0
38   Brazil 2020-02-05       45              49         53                 3                 0                  0        0         0
39   Brazil 2020-02-06       49              53         57                 4                 0                  0        0         0
40   Brazil 2020-02-07       54              58         62                 4                 0                  0        0         0
41   Brazil 2020-02-08       59              64         69                 4                 0                  0        0         0
42   Brazil 2020-02-09       65              70         75                 5                 0                  0        0         0
43   Brazil 2020-02-10       71              77         83                 5                 0                  0        0         0
44   Brazil 2020-02-11       78              84         90                 6                 0                  0        0         0
45   Brazil 2020-02-12       85              92         99                 6                 0                  0        0         0
46   Brazil 2020-02-13       94             101        108                 7                 0                  0        0         0
47   Brazil 2020-02-14      102             110        118                 7                 0                  0        0         0
48   Brazil 2020-02-15      112             121        130                 8                 0                  0        0         0
49   Brazil 2020-02-16      122             132        142                 9                 0                  0        0         0
50   Brazil 2020-02-17      134             145        156                10                 0                  0        0         0
51   Brazil 2020-02-18      147             159        171                11                 0                  0        0         0
52   Brazil 2020-02-19      161             174        187                12                 0                  0        0         0
53   Brazil 2020-02-20      177             191        205                13                 0                  0        0         0
54   Brazil 2020-02-21      194             209        224                14                 0                  0        0         0
55   Brazil 2020-02-22      212             229        246                16                 0                  0        0         0
56   Brazil 2020-02-23      233             251        269                17                 0                  0        0         0
57   Brazil 2020-02-24      254             274        294                19                 0                  0        0         0
58   Brazil 2020-02-25      279             301        323                20                 1                  0        0         0
59   Brazil 2020-02-26      305             329        353                22                 1                  0        0         0
60   Brazil 2020-02-27      335             361        387                24                 1                  0        0         0
61   Brazil 2020-02-28      366             395        424                27                 1                  0        0         0
62   Brazil 2020-02-29      401             433        465                29                 2                  0        0         0
63   Brazil 2020-03-01      439             474        509                32                 2                  0        0         0
64   Brazil 2020-03-02      481             519        557                35                 2                  0        0         0
65   Brazil 2020-03-03      527             569        611                39                 2                  0        0         0
66   Brazil 2020-03-04      578             623        668                42                 3                  0        0         0
67   Brazil 2020-03-05      632             682        732                46                 8                  0        0         0
68   Brazil 2020-03-06      692             747        802                51                13                  0        0         0
69   Brazil 2020-03-07      758             818        878                55                13                  0        0         0
70   Brazil 2020-03-08      831             896        961                61                25                  0        0         0
71   Brazil 2020-03-09      910             982       1054                66                25                  0        0         0
72   Brazil 2020-03-10      997            1075       1153                73                34                  0        0         0
73   Brazil 2020-03-11     1091            1177       1263                80                52                  0        0         0
74   Brazil 2020-03-12     1195            1289       1383                87                77                  0        0         0
75   Brazil 2020-03-13     1309            1412       1515                96                98                  0        0         0
76   Brazil 2020-03-14     1433            1546       1659               105               121                  0        0         0
77   Brazil 2020-03-15     1569            1693       1817               115               200                  0        0         0
78   Brazil 2020-03-16     1718            1853       1988               125               234                  1        0         0
79   Brazil 2020-03-17     1881            2029       2177               137               291                  4        0         0
80   Brazil 2020-03-18     2060            2222       2384               150               428                  6        0         0
81   Brazil 2020-03-19     2255            2432       2609               165               621                 11        0         0
82   Brazil 2020-03-20     2469            2663       2857               180               904                 18        0         0
83   Brazil 2020-03-21     2702            2915       3128               197              1128                 25        0         0
84   Brazil 2020-03-22     2957            3190       3423               216              1546                 34        0         0
85   Brazil 2020-03-23     3237            3492       3747               236              1891                 46        0         0
86   Brazil 2020-03-24     3542            3821       4100               259              2201                 57        0         0
87   Brazil 2020-03-25     3877            4182       4487               283              2433                 77        0         0
88   Brazil 2020-03-26     4241            4575       4909               310              2915                 92        0         0
89   Brazil 2020-03-27     4641            5006       5371               339              3417                114        0         0
90   Brazil 2020-03-28     5076            5476       5876               371              3904                136        0         0
91   Brazil 2020-03-29     5552            5989       6426               405              4256                159        0         0
92   Brazil 2020-03-30     6072            6550       7028               443              4579                201        0         0
93   Brazil 2020-03-31     6639            7162       7685               485              5717                241        0         0
94   Brazil 2020-04-01     7258            7829       8400               530              6836                299        0         0
95   Brazil 2020-04-02     7933            8558       9183               579              7910                359        0         0
96   Brazil 2020-04-03     8670            9352      10034               633              9056                432        0         0
97   Brazil 2020-04-04     9472           10218      10964               692             10278                486        0         0
98   Brazil 2020-04-05    10346           11161      11976               755             11130                553        0         0
99   Brazil 2020-04-06    11299           12188      13077               825             12056                667        0         0
100  Brazil 2020-04-07    12334           13305      14276               901             13717                800        0         0
101  Brazil 2020-04-08    13460           14520      15580               983             15927                941        0         0
102  Brazil 2020-04-09    14685           15841      16997              1072             17857               1056        0         0
103  Brazil 2020-04-10    16014           17275      18536              1169             19638               1124        0         0
104  Brazil 2020-04-11    17458           18832      20206              1275             20727               1223        0         0
105  Brazil 2020-04-12    19022           20520      22018              1389             22169               1328        0         0
106  Brazil 2020-04-13    20718           22349      23980              1513             23430               1532        0         0
107  Brazil 2020-04-14    22553           24328      26103              1647             25262               1736        0         0
108  Brazil 2020-04-15    24535           26467      28399              1791             28320               1924        0         0
109  Brazil 2020-04-16    26677           28777      30877              1948             30425               2141        0         0
110  Brazil 2020-04-17    28987           31269      33551              2116             33682               2347        0         0
111  Brazil 2020-04-18    31474           33952      36430              2298             36599               2462        0         0
112  Brazil 2020-04-19    34149           36837      39525              2493             38654               2575        0         0
113  Brazil 2020-04-20    37022           39936      42850              2703             40581               2741        0         0
114  Brazil 2020-04-21    40100           43257      46414              2928             43079               2906        0         0
115  Brazil 2020-04-22    43395           46811      50227              3168             45757               3313        0         0
116  Brazil 2020-04-23    46913           50606      54299              3425             49492               3670        0         0
117  Brazil 2020-04-24    50663           54651      58639              3699             52995               4016        0         0
118  Brazil 2020-04-25    54650           58952      63254              3990             58509               4205        0         0
119  Brazil 2020-04-26    58880           63515      68150              4299             61888               4543        0         0
120  Brazil 2020-04-27    63356           68344      73332              4626             66501               5017        0         0
121  Brazil 2020-04-28    68081           73441      78801              4971             71886               5466        0         0
122  Brazil 2020-04-29    73055           78806      84557              5334             78162               5901        0         0
123  Brazil 2020-04-30    78275           84437      90599              5715             85380               6329        0         0
124  Brazil 2020-05-01    83736           90328      96920              6114             91589               6750        0         0
125  Brazil 2020-05-02    89433           96473     103513              6530             96559               7025        0         0
126  Brazil 2020-05-03    95354          102861     110368              6962            101147               7321        0         0
127  Brazil 2020-05-04   101488          109478     117468              7410            107780               7921        0         0
128  Brazil 2020-05-05   107820          116308     124796              7872            114715               8536        0         0
129  Brazil 2020-05-06   114331          123332     132333              8348            125218               9146        0         0
130  Brazil 2020-05-07   121002          130528     140054              8835            135106               9190        0         0
131  Brazil 2020-05-08   127808          137870     147932              9332            135773               9190        0         0
132  Brazil 2020-05-09   134728          145334     155940              9837                NA                 NA        0         0
133  Brazil 2020-05-10   141730          152888     164046             10348                NA                 NA        0         0
134  Brazil 2020-05-11   148792          160505     172218             10864                NA                 NA        0         0
135  Brazil 2020-05-12   155881          168152     180423             11382                NA                 NA        0         0
136  Brazil 2020-05-13   162968          175797     188626             11899                NA                 NA        0         0
137  Brazil 2020-05-14   170024          183409     196794             12414                NA                 NA        0         0
138  Brazil 2020-05-15   177022          190958     204894             12925                NA                 NA        0         0

Fontes:
	OMS - https://ourworldindata.org/coronavirus-source-data
	Worldometers - https://www.worldometers.info/coronavirus