
 Brazil 
Projecao:  10  dias
Gerado em:  2020-08-26 18:46:19
RMSE(%):  5.6 , BIAS(%): 1.65

Taxa de Mortalidade 3.17 %

    country       dias otimista casos_estimados pessimista estimativa_mortes casos_confirmados mortes_confirmadas latitude longitude
232  Brazil 2020-08-17  3167425         3355902    3544379            106230           3359570             109888        0         0
233  Brazil 2020-08-18  3198347         3388665    3578983            107267           3407354             111100        0         0
234  Brazil 2020-08-19  3228599         3420717    3612835            108281           3456652             112304        0         0
235  Brazil 2020-08-20  3258176         3452054    3645932            109273           3501975             113358        0         0
236  Brazil 2020-08-21  3287076         3482673    3678270            110243           3532330             114250        0         0
237  Brazil 2020-08-22  3315299         3512576    3709853            111189           3582362             114744        0         0
238  Brazil 2020-08-23  3342845         3541761    3740677            112113           3605783             115309        0         0
239  Brazil 2020-08-24  3369717         3570232    3770747            113014           3622861             116580        0         0
240  Brazil 2020-08-25  3395916         3597990    3800064            113893           3669995             117665        0         0
241  Brazil 2020-08-26  3421446         3625039    3828632            114749           3717156             117665        0         0
242  Brazil 2020-08-27  3446312         3651385    3856458            115583                NA                 NA        0         0
243  Brazil 2020-08-28  3470520         3677033    3883546            116395                NA                 NA        0         0
244  Brazil 2020-08-29  3494074         3701989    3909904            117185                NA                 NA        0         0
245  Brazil 2020-08-30  3516983         3726261    3935539            117953                NA                 NA        0         0
246  Brazil 2020-08-31  3539255         3749858    3960461            118700                NA                 NA        0         0
247  Brazil 2020-09-01  3560896         3772787    3984678            119426                NA                 NA        0         0
248  Brazil 2020-09-02  3581916         3795058    4008200            120131                NA                 NA        0         0
249  Brazil 2020-09-03  3602326         3816682    4031038            120815                NA                 NA        0         0
250  Brazil 2020-09-04  3622132         3837667    4053202            121480                NA                 NA        0         0
251  Brazil 2020-09-05  3641349         3858027    4074705            122124                NA                 NA        0         0

Total de casos no mundo:  24279925 7082712 5940814 6578160 3433992 1215785 27741 721 24279925

Estimados a partir dos dados da OMS:
    day       date       x    xest
1     1 2019-12-30       0    1054
2     2 2019-12-31       0    1098
3     3 2020-01-01       0    1144
4     4 2020-01-02       0    1192
5     5 2020-01-03       0    1242
6     6 2020-01-04       0    1294
7     7 2020-01-05       0    1349
8     8 2020-01-06       0    1405
9     9 2020-01-07       0    1464
10   10 2020-01-08       0    1525
11   11 2020-01-09       0    1589
12   12 2020-01-10       0    1656
13   13 2020-01-11       0    1726
14   14 2020-01-12       0    1798
15   15 2020-01-13       0    1873
16   16 2020-01-14       0    1952
17   17 2020-01-15       0    2034
18   18 2020-01-16       0    2119
19   19 2020-01-17       0    2208
20   20 2020-01-18       0    2300
21   21 2020-01-19       0    2397
22   22 2020-01-20       0    2497
23   23 2020-01-21       0    2602
24   24 2020-01-22       0    2711
25   25 2020-01-23       0    2825
26   26 2020-01-24       0    2943
27   27 2020-01-25       0    3066
28   28 2020-01-26       0    3195
29   29 2020-01-27       0    3329
30   30 2020-01-28       0    3468
31   31 2020-01-29       0    3614
32   32 2020-01-30       0    3765
33   33 2020-01-31       0    3923
34   34 2020-02-01       0    4087
35   35 2020-02-02       0    4259
36   36 2020-02-03       0    4437
37   37 2020-02-04       0    4623
38   38 2020-02-05       0    4817
39   39 2020-02-06       0    5019
40   40 2020-02-07       0    5229
41   41 2020-02-08       0    5448
42   42 2020-02-09       0    5676
43   43 2020-02-10       0    5914
44   44 2020-02-11       0    6162
45   45 2020-02-12       0    6420
46   46 2020-02-13       0    6689
47   47 2020-02-14       0    6969
48   48 2020-02-15       0    7261
49   49 2020-02-16       0    7565
50   50 2020-02-17       0    7882
51   51 2020-02-18       0    8212
52   52 2020-02-19       0    8555
53   53 2020-02-20       0    8913
54   54 2020-02-21       0    9287
55   55 2020-02-22       0    9675
56   56 2020-02-23       0   10080
57   57 2020-02-24       0   10502
58   58 2020-02-25       1   10941
59   59 2020-02-26       1   11399
60   60 2020-02-27       1   11876
61   61 2020-02-28       1   12373
62   62 2020-02-29       2   12890
63   63 2020-03-01       2   13429
64   64 2020-03-02       2   13991
65   65 2020-03-03       2   14576
66   66 2020-03-04       3   15185
67   67 2020-03-05       8   15820
68   68 2020-03-06      13   16481
69   69 2020-03-07      13   17170
70   70 2020-03-08      25   17887
71   71 2020-03-09      25   18634
72   72 2020-03-10      34   19412
73   73 2020-03-11      52   20223
74   74 2020-03-12      77   21067
75   75 2020-03-13      98   21947
76   76 2020-03-14     121   22862
77   77 2020-03-15     200   23816
78   78 2020-03-16     234   24810
79   79 2020-03-17     291   25844
80   80 2020-03-18     428   26922
81   81 2020-03-19     621   28044
82   82 2020-03-20     904   29212
83   83 2020-03-21    1128   30429
84   84 2020-03-22    1546   31697
85   85 2020-03-23    1891   33016
86   86 2020-03-24    2201   34391
87   87 2020-03-25    2433   35821
88   88 2020-03-26    2915   37311
89   89 2020-03-27    3417   38863
90   90 2020-03-28    3904   40478
91   91 2020-03-29    4256   42160
92   92 2020-03-30    4579   43910
93   93 2020-03-31    5717   45733
94   94 2020-04-01    6836   47631
95   95 2020-04-02    7910   49607
96   96 2020-04-03    9056   51663
97   97 2020-04-04   10278   53804
98   98 2020-04-05   11130   56032
99   99 2020-04-06   12056   58351
100 100 2020-04-07   13717   60765
101 101 2020-04-08   15927   63278
102 102 2020-04-09   17857   65893
103 103 2020-04-10   19638   68614
104 104 2020-04-11   20727   71445
105 105 2020-04-12   22169   74392
106 106 2020-04-13   23430   77457
107 107 2020-04-14   25262   80647
108 108 2020-04-15   28320   83966
109 109 2020-04-16   30425   87418
110 110 2020-04-17   33682   91010
111 111 2020-04-18   36599   94745
112 112 2020-04-19   38654   98631
113 113 2020-04-20   40581  102672
114 114 2020-04-21   43079  106875
115 115 2020-04-22   45757  111245
116 116 2020-04-23   49492  115789
117 117 2020-04-24   52995  120513
118 118 2020-04-25   58509  125425
119 119 2020-04-26   61888  130531
120 120 2020-04-27   66501  135838
121 121 2020-04-28   71886  141353
122 122 2020-04-29   78162  147085
123 123 2020-04-30   85380  153041
124 124 2020-05-01   91589  159230
125 125 2020-05-02   96559  165658
126 126 2020-05-03  101147  172336
127 127 2020-05-04  107780  179272
128 128 2020-05-05  114715  186474
129 129 2020-05-06  125218  193953
130 130 2020-05-07  135106  201717
131 131 2020-05-08  145328  209776
132 132 2020-05-09  155939  218141
133 133 2020-05-10  162699  226822
134 134 2020-05-11  168331  235828
135 135 2020-05-12  177589  245171
136 136 2020-05-13  188974  254862
137 137 2020-05-14  202918  264912
138 138 2020-05-15  218223  275331
139 139 2020-05-16  233142  286132
140 140 2020-05-17  241080  297327
141 141 2020-05-18  254220  308926
142 142 2020-05-19  271628  320943
143 143 2020-05-20  291579  333390
144 144 2020-05-21  310087  346278
145 145 2020-05-22  330890  359621
146 146 2020-05-23  347398  373430
147 147 2020-05-24  363211  387719
148 148 2020-05-25  374898  402501
149 149 2020-05-26  391222  417788
150 150 2020-05-27  411821  433592
151 151 2020-05-28  438238  449927
152 152 2020-05-29  465166  466806
153 153 2020-05-30  498440  484240
154 154 2020-05-31  514849  502243
155 155 2020-06-01  526447  520826
156 156 2020-06-02  555383  540002
157 157 2020-06-03  584016  559783
158 158 2020-06-04  614932  580179
159 159 2020-06-05  645762  601203
160 160 2020-06-06  672837  622866
161 161 2020-06-07  691758  645176
162 162 2020-06-08  707412  668145
163 163 2020-06-09  739503  691782
164 164 2020-06-10  772416  716096
165 165 2020-06-11  802828  741094
166 166 2020-06-12  828810  766783
167 167 2020-06-13  850514  793171
168 168 2020-06-14  867624  820263
169 169 2020-06-15  888271  848064
170 170 2020-06-16  923189  876578
171 171 2020-06-17  955377  905806
172 172 2020-06-18  978142  935752
173 173 2020-06-19 1032913  966415
174 174 2020-06-20 1067579  997795
175 175 2020-06-21 1085038 1029890
176 176 2020-06-22 1106470 1062696
177 177 2020-06-23 1145906 1096209
178 178 2020-06-24 1188631 1130423
179 179 2020-06-25 1228114 1165330
180 180 2020-06-26 1274974 1200920
181 181 2020-06-27 1313667 1237184
182 182 2020-06-28 1344143 1274109
183 183 2020-06-29 1368195 1311682
184 184 2020-06-30 1402041 1349887
185 185 2020-07-01 1448753 1388706
186 186 2020-07-02 1496858 1428123
187 187 2020-07-03 1539081 1468115
188 188 2020-07-04 1577004 1508662
189 189 2020-07-05 1603055 1549741
190 190 2020-07-06 1623284 1591325
191 191 2020-07-07 1668589 1633390
192 192 2020-07-08 1713160 1675907
193 193 2020-07-09 1755779 1718848
194 194 2020-07-10 1800827 1762181
195 195 2020-07-11 1839850 1805876
196 196 2020-07-12 1864681 1849898
197 197 2020-07-13 1884967 1894216
198 198 2020-07-14 1926824 1938793
199 199 2020-07-15 1966748 1983594
200 200 2020-07-16 2012151 2028583
201 201 2020-07-17 2046328 2073722
202 202 2020-07-18 2074860 2118975
203 203 2020-07-19 2098389 2164303
204 204 2020-07-20 2118646 2209668
205 205 2020-07-21 2159654 2255032
206 206 2020-07-22 2227514 2300356
207 207 2020-07-23 2287475 2345603
208 208 2020-07-24 2343366 2390735
209 209 2020-07-25 2394513 2435713
210 210 2020-07-26 2419091 2480502
211 211 2020-07-27 2442375 2525064
212 212 2020-07-28 2483191 2569365
213 213 2020-07-29 2552265 2613369
214 214 2020-07-30 2610102 2657042
215 215 2020-07-31 2662485 2700353
216 216 2020-08-01 2707877 2743269
217 217 2020-08-02 2733677 2785759
218 218 2020-08-03 2750318 2827796
219 219 2020-08-04 2801921 2869351
220 220 2020-08-05 2859073 2910398
221 221 2020-08-06 2912212 2950912
222 222 2020-08-07 2962442 2990871
223 223 2020-08-08 3012412 3030251
224 224 2020-08-09 3035422 3069034
225 225 2020-08-10 3057470 3107201
226 226 2020-08-11 3109630 3144735
227 227 2020-08-12 3164785 3181621
228 228 2020-08-13 3224876 3217845
229 229 2020-08-14 3275520 3253395
230 230 2020-08-15 3317096 3288260
231 231 2020-08-16 3340197 3322431
232 232 2020-08-17 3359570 3355902
233 233 2020-08-18 3407354 3388665
234 234 2020-08-19 3456652 3420717
235 235 2020-08-20 3501975 3452054
236 236 2020-08-21 3532330 3482673
237 237 2020-08-22 3582362 3512576
238 238 2020-08-23 3605783 3541761
239 239 2020-08-24 3622861 3570232
240 240 2020-08-25 3669995 3597990
241 241 2020-08-26 3717156 3625039

Intervalo de Confianca
              2.5%         97.5%
Asym 4330598.39071 4508255.99768
xmid     202.79798     205.20028
scal      23.84425      24.83922


Formula: x ~ SSlogis(day, Asym, xmid, scal)

Parameters:
         Estimate   Std. Error t value            Pr(>|t|)    
Asym 4416598.1804   45098.4095   97.93 <0.0000000000000002 ***
xmid     203.9698       0.6082  335.35 <0.0000000000000002 ***
scal      24.3361       0.2628   92.61 <0.0000000000000002 ***
---
Signif. codes:  0 ‘***’ 0.001 ‘**’ 0.01 ‘*’ 0.05 ‘.’ 0.1 ‘ ’ 1

Residual standard error: 43040 on 238 degrees of freedom

Number of iterations to convergence: 7 
Achieved convergence tolerance: 0.0000000149


Brazil: o primeiro caso foi registrado em 25/02/2020 na data 26/08/2020 temos 183 dias desde o primeiro caso. A data de pico prevista pelo modelo logístico é 16/09/2020 (dia 204 desde os primeiros casos relatados).
Em 16/09/2020 o modelo estima 4416598+/-45098 casos. De acordo com o modelo ajustado temos 21 de infecçao pela frente.

Todos os dados gerados
    country       dias otimista casos_estimados pessimista estimativa_mortes casos_confirmados mortes_confirmadas latitude longitude
1    Brazil 2019-12-30      995            1054       1113                33                 0                  0        0         0
2    Brazil 2019-12-31     1036            1098       1160                35                 0                  0        0         0
3    Brazil 2020-01-01     1080            1144       1208                36                 0                  0        0         0
4    Brazil 2020-01-02     1125            1192       1259                38                 0                  0        0         0
5    Brazil 2020-01-03     1172            1242       1312                39                 0                  0        0         0
6    Brazil 2020-01-04     1221            1294       1367                41                 0                  0        0         0
7    Brazil 2020-01-05     1273            1349       1425                43                 0                  0        0         0
8    Brazil 2020-01-06     1326            1405       1484                44                 0                  0        0         0
9    Brazil 2020-01-07     1382            1464       1546                46                 0                  0        0         0
10   Brazil 2020-01-08     1439            1525       1611                48                 0                  0        0         0
11   Brazil 2020-01-09     1500            1589       1678                50                 0                  0        0         0
12   Brazil 2020-01-10     1563            1656       1749                52                 0                  0        0         0
13   Brazil 2020-01-11     1629            1726       1823                55                 0                  0        0         0
14   Brazil 2020-01-12     1697            1798       1899                57                 0                  0        0         0
15   Brazil 2020-01-13     1768            1873       1978                59                 0                  0        0         0
16   Brazil 2020-01-14     1842            1952       2062                62                 0                  0        0         0
17   Brazil 2020-01-15     1920            2034       2148                64                 0                  0        0         0
18   Brazil 2020-01-16     2000            2119       2238                67                 0                  0        0         0
19   Brazil 2020-01-17     2084            2208       2332                70                 0                  0        0         0
20   Brazil 2020-01-18     2171            2300       2429                73                 0                  0        0         0
21   Brazil 2020-01-19     2262            2397       2532                76                 0                  0        0         0
22   Brazil 2020-01-20     2357            2497       2637                79                 0                  0        0         0
23   Brazil 2020-01-21     2456            2602       2748                82                 0                  0        0         0
24   Brazil 2020-01-22     2559            2711       2863                86                 0                  0        0         0
25   Brazil 2020-01-23     2666            2825       2984                89                 0                  0        0         0
26   Brazil 2020-01-24     2778            2943       3108                93                 0                  0        0         0
27   Brazil 2020-01-25     2894            3066       3238                97                 0                  0        0         0
28   Brazil 2020-01-26     3016            3195       3374               101                 0                  0        0         0
29   Brazil 2020-01-27     3142            3329       3516               105                 0                  0        0         0
30   Brazil 2020-01-28     3273            3468       3663               110                 0                  0        0         0
31   Brazil 2020-01-29     3411            3614       3817               114                 0                  0        0         0
32   Brazil 2020-01-30     3554            3765       3976               119                 0                  0        0         0
33   Brazil 2020-01-31     3703            3923       4143               124                 0                  0        0         0
34   Brazil 2020-02-01     3857            4087       4317               129                 0                  0        0         0
35   Brazil 2020-02-02     4020            4259       4498               135                 0                  0        0         0
36   Brazil 2020-02-03     4188            4437       4686               140                 0                  0        0         0
37   Brazil 2020-02-04     4363            4623       4883               146                 0                  0        0         0
38   Brazil 2020-02-05     4546            4817       5088               152                 0                  0        0         0
39   Brazil 2020-02-06     4737            5019       5301               159                 0                  0        0         0
40   Brazil 2020-02-07     4935            5229       5523               166                 0                  0        0         0
41   Brazil 2020-02-08     5142            5448       5754               172                 0                  0        0         0
42   Brazil 2020-02-09     5357            5676       5995               180                 0                  0        0         0
43   Brazil 2020-02-10     5582            5914       6246               187                 0                  0        0         0
44   Brazil 2020-02-11     5816            6162       6508               195                 0                  0        0         0
45   Brazil 2020-02-12     6059            6420       6781               203                 0                  0        0         0
46   Brazil 2020-02-13     6313            6689       7065               212                 0                  0        0         0
47   Brazil 2020-02-14     6578            6969       7360               221                 0                  0        0         0
48   Brazil 2020-02-15     6853            7261       7669               230                 0                  0        0         0
49   Brazil 2020-02-16     7140            7565       7990               239                 0                  0        0         0
50   Brazil 2020-02-17     7439            7882       8325               250                 0                  0        0         0
51   Brazil 2020-02-18     7751            8212       8673               260                 0                  0        0         0
52   Brazil 2020-02-19     8075            8555       9035               271                 0                  0        0         0
53   Brazil 2020-02-20     8412            8913       9414               282                 0                  0        0         0
54   Brazil 2020-02-21     8765            9287       9809               294                 0                  0        0         0
55   Brazil 2020-02-22     9132            9675      10218               306                 0                  0        0         0
56   Brazil 2020-02-23     9514           10080      10646               319                 0                  0        0         0
57   Brazil 2020-02-24     9912           10502      11092               332                 0                  0        0         0
58   Brazil 2020-02-25    10327           10941      11555               346                 1                  0        0         0
59   Brazil 2020-02-26    10759           11399      12039               361                 1                  0        0         0
60   Brazil 2020-02-27    11209           11876      12543               376                 1                  0        0         0
61   Brazil 2020-02-28    11678           12373      13068               392                 1                  0        0         0
62   Brazil 2020-02-29    12166           12890      13614               408                 2                  0        0         0
63   Brazil 2020-03-01    12675           13429      14183               425                 2                  0        0         0
64   Brazil 2020-03-02    13205           13991      14777               443                 2                  0        0         0
65   Brazil 2020-03-03    13757           14576      15395               461                 2                  0        0         0
66   Brazil 2020-03-04    14332           15185      16038               481                 3                  0        0         0
67   Brazil 2020-03-05    14932           15820      16708               501                 8                  0        0         0
68   Brazil 2020-03-06    15555           16481      17407               522                13                  0        0         0
69   Brazil 2020-03-07    16206           17170      18134               544                13                  0        0         0
70   Brazil 2020-03-08    16882           17887      18892               566                25                  0        0         0
71   Brazil 2020-03-09    17587           18634      19681               590                25                  0        0         0
72   Brazil 2020-03-10    18322           19412      20502               614                34                  0        0         0
73   Brazil 2020-03-11    19087           20223      21359               640                52                  0        0         0
74   Brazil 2020-03-12    19884           21067      22250               667                77                  0        0         0
75   Brazil 2020-03-13    20714           21947      23180               695                98                  0        0         0
76   Brazil 2020-03-14    21578           22862      24146               724               121                  0        0         0
77   Brazil 2020-03-15    22478           23816      25154               754               200                  0        0         0
78   Brazil 2020-03-16    23417           24810      26203               785               234                  1        0         0
79   Brazil 2020-03-17    24393           25844      27295               818               291                  4        0         0
80   Brazil 2020-03-18    25410           26922      28434               852               428                  6        0         0
81   Brazil 2020-03-19    26469           28044      29619               888               621                 11        0         0
82   Brazil 2020-03-20    27571           29212      30853               925               904                 18        0         0
83   Brazil 2020-03-21    28720           30429      32138               963              1128                 25        0         0
84   Brazil 2020-03-22    29917           31697      33477              1003              1546                 34        0         0
85   Brazil 2020-03-23    31162           33016      34870              1045              1891                 46        0         0
86   Brazil 2020-03-24    32459           34391      36323              1089              2201                 57        0         0
87   Brazil 2020-03-25    33809           35821      37833              1134              2433                 77        0         0
88   Brazil 2020-03-26    35216           37311      39406              1181              2915                 92        0         0
89   Brazil 2020-03-27    36680           38863      41046              1230              3417                114        0         0
90   Brazil 2020-03-28    38205           40478      42751              1281              3904                136        0         0
91   Brazil 2020-03-29    39792           42160      44528              1335              4256                159        0         0
92   Brazil 2020-03-30    41444           43910      46376              1390              4579                201        0         0
93   Brazil 2020-03-31    43164           45733      48302              1448              5717                241        0         0
94   Brazil 2020-04-01    44956           47631      50306              1508              6836                299        0         0
95   Brazil 2020-04-02    46821           49607      52393              1570              7910                359        0         0
96   Brazil 2020-04-03    48761           51663      54565              1635              9056                432        0         0
97   Brazil 2020-04-04    50782           53804      56826              1703             10278                486        0         0
98   Brazil 2020-04-05    52885           56032      59179              1774             11130                553        0         0
99   Brazil 2020-04-06    55074           58351      61628              1847             12056                667        0         0
100  Brazil 2020-04-07    57352           60765      64178              1923             13717                800        0         0
101  Brazil 2020-04-08    59724           63278      66832              2003             15927                941        0         0
102  Brazil 2020-04-09    62192           65893      69594              2086             17857               1056        0         0
103  Brazil 2020-04-10    64760           68614      72468              2172             19638               1124        0         0
104  Brazil 2020-04-11    67432           71445      75458              2262             20727               1223        0         0
105  Brazil 2020-04-12    70214           74392      78570              2355             22169               1328        0         0
106  Brazil 2020-04-13    73107           77457      81807              2452             23430               1532        0         0
107  Brazil 2020-04-14    76118           80647      85176              2553             25262               1736        0         0
108  Brazil 2020-04-15    79250           83966      88682              2658             28320               1924        0         0
109  Brazil 2020-04-16    82508           87418      92328              2767             30425               2141        0         0
110  Brazil 2020-04-17    85899           91010      96121              2881             33682               2347        0         0
111  Brazil 2020-04-18    89424           94745     100066              2999             36599               2462        0         0
112  Brazil 2020-04-19    93092           98631     104170              3122             38654               2575        0         0
113  Brazil 2020-04-20    96906          102672     108438              3250             40581               2741        0         0
114  Brazil 2020-04-21   100873          106875     112877              3383             43079               2906        0         0
115  Brazil 2020-04-22   104997          111245     117493              3521             45757               3313        0         0
116  Brazil 2020-04-23   109286          115789     122292              3665             49492               3670        0         0
117  Brazil 2020-04-24   113745          120513     127281              3815             52995               4016        0         0
118  Brazil 2020-04-25   118381          125425     132469              3970             58509               4205        0         0
119  Brazil 2020-04-26   123200          130531     137862              4132             61888               4543        0         0
120  Brazil 2020-04-27   128209          135838     143467              4300             66501               5017        0         0
121  Brazil 2020-04-28   133414          141353     149292              4474             71886               5466        0         0
122  Brazil 2020-04-29   138824          147085     155346              4656             78162               5901        0         0
123  Brazil 2020-04-30   144446          153041     161636              4844             85380               6329        0         0
124  Brazil 2020-05-01   150287          159230     168173              5040             91589               6750        0         0
125  Brazil 2020-05-02   156354          165658     174962              5244             96559               7025        0         0
126  Brazil 2020-05-03   162657          172336     182015              5455            101147               7321        0         0
127  Brazil 2020-05-04   169204          179272     189340              5675            107780               7921        0         0
128  Brazil 2020-05-05   176001          186474     196947              5903            114715               8536        0         0
129  Brazil 2020-05-06   183060          193953     204846              6140            125218               9146        0         0
130  Brazil 2020-05-07   190388          201717     213046              6385            135106               9897        0         0
131  Brazil 2020-05-08   197994          209776     221558              6640            145328              10627        0         0
132  Brazil 2020-05-09   205890          218141     230392              6905            155939              11123        0         0
133  Brazil 2020-05-10   214083          226822     239561              7180            162699              11519        0         0
134  Brazil 2020-05-11   222583          235828     249073              7465            168331              12400        0         0
135  Brazil 2020-05-12   231401          245171     258941              7761            177589              13149        0         0
136  Brazil 2020-05-13   240548          254862     269176              8068            188974              13993        0         0
137  Brazil 2020-05-14   250034          264912     279790              8386            202918              14817        0         0
138  Brazil 2020-05-15   259868          275331     290794              8715            218223              15633        0         0
139  Brazil 2020-05-16   270062          286132     302202              9057            233142              16118        0         0
140  Brazil 2020-05-17   280628          297327     314026              9412            241080              16792        0         0
141  Brazil 2020-05-18   291576          308926     326276              9779            254220              17971        0         0
142  Brazil 2020-05-19   302918          320943     338968             10159            271628              18859        0         0
143  Brazil 2020-05-20   314666          333390     352114             10553            291579              20047        0         0
144  Brazil 2020-05-21   326830          346278     365726             10961            310087              21048        0         0
145  Brazil 2020-05-22   339424          359621     379818             11384            330890              22013        0         0
146  Brazil 2020-05-23   352457          373430     394403             11821            347398              22666        0         0
147  Brazil 2020-05-24   365944          387719     409494             12273            363211              23473        0         0
148  Brazil 2020-05-25   379895          402501     425107             12741            374898              24512        0         0
149  Brazil 2020-05-26   394324          417788     441252             13225            391222              25598        0         0
150  Brazil 2020-05-27   409240          433592     457944             13725            411821              26754        0         0
151  Brazil 2020-05-28   424658          449927     475196             14242            438238              27878        0         0
152  Brazil 2020-05-29   440589          466806     493023             14777            465166              28834        0         0
153  Brazil 2020-05-30   457044          484240     511436             15328            498440              29314        0         0
154  Brazil 2020-05-31   474036          502243     530450             15898            514849              29937        0         0
155  Brazil 2020-06-01   491575          520826     550077             16487            526447              31199        0         0
156  Brazil 2020-06-02   509674          540002     570330             17094            555383              32548        0         0
157  Brazil 2020-06-03   528344          559783     591222             17720            584016              34021        0         0
158  Brazil 2020-06-04   547594          580179     612764             18365            614932              35026        0         0
159  Brazil 2020-06-05   567438          601203     634968             19031            645762              35930        0         0
160  Brazil 2020-06-06   587884          622866     657848             19717            672837              36455        0         0
161  Brazil 2020-06-07   608941          645176     681411             20423            691758              37134        0         0
162  Brazil 2020-06-08   630620          668145     705670             21150            707412              38406        0         0
163  Brazil 2020-06-09   652929          691782     730635             21898            739503              39680        0         0
164  Brazil 2020-06-10   675878          716096     756314             22668            772416              40919        0         0
165  Brazil 2020-06-11   699472          741094     782716             23459            802828              41828        0         0
166  Brazil 2020-06-12   723718          766783     809848             24272            828810              42720        0         0
167  Brazil 2020-06-13   748624          793171     837718             25107            850514              43332        0         0
168  Brazil 2020-06-14   774195          820263     866331             25965            867624              43959        0         0
169  Brazil 2020-06-15   800434          848064     895694             26845            888271              45241        0         0
170  Brazil 2020-06-16   827347          876578     925809             27748            923189              46510        0         0
171  Brazil 2020-06-17   854933          905806     956679             28673            955377              47748        0         0
172  Brazil 2020-06-18   883197          935752     988307             29621            978142              48954        0         0
173  Brazil 2020-06-19   912138          966415    1020692             30591           1032913              49976        0         0
174  Brazil 2020-06-20   941756          997795    1053834             31585           1067579              50617        0         0
175  Brazil 2020-06-21   972048         1029890    1087732             32601           1085038              51271        0         0
176  Brazil 2020-06-22  1003012         1062696    1122380             33639           1106470              52645        0         0
177  Brazil 2020-06-23  1034643         1096209    1157775             34700           1145906              53830        0         0
178  Brazil 2020-06-24  1066935         1130423    1193911             35783           1188631              54971        0         0
179  Brazil 2020-06-25  1099882         1165330    1230778             36888           1228114              55961        0         0
180  Brazil 2020-06-26  1133473         1200920    1268367             38015           1274974              57070        0         0
181  Brazil 2020-06-27  1167700         1237184    1306668             39163           1313667              57622        0         0
182  Brazil 2020-06-28  1202551         1274109    1345667             40331           1344143              58314        0         0
183  Brazil 2020-06-29  1238014         1311682    1385350             41521           1368195              59594        0         0
184  Brazil 2020-06-30  1274073         1349887    1425701             42730           1402041              60632        0         0
185  Brazil 2020-07-01  1310712         1388706    1466700             43959           1448753              61884        0         0
186  Brazil 2020-07-02  1347915         1428123    1508331             45207           1496858              63174        0         0
187  Brazil 2020-07-03  1385661         1468115    1550569             46473           1539081              64265        0         0
188  Brazil 2020-07-04  1423931         1508662    1593393             47756           1577004              64867        0         0
189  Brazil 2020-07-05  1462703         1549741    1636779             49056           1603055              65487        0         0
190  Brazil 2020-07-06  1501951         1591325    1680699             50373           1623284              66741        0         0
191  Brazil 2020-07-07  1541654         1633390    1725126             51704           1668589              67964        0         0
192  Brazil 2020-07-08  1581783         1675907    1770031             53050           1713160              69184        0         0
193  Brazil 2020-07-09  1622312         1718848    1815384             54409           1755779              70398        0         0
194  Brazil 2020-07-10  1663212         1762181    1861150             55781           1800827              71469        0         0
195  Brazil 2020-07-11  1704453         1805876    1907299             57164           1839850              72100        0         0
196  Brazil 2020-07-12  1746002         1849898    1953794             58558           1864681              72833        0         0
197  Brazil 2020-07-13  1787831         1894216    2000601             59961           1884967              74133        0         0
198  Brazil 2020-07-14  1829905         1938793    2047681             61372           1926824              75366        0         0
199  Brazil 2020-07-15  1872189         1983594    2094999             62790           1966748              76688        0         0
200  Brazil 2020-07-16  1914652         2028583    2142514             64214           2012151              77851        0         0
201  Brazil 2020-07-17  1957256         2073722    2190188             65643           2046328              78772        0         0
202  Brazil 2020-07-18  1999967         2118975    2237983             67075           2074860              79488        0         0
203  Brazil 2020-07-19  2042749         2164303    2285857             68510           2098389              80120        0         0
204  Brazil 2020-07-20  2085566         2209668    2333770             69946           2118646              81487        0         0
205  Brazil 2020-07-21  2128383         2255032    2381681             71382           2159654              82771        0         0
206  Brazil 2020-07-22  2171161         2300356    2429551             72817           2227514              84082        0         0
207  Brazil 2020-07-23  2213867         2345603    2477339             74249           2287475              85238        0         0
208  Brazil 2020-07-24  2256464         2390735    2525006             75678           2343366              86449        0         0
209  Brazil 2020-07-25  2298916         2435713    2572510             77101           2394513              87004        0         0
210  Brazil 2020-07-26  2341190         2480502    2619814             78519           2419091              87618        0         0
211  Brazil 2020-07-27  2383249         2525064    2666879             79930           2442375              88539        0         0
212  Brazil 2020-07-28  2425062         2569365    2713668             81332           2483191              90134        0         0
213  Brazil 2020-07-29  2466594         2613369    2760144             82725           2552265              91263        0         0
214  Brazil 2020-07-30  2507815         2657042    2806269             84108           2610102              92475        0         0
215  Brazil 2020-07-31  2548693         2700353    2852013             85479           2662485              93563        0         0
216  Brazil 2020-08-01  2589199         2743269    2897339             86837           2707877              94104        0         0
217  Brazil 2020-08-02  2629302         2785759    2942216             88182           2733677              94665        0         0
218  Brazil 2020-08-03  2668979         2827796    2986613             89513           2750318              95819        0         0
219  Brazil 2020-08-04  2708200         2869351    3030502             90828           2801921              97256        0         0
220  Brazil 2020-08-05  2746941         2910398    3073855             92127           2859073              98493        0         0
221  Brazil 2020-08-06  2785180         2950912    3116644             93410           2912212              99572        0         0
222  Brazil 2020-08-07  2822895         2990871    3158847             94675           2962442             100477        0         0
223  Brazil 2020-08-08  2860063         3030251    3200439             95921           3012412             101049        0         0
224  Brazil 2020-08-09  2896668         3069034    3241400             97149           3035422             101752        0         0
225  Brazil 2020-08-10  2932691         3107201    3281711             98357           3057470             103026        0         0
226  Brazil 2020-08-11  2968117         3144735    3321353             99545           3109630             104201        0         0
227  Brazil 2020-08-12  3002932         3181621    3360310            100713           3164785             105463        0         0
228  Brazil 2020-08-13  3037121         3217845    3398569            101860           3224876             106523        0         0
229  Brazil 2020-08-14  3070675         3253395    3436115            102985           3275520             107232        0         0
230  Brazil 2020-08-15  3103582         3288260    3472938            104088           3317096             107852        0         0
231  Brazil 2020-08-16  3135833         3322431    3509029            105170           3340197             108536        0         0
232  Brazil 2020-08-17  3167425         3355902    3544379            106230           3359570             109888        0         0
233  Brazil 2020-08-18  3198347         3388665    3578983            107267           3407354             111100        0         0
234  Brazil 2020-08-19  3228599         3420717    3612835            108281           3456652             112304        0         0
235  Brazil 2020-08-20  3258176         3452054    3645932            109273           3501975             113358        0         0
236  Brazil 2020-08-21  3287076         3482673    3678270            110243           3532330             114250        0         0
237  Brazil 2020-08-22  3315299         3512576    3709853            111189           3582362             114744        0         0
238  Brazil 2020-08-23  3342845         3541761    3740677            112113           3605783             115309        0         0
239  Brazil 2020-08-24  3369717         3570232    3770747            113014           3622861             116580        0         0
240  Brazil 2020-08-25  3395916         3597990    3800064            113893           3669995             117665        0         0
241  Brazil 2020-08-26  3421446         3625039    3828632            114749           3717156             117665        0         0
242  Brazil 2020-08-27  3446312         3651385    3856458            115583                NA                 NA        0         0
243  Brazil 2020-08-28  3470520         3677033    3883546            116395                NA                 NA        0         0
244  Brazil 2020-08-29  3494074         3701989    3909904            117185                NA                 NA        0         0
245  Brazil 2020-08-30  3516983         3726261    3935539            117953                NA                 NA        0         0
246  Brazil 2020-08-31  3539255         3749858    3960461            118700                NA                 NA        0         0
247  Brazil 2020-09-01  3560896         3772787    3984678            119426                NA                 NA        0         0
248  Brazil 2020-09-02  3581916         3795058    4008200            120131                NA                 NA        0         0
249  Brazil 2020-09-03  3602326         3816682    4031038            120815                NA                 NA        0         0
250  Brazil 2020-09-04  3622132         3837667    4053202            121480                NA                 NA        0         0
251  Brazil 2020-09-05  3641349         3858027    4074705            122124                NA                 NA        0         0

Fontes:
	OMS - https://ourworldindata.org/coronavirus-source-data
	Worldometers - https://www.worldometers.info/coronavirus