
 Brazil 
Projecao:  7  dias
Gerado em:  2020-06-02 21:18:36
RMSE(%):  4.2 , BIAS(%): 1.05

Taxa de Mortalidade 5.62 %

    country       dias otimista casos_estimados pessimista estimativa_mortes casos_confirmados mortes_confirmadas latitude longitude
144  Brazil 2020-05-21   295034          307909     320784             17301            310087              21048        0         0
145  Brazil 2020-05-22   311748          325353     338958             18281            330890              22013        0         0
146  Brazil 2020-05-23   329079          343440     357801             19297            347398              22666        0         0
147  Brazil 2020-05-24   347010          362154     377298             20349            363211              23473        0         0
148  Brazil 2020-05-25   365525          381477     397429             21434            374898              24512        0         0
149  Brazil 2020-05-26   384599          401383     418167             22553            391222              25598        0         0
150  Brazil 2020-05-27   404205          421845     439485             23703            411821              26754        0         0
151  Brazil 2020-05-28   424313          442830     461347             24882            438238              27878        0         0
152  Brazil 2020-05-29   444884          464299     483714             26088            465166              28834        0         0
153  Brazil 2020-05-30   465880          486211     506542             27319            498440              29314        0         0
154  Brazil 2020-05-31   487255          508519     529783             28573            514849              29937        0         0
155  Brazil 2020-06-01   508962          531173     553384             29845            526447              31278        0         0
156  Brazil 2020-06-02   530948          554119     577290             31135            556668              31278        0         0
157  Brazil 2020-06-03   553161          577301     601441             32437                NA                 NA        0         0
158  Brazil 2020-06-04   575542          600659     625776             33750                NA                 NA        0         0
159  Brazil 2020-06-05   598034          624133     650232             35069                NA                 NA        0         0
160  Brazil 2020-06-06   620578          647661     674744             36391                NA                 NA        0         0
161  Brazil 2020-06-07   643113          671179     699245             37712                NA                 NA        0         0
162  Brazil 2020-06-08   665580          694626     723672             39030                NA                 NA        0         0
163  Brazil 2020-06-09   687919          717940     747961             40340                NA                 NA        0         0

Total de casos no mundo:  6473506 2120253 940728 2049044 1194228 159701 8831 721 6473506

Estimados a partir dos dados da OMS:
    day       date      x   xest
1     1 2019-12-30      0     12
2     2 2019-12-31      0     13
3     3 2020-01-01      0     14
4     4 2020-01-02      0     15
5     5 2020-01-03      0     16
6     6 2020-01-04      0     17
7     7 2020-01-05      0     18
8     8 2020-01-06      0     20
9     9 2020-01-07      0     21
10   10 2020-01-08      0     23
11   11 2020-01-09      0     24
12   12 2020-01-10      0     26
13   13 2020-01-11      0     28
14   14 2020-01-12      0     30
15   15 2020-01-13      0     33
16   16 2020-01-14      0     35
17   17 2020-01-15      0     38
18   18 2020-01-16      0     41
19   19 2020-01-17      0     44
20   20 2020-01-18      0     47
21   21 2020-01-19      0     51
22   22 2020-01-20      0     54
23   23 2020-01-21      0     59
24   24 2020-01-22      0     63
25   25 2020-01-23      0     68
26   26 2020-01-24      0     73
27   27 2020-01-25      0     78
28   28 2020-01-26      0     84
29   29 2020-01-27      0     91
30   30 2020-01-28      0     98
31   31 2020-01-29      0    105
32   32 2020-01-30      0    113
33   33 2020-01-31      0    122
34   34 2020-02-01      0    131
35   35 2020-02-02      0    141
36   36 2020-02-03      0    151
37   37 2020-02-04      0    163
38   38 2020-02-05      0    175
39   39 2020-02-06      0    189
40   40 2020-02-07      0    203
41   41 2020-02-08      0    218
42   42 2020-02-09      0    235
43   43 2020-02-10      0    253
44   44 2020-02-11      0    272
45   45 2020-02-12      0    292
46   46 2020-02-13      0    314
47   47 2020-02-14      0    338
48   48 2020-02-15      0    364
49   49 2020-02-16      0    391
50   50 2020-02-17      0    421
51   51 2020-02-18      0    453
52   52 2020-02-19      0    487
53   53 2020-02-20      0    524
54   54 2020-02-21      0    564
55   55 2020-02-22      0    607
56   56 2020-02-23      0    653
57   57 2020-02-24      0    702
58   58 2020-02-25      1    755
59   59 2020-02-26      1    812
60   60 2020-02-27      1    874
61   61 2020-02-28      1    940
62   62 2020-02-29      2   1011
63   63 2020-03-01      2   1088
64   64 2020-03-02      2   1170
65   65 2020-03-03      2   1259
66   66 2020-03-04      3   1354
67   67 2020-03-05      8   1457
68   68 2020-03-06     13   1567
69   69 2020-03-07     13   1686
70   70 2020-03-08     25   1813
71   71 2020-03-09     25   1951
72   72 2020-03-10     34   2098
73   73 2020-03-11     52   2257
74   74 2020-03-12     77   2428
75   75 2020-03-13     98   2611
76   76 2020-03-14    121   2809
77   77 2020-03-15    200   3021
78   78 2020-03-16    234   3250
79   79 2020-03-17    291   3495
80   80 2020-03-18    428   3759
81   81 2020-03-19    621   4043
82   82 2020-03-20    904   4349
83   83 2020-03-21   1128   4677
84   84 2020-03-22   1546   5030
85   85 2020-03-23   1891   5410
86   86 2020-03-24   2201   5818
87   87 2020-03-25   2433   6257
88   88 2020-03-26   2915   6729
89   89 2020-03-27   3417   7236
90   90 2020-03-28   3904   7781
91   91 2020-03-29   4256   8367
92   92 2020-03-30   4579   8997
93   93 2020-03-31   5717   9673
94   94 2020-04-01   6836  10401
95   95 2020-04-02   7910  11182
96   96 2020-04-03   9056  12022
97   97 2020-04-04  10278  12924
98   98 2020-04-05  11130  13893
99   99 2020-04-06  12056  14933
100 100 2020-04-07  13717  16051
101 101 2020-04-08  15927  17252
102 102 2020-04-09  17857  18540
103 103 2020-04-10  19638  19924
104 104 2020-04-11  20727  21409
105 105 2020-04-12  22169  23002
106 106 2020-04-13  23430  24712
107 107 2020-04-14  25262  26547
108 108 2020-04-15  28320  28514
109 109 2020-04-16  30425  30624
110 110 2020-04-17  33682  32886
111 111 2020-04-18  36599  35310
112 112 2020-04-19  38654  37908
113 113 2020-04-20  40581  40690
114 114 2020-04-21  43079  43670
115 115 2020-04-22  45757  46859
116 116 2020-04-23  49492  50272
117 117 2020-04-24  52995  53923
118 118 2020-04-25  58509  57827
119 119 2020-04-26  61888  61999
120 120 2020-04-27  66501  66455
121 121 2020-04-28  71886  71214
122 122 2020-04-29  78162  76292
123 123 2020-04-30  85380  81707
124 124 2020-05-01  91589  87480
125 125 2020-05-02  96559  93628
126 126 2020-05-03 101147 100173
127 127 2020-05-04 107780 107134
128 128 2020-05-05 114715 114532
129 129 2020-05-06 125218 122389
130 130 2020-05-07 135106 130724
131 131 2020-05-08 145328 139559
132 132 2020-05-09 155939 148914
133 133 2020-05-10 162699 158809
134 134 2020-05-11 168331 169265
135 135 2020-05-12 177589 180299
136 136 2020-05-13 188974 191929
137 137 2020-05-14 202918 204170
138 138 2020-05-15 218223 217039
139 139 2020-05-16 233142 230545
140 140 2020-05-17 241080 244701
141 141 2020-05-18 254220 259512
142 142 2020-05-19 271628 274984
143 143 2020-05-20 291579 291117
144 144 2020-05-21 310087 307909
145 145 2020-05-22 330890 325353
146 146 2020-05-23 347398 343440
147 147 2020-05-24 363211 362154
148 148 2020-05-25 374898 381477
149 149 2020-05-26 391222 401383
150 150 2020-05-27 411821 421845
151 151 2020-05-28 438238 442830
152 152 2020-05-29 465166 464299
153 153 2020-05-30 498440 486211
154 154 2020-05-31 514849 508519
155 155 2020-06-01 526447 531173
156 156 2020-06-02 556668 554119

Intervalo de Confianca
              2.5%         97.5%
Asym 1220859.23848 1366061.43945
xmid     158.59098     161.22016
scal      13.46204      13.91809


Formula: x ~ SSlogis(day, Asym, xmid, scal)

Parameters:
         Estimate   Std. Error t value            Pr(>|t|)    
Asym 1288524.0821   37119.9634   34.71 <0.0000000000000002 ***
xmid     159.8556       0.6755  236.65 <0.0000000000000002 ***
scal      13.6877       0.1182  115.76 <0.0000000000000002 ***
---
Signif. codes:  0 ‘***’ 0.001 ‘**’ 0.01 ‘*’ 0.05 ‘.’ 0.1 ‘ ’ 1

Residual standard error: 2731 on 153 degrees of freedom

Number of iterations to convergence: 14 
Achieved convergence tolerance: 0.0000000149


Brazil: o primeiro caso foi registrado em 25/02/2020 na data 02/06/2020 temos 98 dias desde o primeiro caso. A data de pico prevista pelo modelo logístico é 03/08/2020 (dia 160 desde os primeiros casos relatados).
Em 03/08/2020 o modelo estima 1288524+/-37120 casos. De acordo com o modelo ajustado temos 62 de infecçao pela frente.

Todos os dados gerados
    country       dias otimista casos_estimados pessimista estimativa_mortes casos_confirmados mortes_confirmadas latitude longitude
1    Brazil 2019-12-30       11              12         13                 1                 0                  0        0         0
2    Brazil 2019-12-31       12              13         14                 1                 0                  0        0         0
3    Brazil 2020-01-01       13              14         15                 1                 0                  0        0         0
4    Brazil 2020-01-02       14              15         16                 1                 0                  0        0         0
5    Brazil 2020-01-03       15              16         17                 1                 0                  0        0         0
6    Brazil 2020-01-04       16              17         18                 1                 0                  0        0         0
7    Brazil 2020-01-05       17              18         19                 1                 0                  0        0         0
8    Brazil 2020-01-06       19              20         21                 1                 0                  0        0         0
9    Brazil 2020-01-07       20              21         22                 1                 0                  0        0         0
10   Brazil 2020-01-08       22              23         24                 1                 0                  0        0         0
11   Brazil 2020-01-09       23              24         25                 1                 0                  0        0         0
12   Brazil 2020-01-10       25              26         27                 1                 0                  0        0         0
13   Brazil 2020-01-11       27              28         29                 2                 0                  0        0         0
14   Brazil 2020-01-12       29              30         31                 2                 0                  0        0         0
15   Brazil 2020-01-13       32              33         34                 2                 0                  0        0         0
16   Brazil 2020-01-14       34              35         36                 2                 0                  0        0         0
17   Brazil 2020-01-15       36              38         40                 2                 0                  0        0         0
18   Brazil 2020-01-16       39              41         43                 2                 0                  0        0         0
19   Brazil 2020-01-17       42              44         46                 2                 0                  0        0         0
20   Brazil 2020-01-18       45              47         49                 3                 0                  0        0         0
21   Brazil 2020-01-19       49              51         53                 3                 0                  0        0         0
22   Brazil 2020-01-20       52              54         56                 3                 0                  0        0         0
23   Brazil 2020-01-21       57              59         61                 3                 0                  0        0         0
24   Brazil 2020-01-22       60              63         66                 4                 0                  0        0         0
25   Brazil 2020-01-23       65              68         71                 4                 0                  0        0         0
26   Brazil 2020-01-24       70              73         76                 4                 0                  0        0         0
27   Brazil 2020-01-25       75              78         81                 4                 0                  0        0         0
28   Brazil 2020-01-26       80              84         88                 5                 0                  0        0         0
29   Brazil 2020-01-27       87              91         95                 5                 0                  0        0         0
30   Brazil 2020-01-28       94              98        102                 6                 0                  0        0         0
31   Brazil 2020-01-29      101             105        109                 6                 0                  0        0         0
32   Brazil 2020-01-30      108             113        118                 6                 0                  0        0         0
33   Brazil 2020-01-31      117             122        127                 7                 0                  0        0         0
34   Brazil 2020-02-01      126             131        136                 7                 0                  0        0         0
35   Brazil 2020-02-02      135             141        147                 8                 0                  0        0         0
36   Brazil 2020-02-03      145             151        157                 8                 0                  0        0         0
37   Brazil 2020-02-04      156             163        170                 9                 0                  0        0         0
38   Brazil 2020-02-05      168             175        182                10                 0                  0        0         0
39   Brazil 2020-02-06      181             189        197                11                 0                  0        0         0
40   Brazil 2020-02-07      195             203        211                11                 0                  0        0         0
41   Brazil 2020-02-08      209             218        227                12                 0                  0        0         0
42   Brazil 2020-02-09      225             235        245                13                 0                  0        0         0
43   Brazil 2020-02-10      242             253        264                14                 0                  0        0         0
44   Brazil 2020-02-11      261             272        283                15                 0                  0        0         0
45   Brazil 2020-02-12      280             292        304                16                 0                  0        0         0
46   Brazil 2020-02-13      301             314        327                18                 0                  0        0         0
47   Brazil 2020-02-14      324             338        352                19                 0                  0        0         0
48   Brazil 2020-02-15      349             364        379                20                 0                  0        0         0
49   Brazil 2020-02-16      375             391        407                22                 0                  0        0         0
50   Brazil 2020-02-17      403             421        439                24                 0                  0        0         0
51   Brazil 2020-02-18      434             453        472                25                 0                  0        0         0
52   Brazil 2020-02-19      467             487        507                27                 0                  0        0         0
53   Brazil 2020-02-20      502             524        546                29                 0                  0        0         0
54   Brazil 2020-02-21      540             564        588                32                 0                  0        0         0
55   Brazil 2020-02-22      582             607        632                34                 0                  0        0         0
56   Brazil 2020-02-23      626             653        680                37                 0                  0        0         0
57   Brazil 2020-02-24      673             702        731                39                 0                  0        0         0
58   Brazil 2020-02-25      723             755        787                42                 1                  0        0         0
59   Brazil 2020-02-26      778             812        846                46                 1                  0        0         0
60   Brazil 2020-02-27      837             874        911                49                 1                  0        0         0
61   Brazil 2020-02-28      901             940        979                53                 1                  0        0         0
62   Brazil 2020-02-29      969            1011       1053                57                 2                  0        0         0
63   Brazil 2020-03-01     1043            1088       1133                61                 2                  0        0         0
64   Brazil 2020-03-02     1121            1170       1219                66                 2                  0        0         0
65   Brazil 2020-03-03     1206            1259       1312                71                 2                  0        0         0
66   Brazil 2020-03-04     1297            1354       1411                76                 3                  0        0         0
67   Brazil 2020-03-05     1396            1457       1518                82                 8                  0        0         0
68   Brazil 2020-03-06     1501            1567       1633                88                13                  0        0         0
69   Brazil 2020-03-07     1615            1686       1757                95                13                  0        0         0
70   Brazil 2020-03-08     1737            1813       1889               102                25                  0        0         0
71   Brazil 2020-03-09     1869            1951       2033               110                25                  0        0         0
72   Brazil 2020-03-10     2010            2098       2186               118                34                  0        0         0
73   Brazil 2020-03-11     2163            2257       2351               127                52                  0        0         0
74   Brazil 2020-03-12     2326            2428       2530               136                77                  0        0         0
75   Brazil 2020-03-13     2502            2611       2720               147                98                  0        0         0
76   Brazil 2020-03-14     2692            2809       2926               158               121                  0        0         0
77   Brazil 2020-03-15     2895            3021       3147               170               200                  0        0         0
78   Brazil 2020-03-16     3114            3250       3386               183               234                  1        0         0
79   Brazil 2020-03-17     3349            3495       3641               196               291                  4        0         0
80   Brazil 2020-03-18     3602            3759       3916               211               428                  6        0         0
81   Brazil 2020-03-19     3874            4043       4212               227               621                 11        0         0
82   Brazil 2020-03-20     4167            4349       4531               244               904                 18        0         0
83   Brazil 2020-03-21     4481            4677       4873               263              1128                 25        0         0
84   Brazil 2020-03-22     4820            5030       5240               283              1546                 34        0         0
85   Brazil 2020-03-23     5184            5410       5636               304              1891                 46        0         0
86   Brazil 2020-03-24     5575            5818       6061               327              2201                 57        0         0
87   Brazil 2020-03-25     5995            6257       6519               352              2433                 77        0         0
88   Brazil 2020-03-26     6448            6729       7010               378              2915                 92        0         0
89   Brazil 2020-03-27     6933            7236       7539               407              3417                114        0         0
90   Brazil 2020-03-28     7456            7781       8106               437              3904                136        0         0
91   Brazil 2020-03-29     8017            8367       8717               470              4256                159        0         0
92   Brazil 2020-03-30     8621            8997       9373               506              4579                201        0         0
93   Brazil 2020-03-31     9269            9673      10077               544              5717                241        0         0
94   Brazil 2020-04-01     9966           10401      10836               584              6836                299        0         0
95   Brazil 2020-04-02    10714           11182      11650               628              7910                359        0         0
96   Brazil 2020-04-03    11519           12022      12525               675              9056                432        0         0
97   Brazil 2020-04-04    12384           12924      13464               726             10278                486        0         0
98   Brazil 2020-04-05    13312           13893      14474               781             11130                553        0         0
99   Brazil 2020-04-06    14309           14933      15557               839             12056                667        0         0
100  Brazil 2020-04-07    15380           16051      16722               902             13717                800        0         0
101  Brazil 2020-04-08    16531           17252      17973               969             15927                941        0         0
102  Brazil 2020-04-09    17765           18540      19315              1042             17857               1056        0         0
103  Brazil 2020-04-10    19091           19924      20757              1119             19638               1124        0         0
104  Brazil 2020-04-11    20514           21409      22304              1203             20727               1223        0         0
105  Brazil 2020-04-12    22040           23002      23964              1292             22169               1328        0         0
106  Brazil 2020-04-13    23679           24712      25745              1389             23430               1532        0         0
107  Brazil 2020-04-14    25437           26547      27657              1492             25262               1736        0         0
108  Brazil 2020-04-15    27322           28514      29706              1602             28320               1924        0         0
109  Brazil 2020-04-16    29343           30624      31905              1721             30425               2141        0         0
110  Brazil 2020-04-17    31511           32886      34261              1848             33682               2347        0         0
111  Brazil 2020-04-18    33833           35310      36787              1984             36599               2462        0         0
112  Brazil 2020-04-19    36323           37908      39493              2130             38654               2575        0         0
113  Brazil 2020-04-20    38989           40690      42391              2286             40581               2741        0         0
114  Brazil 2020-04-21    41844           43670      45496              2454             43079               2906        0         0
115  Brazil 2020-04-22    44900           46859      48818              2633             45757               3313        0         0
116  Brazil 2020-04-23    48170           50272      52374              2825             49492               3670        0         0
117  Brazil 2020-04-24    51668           53923      56178              3030             52995               4016        0         0
118  Brazil 2020-04-25    55409           57827      60245              3249             58509               4205        0         0
119  Brazil 2020-04-26    59406           61999      64592              3484             61888               4543        0         0
120  Brazil 2020-04-27    63676           66455      69234              3734             66501               5017        0         0
121  Brazil 2020-04-28    68236           71214      74192              4001             71886               5466        0         0
122  Brazil 2020-04-29    73102           76292      79482              4287             78162               5901        0         0
123  Brazil 2020-04-30    78290           81707      85124              4591             85380               6329        0         0
124  Brazil 2020-05-01    83822           87480      91138              4915             91589               6750        0         0
125  Brazil 2020-05-02    89713           93628      97543              5261             96559               7025        0         0
126  Brazil 2020-05-03    95984          100173     104362              5629            101147               7321        0         0
127  Brazil 2020-05-04   102654          107134     111614              6020            107780               7921        0         0
128  Brazil 2020-05-05   109743          114532     119321              6435            114715               8536        0         0
129  Brazil 2020-05-06   117271          122389     127507              6877            125218               9146        0         0
130  Brazil 2020-05-07   125258          130724     136190              7345            135106               9897        0         0
131  Brazil 2020-05-08   133723          139559     145395              7842            145328              10627        0         0
132  Brazil 2020-05-09   142687          148914     155141              8367            155939              11123        0         0
133  Brazil 2020-05-10   152168          158809     165450              8923            162699              11519        0         0
134  Brazil 2020-05-11   162187          169265     176343              9511            168331              12400        0         0
135  Brazil 2020-05-12   172760          180299     187838             10131            177589              13149        0         0
136  Brazil 2020-05-13   183903          191929     199955             10784            188974              13993        0         0
137  Brazil 2020-05-14   195632          204170     212708             11472            202918              14817        0         0
138  Brazil 2020-05-15   207963          217039     226115             12195            218223              15633        0         0
139  Brazil 2020-05-16   220905          230545     240185             12954            233142              16118        0         0
140  Brazil 2020-05-17   234469          244701     254933             13749            241080              16792        0         0
141  Brazil 2020-05-18   248660          259512     270364             14581            254220              17971        0         0
142  Brazil 2020-05-19   263485          274984     286483             15451            271628              18859        0         0
143  Brazil 2020-05-20   278944          291117     303290             16357            291579              20047        0         0
144  Brazil 2020-05-21   295034          307909     320784             17301            310087              21048        0         0
145  Brazil 2020-05-22   311748          325353     338958             18281            330890              22013        0         0
146  Brazil 2020-05-23   329079          343440     357801             19297            347398              22666        0         0
147  Brazil 2020-05-24   347010          362154     377298             20349            363211              23473        0         0
148  Brazil 2020-05-25   365525          381477     397429             21434            374898              24512        0         0
149  Brazil 2020-05-26   384599          401383     418167             22553            391222              25598        0         0
150  Brazil 2020-05-27   404205          421845     439485             23703            411821              26754        0         0
151  Brazil 2020-05-28   424313          442830     461347             24882            438238              27878        0         0
152  Brazil 2020-05-29   444884          464299     483714             26088            465166              28834        0         0
153  Brazil 2020-05-30   465880          486211     506542             27319            498440              29314        0         0
154  Brazil 2020-05-31   487255          508519     529783             28573            514849              29937        0         0
155  Brazil 2020-06-01   508962          531173     553384             29845            526447              31278        0         0
156  Brazil 2020-06-02   530948          554119     577290             31135            556668              31278        0         0
157  Brazil 2020-06-03   553161          577301     601441             32437                NA                 NA        0         0
158  Brazil 2020-06-04   575542          600659     625776             33750                NA                 NA        0         0
159  Brazil 2020-06-05   598034          624133     650232             35069                NA                 NA        0         0
160  Brazil 2020-06-06   620578          647661     674744             36391                NA                 NA        0         0
161  Brazil 2020-06-07   643113          671179     699245             37712                NA                 NA        0         0
162  Brazil 2020-06-08   665580          694626     723672             39030                NA                 NA        0         0
163  Brazil 2020-06-09   687919          717940     747961             40340                NA                 NA        0         0

Fontes:
	OMS - https://ourworldindata.org/coronavirus-source-data
	Worldometers - https://www.worldometers.info/coronavirus