
 Italy 
Projecao:  7  dias
Gerado em:  2020-04-01 23:52:43
RMSE(%):  3.5 , BIAS(%): 0.68

Taxa de Mortalidade 11.9 %

    country       dias otimista casos_estimados pessimista estimativa_mortes casos_confirmados mortes_confirmadas latitude longitude
82    Italy 2020-03-20    44665           46303      47941              5509             47021               4827 41.87194  12.56738
83    Italy 2020-03-21    50130           51969      53808              6183             53578               5476 41.87194  12.56738
84    Italy 2020-03-22    55810           57857      59904              6883             59138               6077 41.87194  12.56738
85    Italy 2020-03-23    61616           63876      66136              7599             63927               6820 41.87194  12.56738
86    Italy 2020-03-24    67453           69927      72401              8319             69176               7505 41.87194  12.56738
87    Italy 2020-03-25    73221           75907      78593              9031             74386               8165 41.87194  12.56738
88    Italy 2020-03-26    78827           81719      84611              9722             80539               9136 41.87194  12.56738
89    Italy 2020-03-27    84189           87277      90365             10383             86498              10023 41.87194  12.56738
90    Italy 2020-03-28    89236           92509      95782             11006             92472              10781 41.87194  12.56738
91    Italy 2020-03-29    93919           97364     100809             11583             97689              11591 41.87194  12.56738
92    Italy 2020-03-30    98205          101808     105411             12112            101739              12430 41.87194  12.56738
93    Italy 2020-03-31   102080          105825     109570             12590            105792              13155 41.87194  12.56738
94    Italy 2020-04-01   105544          109416     113288             13017            110574              13155 41.87194  12.56738
95    Italy 2020-04-02   108609          112593     116577             13395                NA                 NA 41.87194  12.56738
96    Italy 2020-04-03   111297          115380     119463             13727                NA                 NA 41.87194  12.56738
97    Italy 2020-04-04   113635          117804     121973             14015                NA                 NA 41.87194  12.56738
98    Italy 2020-04-05   115657          119900     124143             14265                NA                 NA 41.87194  12.56738
99    Italy 2020-04-06   117394          121700     126006             14479                NA                 NA 41.87194  12.56738
100   Italy 2020-04-07   118879          123240     127601             14662                NA                 NA 41.87194  12.56738
101   Italy 2020-04-08   120143          124550     128957             14818                NA                 NA 41.87194  12.56738

Total de casos no mundo:  935840

Estimados a partir dos dados da OMS:
   day       date      x   xest
1    1 2019-12-30      0      0
2    2 2019-12-31      0      0
3    3 2020-01-01      0      0
4    4 2020-01-02      0      0
5    5 2020-01-03      0      0
6    6 2020-01-04      0      0
7    7 2020-01-05      0      0
8    8 2020-01-06      0      0
9    9 2020-01-07      0      0
10  10 2020-01-08      0      0
11  11 2020-01-09      0      0
12  12 2020-01-10      0      0
13  13 2020-01-11      0      0
14  14 2020-01-12      0      0
15  15 2020-01-13      0      0
16  16 2020-01-14      0      0
17  17 2020-01-15      0      0
18  18 2020-01-16      0      1
19  19 2020-01-17      0      1
20  20 2020-01-18      0      1
21  21 2020-01-19      0      1
22  22 2020-01-20      0      1
23  23 2020-01-21      0      1
24  24 2020-01-22      0      2
25  25 2020-01-23      0      2
26  26 2020-01-24      0      2
27  27 2020-01-25      0      3
28  28 2020-01-26      0      3
29  29 2020-01-27      0      4
30  30 2020-01-28      0      5
31  31 2020-01-29      0      6
32  32 2020-01-30      3      7
33  33 2020-01-31      3      9
34  34 2020-02-01      3     10
35  35 2020-02-02      3     12
36  36 2020-02-03      3     15
37  37 2020-02-04      3     18
38  38 2020-02-05      3     21
39  39 2020-02-06      3     26
40  40 2020-02-07      3     31
41  41 2020-02-08      3     37
42  42 2020-02-09      3     45
43  43 2020-02-10      3     54
44  44 2020-02-11      3     65
45  45 2020-02-12      3     78
46  46 2020-02-13      3     94
47  47 2020-02-14      3    113
48  48 2020-02-15      3    136
49  49 2020-02-16      3    163
50  50 2020-02-17      3    196
51  51 2020-02-18      3    236
52  52 2020-02-19      3    283
53  53 2020-02-20      3    340
54  54 2020-02-21     17    409
55  55 2020-02-22     79    491
56  56 2020-02-23    132    590
57  57 2020-02-24    229    709
58  58 2020-02-25    322    852
59  59 2020-02-26    400   1023
60  60 2020-02-27    650   1228
61  61 2020-02-28    888   1474
62  62 2020-02-29   1128   1768
63  63 2020-03-01   1689   2120
64  64 2020-03-02   1835   2541
65  65 2020-03-03   2502   3043
66  66 2020-03-04   3089   3642
67  67 2020-03-05   3858   4355
68  68 2020-03-06   4636   5201
69  69 2020-03-07   5883   6204
70  70 2020-03-08   7375   7389
71  71 2020-03-09   9172   8784
72  72 2020-03-10  10149  10421
73  73 2020-03-11  12462  12332
74  74 2020-03-12  15113  14552
75  75 2020-03-13  17660  17113
76  76 2020-03-14  17750  20048
77  77 2020-03-15  23980  23384
78  78 2020-03-16  27980  27139
79  79 2020-03-17  31506  31323
80  80 2020-03-18  35713  35929
81  81 2020-03-19  41035  40936
82  82 2020-03-20  47021  46303
83  83 2020-03-21  53578  51969
84  84 2020-03-22  59138  57857
85  85 2020-03-23  63927  63876
86  86 2020-03-24  69176  69927
87  87 2020-03-25  74386  75907
88  88 2020-03-26  80539  81719
89  89 2020-03-27  86498  87277
90  90 2020-03-28  92472  92509
91  91 2020-03-29  97689  97364
92  92 2020-03-30 101739 101808
93  93 2020-03-31 105792 105825
94  94 2020-04-01 110574 109416


Todos os dados gerados
    country       dias otimista casos_estimados pessimista estimativa_mortes casos_confirmados mortes_confirmadas latitude longitude
1     Italy 2019-12-30        0               0          0                 0                 0                  0 41.87194  12.56738
2     Italy 2019-12-31        0               0          0                 0                 0                  0 41.87194  12.56738
3     Italy 2020-01-01        0               0          0                 0                 0                  0 41.87194  12.56738
4     Italy 2020-01-02        0               0          0                 0                 0                  0 41.87194  12.56738
5     Italy 2020-01-03        0               0          0                 0                 0                  0 41.87194  12.56738
6     Italy 2020-01-04        0               0          0                 0                 0                  0 41.87194  12.56738
7     Italy 2020-01-05        0               0          0                 0                 0                  0 41.87194  12.56738
8     Italy 2020-01-06        0               0          0                 0                 0                  0 41.87194  12.56738
9     Italy 2020-01-07        0               0          0                 0                 0                  0 41.87194  12.56738
10    Italy 2020-01-08        0               0          0                 0                 0                  0 41.87194  12.56738
11    Italy 2020-01-09        0               0          0                 0                 0                  0 41.87194  12.56738
12    Italy 2020-01-10        0               0          0                 0                 0                  0 41.87194  12.56738
13    Italy 2020-01-11        0               0          0                 0                 0                  0 41.87194  12.56738
14    Italy 2020-01-12        0               0          0                 0                 0                  0 41.87194  12.56738
15    Italy 2020-01-13        0               0          0                 0                 0                  0 41.87194  12.56738
16    Italy 2020-01-14        0               0          0                 0                 0                  0 41.87194  12.56738
17    Italy 2020-01-15        0               0          0                 0                 0                  0 41.87194  12.56738
18    Italy 2020-01-16        1               1          1                 0                 0                  0 41.87194  12.56738
19    Italy 2020-01-17        1               1          1                 0                 0                  0 41.87194  12.56738
20    Italy 2020-01-18        1               1          1                 0                 0                  0 41.87194  12.56738
21    Italy 2020-01-19        1               1          1                 0                 0                  0 41.87194  12.56738
22    Italy 2020-01-20        1               1          1                 0                 0                  0 41.87194  12.56738
23    Italy 2020-01-21        1               1          1                 0                 0                  0 41.87194  12.56738
24    Italy 2020-01-22        2               2          2                 0                 0                  0 41.87194  12.56738
25    Italy 2020-01-23        2               2          2                 0                 0                  0 41.87194  12.56738
26    Italy 2020-01-24        2               2          2                 0                 0                  0 41.87194  12.56738
27    Italy 2020-01-25        3               3          3                 0                 0                  0 41.87194  12.56738
28    Italy 2020-01-26        3               3          3                 0                 0                  0 41.87194  12.56738
29    Italy 2020-01-27        4               4          4                 0                 0                  0 41.87194  12.56738
30    Italy 2020-01-28        5               5          5                 1                 0                  0 41.87194  12.56738
31    Italy 2020-01-29        6               6          6                 1                 0                  0 41.87194  12.56738
32    Italy 2020-01-30        7               7          7                 1                 3                  0 41.87194  12.56738
33    Italy 2020-01-31        9               9          9                 1                 3                  0 41.87194  12.56738
34    Italy 2020-02-01       10              10         10                 1                 3                  0 41.87194  12.56738
35    Italy 2020-02-02       12              12         12                 1                 3                  0 41.87194  12.56738
36    Italy 2020-02-03       14              15         16                 2                 3                  0 41.87194  12.56738
37    Italy 2020-02-04       17              18         19                 2                 3                  0 41.87194  12.56738
38    Italy 2020-02-05       20              21         22                 2                 3                  0 41.87194  12.56738
39    Italy 2020-02-06       25              26         27                 3                 3                  0 41.87194  12.56738
40    Italy 2020-02-07       30              31         32                 4                 3                  0 41.87194  12.56738
41    Italy 2020-02-08       36              37         38                 4                 3                  0 41.87194  12.56738
42    Italy 2020-02-09       43              45         47                 5                 3                  0 41.87194  12.56738
43    Italy 2020-02-10       52              54         56                 6                 3                  0 41.87194  12.56738
44    Italy 2020-02-11       63              65         67                 8                 3                  0 41.87194  12.56738
45    Italy 2020-02-12       75              78         81                 9                 3                  0 41.87194  12.56738
46    Italy 2020-02-13       91              94         97                11                 3                  0 41.87194  12.56738
47    Italy 2020-02-14      109             113        117                13                 3                  0 41.87194  12.56738
48    Italy 2020-02-15      131             136        141                16                 3                  0 41.87194  12.56738
49    Italy 2020-02-16      157             163        169                19                 3                  0 41.87194  12.56738
50    Italy 2020-02-17      189             196        203                23                 3                  0 41.87194  12.56738
51    Italy 2020-02-18      228             236        244                28                 3                  0 41.87194  12.56738
52    Italy 2020-02-19      273             283        293                34                 3                  0 41.87194  12.56738
53    Italy 2020-02-20      328             340        352                40                 3                  0 41.87194  12.56738
54    Italy 2020-02-21      395             409        423                49                17                  2 41.87194  12.56738
55    Italy 2020-02-22      474             491        508                58                79                  2 41.87194  12.56738
56    Italy 2020-02-23      569             590        611                70               132                  6 41.87194  12.56738
57    Italy 2020-02-24      684             709        734                84               229                 11 41.87194  12.56738
58    Italy 2020-02-25      822             852        882               101               322                 12 41.87194  12.56738
59    Italy 2020-02-26      987            1023       1059               122               400                 17 41.87194  12.56738
60    Italy 2020-02-27     1185            1228       1271               146               650                 21 41.87194  12.56738
61    Italy 2020-02-28     1422            1474       1526               175               888                 29 41.87194  12.56738
62    Italy 2020-02-29     1705            1768       1831               210              1128                 35 41.87194  12.56738
63    Italy 2020-03-01     2045            2120       2195               252              1689                 52 41.87194  12.56738
64    Italy 2020-03-02     2451            2541       2631               302              1835                 80 41.87194  12.56738
65    Italy 2020-03-03     2935            3043       3151               362              2502                107 41.87194  12.56738
66    Italy 2020-03-04     3513            3642       3771               433              3089                148 41.87194  12.56738
67    Italy 2020-03-05     4201            4355       4509               518              3858                197 41.87194  12.56738
68    Italy 2020-03-06     5017            5201       5385               619              4636                233 41.87194  12.56738
69    Italy 2020-03-07     5984            6204       6424               738              5883                366 41.87194  12.56738
70    Italy 2020-03-08     7128            7389       7650               879              7375                464 41.87194  12.56738
71    Italy 2020-03-09     8473            8784       9095              1045              9172                631 41.87194  12.56738
72    Italy 2020-03-10    10052           10421      10790              1240             10149                827 41.87194  12.56738
73    Italy 2020-03-11    11896           12332      12768              1467             12462               1016 41.87194  12.56738
74    Italy 2020-03-12    14037           14552      15067              1731             15113               1268 41.87194  12.56738
75    Italy 2020-03-13    16507           17113      17719              2036             17660               1441 41.87194  12.56738
76    Italy 2020-03-14    19339           20048      20757              2385             17750               1811 41.87194  12.56738
77    Italy 2020-03-15    22557           23384      24211              2782             23980               2158 41.87194  12.56738
78    Italy 2020-03-16    26179           27139      28099              3229             27980               2505 41.87194  12.56738
79    Italy 2020-03-17    30215           31323      32431              3727             31506               2978 41.87194  12.56738
80    Italy 2020-03-18    34658           35929      37200              4274             35713               3407 41.87194  12.56738
81    Italy 2020-03-19    39487           40936      42385              4870             41035               4032 41.87194  12.56738
82    Italy 2020-03-20    44665           46303      47941              5509             47021               4827 41.87194  12.56738
83    Italy 2020-03-21    50130           51969      53808              6183             53578               5476 41.87194  12.56738
84    Italy 2020-03-22    55810           57857      59904              6883             59138               6077 41.87194  12.56738
85    Italy 2020-03-23    61616           63876      66136              7599             63927               6820 41.87194  12.56738
86    Italy 2020-03-24    67453           69927      72401              8319             69176               7505 41.87194  12.56738
87    Italy 2020-03-25    73221           75907      78593              9031             74386               8165 41.87194  12.56738
88    Italy 2020-03-26    78827           81719      84611              9722             80539               9136 41.87194  12.56738
89    Italy 2020-03-27    84189           87277      90365             10383             86498              10023 41.87194  12.56738
90    Italy 2020-03-28    89236           92509      95782             11006             92472              10781 41.87194  12.56738
91    Italy 2020-03-29    93919           97364     100809             11583             97689              11591 41.87194  12.56738
92    Italy 2020-03-30    98205          101808     105411             12112            101739              12430 41.87194  12.56738
93    Italy 2020-03-31   102080          105825     109570             12590            105792              13155 41.87194  12.56738
94    Italy 2020-04-01   105544          109416     113288             13017            110574              13155 41.87194  12.56738
95    Italy 2020-04-02   108609          112593     116577             13395                NA                 NA 41.87194  12.56738
96    Italy 2020-04-03   111297          115380     119463             13727                NA                 NA 41.87194  12.56738
97    Italy 2020-04-04   113635          117804     121973             14015                NA                 NA 41.87194  12.56738
98    Italy 2020-04-05   115657          119900     124143             14265                NA                 NA 41.87194  12.56738
99    Italy 2020-04-06   117394          121700     126006             14479                NA                 NA 41.87194  12.56738
100   Italy 2020-04-07   118879          123240     127601             14662                NA                 NA 41.87194  12.56738
 [ reached 'max' / getOption("max.print") -- omitted 1 rows ]

Fontes:
	OMS - https://ourworldindata.org/coronavirus-source-data
	Worldometers - https://www.worldometers.info/coronavirus