
 Italy 
Projecao:  7  dias
Gerado em:  2020-05-22 14:27:41
RMSE(%):  6.4 , BIAS(%): 1.44

Taxa de Mortalidade 14.26 %

    country       dias otimista casos_estimados pessimista estimativa_mortes casos_confirmados mortes_confirmadas latitude longitude
133   Italy 2020-05-10   203139          217136     231133             30972            219070              30739 41.87194  12.56738
134   Italy 2020-05-11   203611          217641     231671             31045            219814              30911 41.87194  12.56738
135   Italy 2020-05-12   204042          218101     232160             31110            221216              31106 41.87194  12.56738
136   Italy 2020-05-13   204434          218520     232606             31170            222104              31368 41.87194  12.56738
137   Italy 2020-05-14   204790          218901     233012             31224            223096              31610 41.87194  12.56738
138   Italy 2020-05-15   205114          219247     233380             31274            223885              31763 41.87194  12.56738
139   Italy 2020-05-16   205409          219563     233717             31319            224760              31908 41.87194  12.56738
140   Italy 2020-05-17   205677          219849     234021             31359            225435              32007 41.87194  12.56738
141   Italy 2020-05-18   205920          220109     234298             31397            225886              32169 41.87194  12.56738
142   Italy 2020-05-19   206142          220346     234550             31430            226699              32330 41.87194  12.56738
143   Italy 2020-05-20   206343          220561     234779             31461            227364              32486 41.87194  12.56738
144   Italy 2020-05-21   206526          220756     234986             31489            228006              32616 41.87194  12.56738
145   Italy 2020-05-22   206691          220933     235175             31514            228658              32616 41.87194  12.56738
146   Italy 2020-05-23   206842          221094     235346             31537                NA                 NA 41.87194  12.56738
147   Italy 2020-05-24   206979          221241     235503             31558                NA                 NA 41.87194  12.56738
148   Italy 2020-05-25   207103          221373     235643             31577                NA                 NA 41.87194  12.56738
149   Italy 2020-05-26   207216          221494     235772             31594                NA                 NA 41.87194  12.56738
150   Italy 2020-05-27   207318          221603     235888             31610                NA                 NA 41.87194  12.56738
151   Italy 2020-05-28   207411          221702     235993             31624                NA                 NA 41.87194  12.56738
152   Italy 2020-05-29   207495          221792     236089             31637                NA                 NA 41.87194  12.56738

Total de casos no mundo:  5255179 1808979 1865372 557540 910117 103747 8703 721 5255179

Estimados a partir dos dados da OMS:
    day       date      x   xest
1     1 2019-12-30      0     21
2     2 2019-12-31      0     23
3     3 2020-01-01      0     25
4     4 2020-01-02      0     28
5     5 2020-01-03      0     31
6     6 2020-01-04      0     34
7     7 2020-01-05      0     38
8     8 2020-01-06      0     42
9     9 2020-01-07      0     46
10   10 2020-01-08      0     51
11   11 2020-01-09      0     56
12   12 2020-01-10      0     61
13   13 2020-01-11      0     68
14   14 2020-01-12      0     75
15   15 2020-01-13      0     82
16   16 2020-01-14      0     91
17   17 2020-01-15      0    100
18   18 2020-01-16      0    111
19   19 2020-01-17      0    122
20   20 2020-01-18      0    135
21   21 2020-01-19      0    149
22   22 2020-01-20      0    164
23   23 2020-01-21      0    181
24   24 2020-01-22      0    199
25   25 2020-01-23      0    220
26   26 2020-01-24      0    242
27   27 2020-01-25      0    267
28   28 2020-01-26      0    295
29   29 2020-01-27      0    325
30   30 2020-01-28      0    359
31   31 2020-01-29      0    395
32   32 2020-01-30      3    436
33   33 2020-01-31      3    481
34   34 2020-02-01      3    530
35   35 2020-02-02      3    585
36   36 2020-02-03      3    645
37   37 2020-02-04      3    711
38   38 2020-02-05      3    784
39   39 2020-02-06      3    865
40   40 2020-02-07      3    953
41   41 2020-02-08      3   1051
42   42 2020-02-09      3   1159
43   43 2020-02-10      3   1278
44   44 2020-02-11      3   1408
45   45 2020-02-12      3   1552
46   46 2020-02-13      3   1711
47   47 2020-02-14      3   1886
48   48 2020-02-15      3   2078
49   49 2020-02-16      3   2290
50   50 2020-02-17      3   2524
51   51 2020-02-18      3   2780
52   52 2020-02-19      3   3063
53   53 2020-02-20      3   3373
54   54 2020-02-21     17   3715
55   55 2020-02-22     79   4091
56   56 2020-02-23    132   4504
57   57 2020-02-24    229   4958
58   58 2020-02-25    322   5456
59   59 2020-02-26    400   6003
60   60 2020-02-27    650   6603
61   61 2020-02-28    888   7261
62   62 2020-02-29   1128   7982
63   63 2020-03-01   1689   8772
64   64 2020-03-02   2036   9636
65   65 2020-03-03   2502  10582
66   66 2020-03-04   3089  11615
67   67 2020-03-05   3858  12743
68   68 2020-03-06   4636  13974
69   69 2020-03-07   5883  15314
70   70 2020-03-08   7375  16773
71   71 2020-03-09   9172  18359
72   72 2020-03-10  10149  20080
73   73 2020-03-11  12462  21944
74   74 2020-03-12  15113  23962
75   75 2020-03-13  17660  26141
76   76 2020-03-14  21157  28489
77   77 2020-03-15  23980  31015
78   78 2020-03-16  27980  33727
79   79 2020-03-17  31506  36630
80   80 2020-03-18  35713  39730
81   81 2020-03-19  41035  43032
82   82 2020-03-20  47021  46538
83   83 2020-03-21  53578  50251
84   84 2020-03-22  59138  54168
85   85 2020-03-23  63927  58288
86   86 2020-03-24  69176  62605
87   87 2020-03-25  74386  67110
88   88 2020-03-26  80539  71795
89   89 2020-03-27  86498  76646
90   90 2020-03-28  92472  81646
91   91 2020-03-29  97689  86780
92   92 2020-03-30 101739  92025
93   93 2020-03-31 105792  97360
94   94 2020-04-01 110574 102761
95   95 2020-04-02 115242 108204
96   96 2020-04-03 119827 113661
97   97 2020-04-04 124632 119107
98   98 2020-04-05 128948 124516
99   99 2020-04-06 132547 129862
100 100 2020-04-07 135586 135122
101 101 2020-04-08 139422 140273
102 102 2020-04-09 143626 145295
103 103 2020-04-10 147577 150169
104 104 2020-04-11 152271 154878
105 105 2020-04-12 156363 159411
106 106 2020-04-13 159516 163756
107 107 2020-04-14 162488 167906
108 108 2020-04-15 165155 171853
109 109 2020-04-16 168941 175596
110 110 2020-04-17 172434 179133
111 111 2020-04-18 175925 182465
112 112 2020-04-19 178972 185595
113 113 2020-04-20 181228 188527
114 114 2020-04-21 183957 191266
115 115 2020-04-22 187327 193819
116 116 2020-04-23 189973 196193
117 117 2020-04-24 192994 198396
118 118 2020-04-25 195351 200437
119 119 2020-04-26 197675 202324
120 120 2020-04-27 199414 204065
121 121 2020-04-28 201505 205670
122 122 2020-04-29 203591 207147
123 123 2020-04-30 205463 208505
124 124 2020-05-01 207428 209751
125 125 2020-05-02 209328 210894
126 126 2020-05-03 210717 211941
127 127 2020-05-04 211938 212899
128 128 2020-05-05 213013 213775
129 129 2020-05-06 214457 214575
130 130 2020-05-07 215858 215306
131 131 2020-05-08 217185 215973
132 132 2020-05-09 218268 216582
133 133 2020-05-10 219070 217136
134 134 2020-05-11 219814 217641
135 135 2020-05-12 221216 218101
136 136 2020-05-13 222104 218520
137 137 2020-05-14 223096 218901
138 138 2020-05-15 223885 219247
139 139 2020-05-16 224760 219563
140 140 2020-05-17 225435 219849
141 141 2020-05-18 225886 220109
142 142 2020-05-19 226699 220346
143 143 2020-05-20 227364 220561
144 144 2020-05-21 228006 220756
145 145 2020-05-22 228658 220933

Intervalo de Confianca
              2.5%        97.5%
Asym 220103.999614 225313.17163
xmid     95.066079     96.09182
scal      9.820592     10.58740


Formula: x ~ SSlogis(day, Asym, xmid, scal)

Parameters:
        Estimate  Std. Error t value            Pr(>|t|)    
Asym 222669.2661   1269.1984  175.44 <0.0000000000000002 ***
xmid     95.5738      0.2441  391.56 <0.0000000000000002 ***
scal     10.1986      0.1968   51.83 <0.0000000000000002 ***
---
Signif. codes:  0 ‘***’ 0.001 ‘**’ 0.01 ‘*’ 0.05 ‘.’ 0.1 ‘ ’ 1

Residual standard error: 4931 on 142 degrees of freedom

Number of iterations to convergence: 9 
Achieved convergence tolerance: 0.0000000149


Italy: o primeiro caso foi registrado em 30/01/2020 na data 22/05/2020 temos 113 dias desde o primeiro caso. A data de pico prevista pelo modelo logístico foi 05/05/2020 (dia 96 desde os primeiros casos relatados).
Em 05/05/2020 o modelo estimou 222669+/-1269 casos.

Todos os dados gerados
    country       dias otimista casos_estimados pessimista estimativa_mortes casos_confirmados mortes_confirmadas latitude longitude
1     Italy 2019-12-30       20              21         22                 3                 0                  0 41.87194  12.56738
2     Italy 2019-12-31       22              23         24                 3                 0                  0 41.87194  12.56738
3     Italy 2020-01-01       23              25         27                 4                 0                  0 41.87194  12.56738
4     Italy 2020-01-02       26              28         30                 4                 0                  0 41.87194  12.56738
5     Italy 2020-01-03       29              31         33                 4                 0                  0 41.87194  12.56738
6     Italy 2020-01-04       32              34         36                 5                 0                  0 41.87194  12.56738
7     Italy 2020-01-05       36              38         40                 5                 0                  0 41.87194  12.56738
8     Italy 2020-01-06       39              42         45                 6                 0                  0 41.87194  12.56738
9     Italy 2020-01-07       43              46         49                 7                 0                  0 41.87194  12.56738
10    Italy 2020-01-08       48              51         54                 7                 0                  0 41.87194  12.56738
11    Italy 2020-01-09       52              56         60                 8                 0                  0 41.87194  12.56738
12    Italy 2020-01-10       57              61         65                 9                 0                  0 41.87194  12.56738
13    Italy 2020-01-11       64              68         72                10                 0                  0 41.87194  12.56738
14    Italy 2020-01-12       70              75         80                11                 0                  0 41.87194  12.56738
15    Italy 2020-01-13       77              82         87                12                 0                  0 41.87194  12.56738
16    Italy 2020-01-14       85              91         97                13                 0                  0 41.87194  12.56738
17    Italy 2020-01-15       94             100        106                14                 0                  0 41.87194  12.56738
18    Italy 2020-01-16      104             111        118                16                 0                  0 41.87194  12.56738
19    Italy 2020-01-17      114             122        130                17                 0                  0 41.87194  12.56738
20    Italy 2020-01-18      126             135        144                19                 0                  0 41.87194  12.56738
21    Italy 2020-01-19      139             149        159                21                 0                  0 41.87194  12.56738
22    Italy 2020-01-20      153             164        175                23                 0                  0 41.87194  12.56738
23    Italy 2020-01-21      169             181        193                26                 0                  0 41.87194  12.56738
24    Italy 2020-01-22      186             199        212                28                 0                  0 41.87194  12.56738
25    Italy 2020-01-23      206             220        234                31                 0                  0 41.87194  12.56738
26    Italy 2020-01-24      226             242        258                35                 0                  0 41.87194  12.56738
27    Italy 2020-01-25      250             267        284                38                 0                  0 41.87194  12.56738
28    Italy 2020-01-26      276             295        314                42                 0                  0 41.87194  12.56738
29    Italy 2020-01-27      304             325        346                46                 0                  0 41.87194  12.56738
30    Italy 2020-01-28      336             359        382                51                 0                  0 41.87194  12.56738
31    Italy 2020-01-29      370             395        420                56                 0                  0 41.87194  12.56738
32    Italy 2020-01-30      408             436        464                62                 3                  0 41.87194  12.56738
33    Italy 2020-01-31      450             481        512                69                 3                  0 41.87194  12.56738
34    Italy 2020-02-01      496             530        564                76                 3                  0 41.87194  12.56738
35    Italy 2020-02-02      547             585        623                83                 3                  0 41.87194  12.56738
36    Italy 2020-02-03      603             645        687                92                 3                  0 41.87194  12.56738
37    Italy 2020-02-04      665             711        757               101                 3                  0 41.87194  12.56738
38    Italy 2020-02-05      733             784        835               112                 3                  0 41.87194  12.56738
39    Italy 2020-02-06      809             865        921               123                 3                  0 41.87194  12.56738
40    Italy 2020-02-07      892             953       1014               136                 3                  0 41.87194  12.56738
41    Italy 2020-02-08      983            1051       1119               150                 3                  0 41.87194  12.56738
42    Italy 2020-02-09     1084            1159       1234               165                 3                  0 41.87194  12.56738
43    Italy 2020-02-10     1196            1278       1360               182                 3                  0 41.87194  12.56738
44    Italy 2020-02-11     1317            1408       1499               201                 3                  0 41.87194  12.56738
45    Italy 2020-02-12     1452            1552       1652               221                 3                  0 41.87194  12.56738
46    Italy 2020-02-13     1601            1711       1821               244                 3                  0 41.87194  12.56738
47    Italy 2020-02-14     1764            1886       2008               269                 3                  0 41.87194  12.56738
48    Italy 2020-02-15     1944            2078       2212               296                 3                  0 41.87194  12.56738
49    Italy 2020-02-16     2142            2290       2438               327                 3                  0 41.87194  12.56738
50    Italy 2020-02-17     2361            2524       2687               360                 3                  0 41.87194  12.56738
51    Italy 2020-02-18     2601            2780       2959               397                 3                  0 41.87194  12.56738
52    Italy 2020-02-19     2866            3063       3260               437                 3                  0 41.87194  12.56738
53    Italy 2020-02-20     3156            3373       3590               481                 3                  0 41.87194  12.56738
54    Italy 2020-02-21     3476            3715       3954               530                17                  2 41.87194  12.56738
55    Italy 2020-02-22     3827            4091       4355               584                79                  2 41.87194  12.56738
56    Italy 2020-02-23     4214            4504       4794               642               132                  6 41.87194  12.56738
57    Italy 2020-02-24     4638            4958       5278               707               229                 11 41.87194  12.56738
58    Italy 2020-02-25     5104            5456       5808               778               322                 12 41.87194  12.56738
59    Italy 2020-02-26     5616            6003       6390               856               400                 17 41.87194  12.56738
60    Italy 2020-02-27     6177            6603       7029               942               650                 21 41.87194  12.56738
61    Italy 2020-02-28     6793            7261       7729              1036               888                 29 41.87194  12.56738
62    Italy 2020-02-29     7467            7982       8497              1139              1128                 35 41.87194  12.56738
63    Italy 2020-03-01     8207            8772       9337              1251              1689                 52 41.87194  12.56738
64    Italy 2020-03-02     9015            9636      10257              1374              2036                 80 41.87194  12.56738
65    Italy 2020-03-03     9900           10582      11264              1509              2502                107 41.87194  12.56738
66    Italy 2020-03-04    10866           11615      12364              1657              3089                148 41.87194  12.56738
67    Italy 2020-03-05    11922           12743      13564              1818              3858                197 41.87194  12.56738
68    Italy 2020-03-06    13073           13974      14875              1993              4636                233 41.87194  12.56738
69    Italy 2020-03-07    14327           15314      16301              2184              5883                366 41.87194  12.56738
70    Italy 2020-03-08    15692           16773      17854              2393              7375                464 41.87194  12.56738
71    Italy 2020-03-09    17176           18359      19542              2619              9172                631 41.87194  12.56738
72    Italy 2020-03-10    18786           20080      21374              2864             10149                827 41.87194  12.56738
73    Italy 2020-03-11    20529           21944      23359              3130             12462               1016 41.87194  12.56738
74    Italy 2020-03-12    22417           23962      25507              3418             15113               1268 41.87194  12.56738
75    Italy 2020-03-13    24456           26141      27826              3729             17660               1441 41.87194  12.56738
76    Italy 2020-03-14    26653           28489      30325              4064             21157               1811 41.87194  12.56738
77    Italy 2020-03-15    29016           31015      33014              4424             23980               2158 41.87194  12.56738
78    Italy 2020-03-16    31553           33727      35901              4811             27980               2505 41.87194  12.56738
79    Italy 2020-03-17    34269           36630      38991              5225             31506               2978 41.87194  12.56738
80    Italy 2020-03-18    37169           39730      42291              5667             35713               3407 41.87194  12.56738
81    Italy 2020-03-19    40258           43032      45806              6138             41035               4032 41.87194  12.56738
82    Italy 2020-03-20    43538           46538      49538              6638             47021               4827 41.87194  12.56738
83    Italy 2020-03-21    47012           50251      53490              7168             53578               5476 41.87194  12.56738
84    Italy 2020-03-22    50676           54168      57660              7727             59138               6077 41.87194  12.56738
85    Italy 2020-03-23    54531           58288      62045              8314             63927               6820 41.87194  12.56738
86    Italy 2020-03-24    58569           62605      66641              8930             69176               7505 41.87194  12.56738
87    Italy 2020-03-25    62784           67110      71436              9573             74386               8165 41.87194  12.56738
88    Italy 2020-03-26    67167           71795      76423             10241             80539               9136 41.87194  12.56738
89    Italy 2020-03-27    71705           76646      81587             10933             86498              10023 41.87194  12.56738
90    Italy 2020-03-28    76383           81646      86909             11646             92472              10781 41.87194  12.56738
91    Italy 2020-03-29    81186           86780      92374             12378             97689              11591 41.87194  12.56738
92    Italy 2020-03-30    86093           92025      97957             13127            101739              12430 41.87194  12.56738
93    Italy 2020-03-31    91084           97360     103636             13888            105792              13157 41.87194  12.56738
94    Italy 2020-04-01    96137          102761     109385             14658            110574              13917 41.87194  12.56738
95    Italy 2020-04-02   101229          108204     115179             15434            115242              14681 41.87194  12.56738
96    Italy 2020-04-03   106334          113661     120988             16213            119827              15362 41.87194  12.56738
97    Italy 2020-04-04   111429          119107     126785             16990            124632              15889 41.87194  12.56738
98    Italy 2020-04-05   116489          124516     132543             17761            128948              16525 41.87194  12.56738
99    Italy 2020-04-06   121491          129862     138233             18524            132547              17129 41.87194  12.56738
100   Italy 2020-04-07   126412          135122     143832             19274            135586              17669 41.87194  12.56738
101   Italy 2020-04-08   131231          140273     149315             20009            139422              18281 41.87194  12.56738
102   Italy 2020-04-09   135929          145295     154661             20725            143626              18851 41.87194  12.56738
103   Italy 2020-04-10   140489          150169     159849             21420            147577              19470 41.87194  12.56738
104   Italy 2020-04-11   144894          154878     164862             22092            152271              19901 41.87194  12.56738
105   Italy 2020-04-12   149135          159411     169687             22739            156363              20465 41.87194  12.56738
106   Italy 2020-04-13   153200          163756     174312             23358            159516              21069 41.87194  12.56738
107   Italy 2020-04-14   157082          167906     178730             23950            162488              21647 41.87194  12.56738
108   Italy 2020-04-15   160775          171853     182931             24513            165155              22172 41.87194  12.56738
109   Italy 2020-04-16   164277          175596     186915             25047            168941              22747 41.87194  12.56738
110   Italy 2020-04-17   167586          179133     190680             25552            172434              23227 41.87194  12.56738
111   Italy 2020-04-18   170703          182465     194227             26027            175925              23660 41.87194  12.56738
112   Italy 2020-04-19   173631          185595     197559             26473            178972              24114 41.87194  12.56738
113   Italy 2020-04-20   176374          188527     200680             26892            181228              24648 41.87194  12.56738
114   Italy 2020-04-21   178937          191266     203595             27282            183957              25085 41.87194  12.56738
115   Italy 2020-04-22   181325          193819     206313             27647            187327              25549 41.87194  12.56738
116   Italy 2020-04-23   183546          196193     208840             27985            189973              25969 41.87194  12.56738
117   Italy 2020-04-24   185607          198396     211185             28299            192994              26384 41.87194  12.56738
118   Italy 2020-04-25   187516          200437     213358             28591            195351              26644 41.87194  12.56738
119   Italy 2020-04-26   189282          202324     215366             28860            197675              26977 41.87194  12.56738
120   Italy 2020-04-27   190910          204065     217220             29108            199414              27359 41.87194  12.56738
121   Italy 2020-04-28   192412          205670     218928             29337            201505              27682 41.87194  12.56738
122   Italy 2020-04-29   193794          207147     220500             29548            203591              27967 41.87194  12.56738
123   Italy 2020-04-30   195064          208505     221946             29741            205463              28236 41.87194  12.56738
124   Italy 2020-05-01   196230          209751     223272             29919            207428              28710 41.87194  12.56738
125   Italy 2020-05-02   197299          210894     224489             30082            209328              28884 41.87194  12.56738
126   Italy 2020-05-03   198279          211941     225603             30231            210717              29079 41.87194  12.56738
127   Italy 2020-05-04   199175          212899     226623             30368            211938              29315 41.87194  12.56738
128   Italy 2020-05-05   199995          213775     227555             30493            213013              29684 41.87194  12.56738
129   Italy 2020-05-06   200743          214575     228407             30607            214457              29958 41.87194  12.56738
130   Italy 2020-05-07   201427          215306     229185             30711            215858              30201 41.87194  12.56738
131   Italy 2020-05-08   202051          215973     229895             30807            217185              30395 41.87194  12.56738
132   Italy 2020-05-09   202621          216582     230543             30893            218268              30560 41.87194  12.56738
133   Italy 2020-05-10   203139          217136     231133             30972            219070              30739 41.87194  12.56738
134   Italy 2020-05-11   203611          217641     231671             31045            219814              30911 41.87194  12.56738
135   Italy 2020-05-12   204042          218101     232160             31110            221216              31106 41.87194  12.56738
136   Italy 2020-05-13   204434          218520     232606             31170            222104              31368 41.87194  12.56738
137   Italy 2020-05-14   204790          218901     233012             31224            223096              31610 41.87194  12.56738
138   Italy 2020-05-15   205114          219247     233380             31274            223885              31763 41.87194  12.56738
139   Italy 2020-05-16   205409          219563     233717             31319            224760              31908 41.87194  12.56738
140   Italy 2020-05-17   205677          219849     234021             31359            225435              32007 41.87194  12.56738
141   Italy 2020-05-18   205920          220109     234298             31397            225886              32169 41.87194  12.56738
142   Italy 2020-05-19   206142          220346     234550             31430            226699              32330 41.87194  12.56738
143   Italy 2020-05-20   206343          220561     234779             31461            227364              32486 41.87194  12.56738
144   Italy 2020-05-21   206526          220756     234986             31489            228006              32616 41.87194  12.56738
145   Italy 2020-05-22   206691          220933     235175             31514            228658              32616 41.87194  12.56738
146   Italy 2020-05-23   206842          221094     235346             31537                NA                 NA 41.87194  12.56738
147   Italy 2020-05-24   206979          221241     235503             31558                NA                 NA 41.87194  12.56738
148   Italy 2020-05-25   207103          221373     235643             31577                NA                 NA 41.87194  12.56738
149   Italy 2020-05-26   207216          221494     235772             31594                NA                 NA 41.87194  12.56738
150   Italy 2020-05-27   207318          221603     235888             31610                NA                 NA 41.87194  12.56738
151   Italy 2020-05-28   207411          221702     235993             31624                NA                 NA 41.87194  12.56738
152   Italy 2020-05-29   207495          221792     236089             31637                NA                 NA 41.87194  12.56738

Fontes:
	OMS - https://ourworldindata.org/coronavirus-source-data
	Worldometers - https://www.worldometers.info/coronavirus