
 Italy 
Projecao:  10  dias
Gerado em:  2020-06-25 18:42:16
RMSE(%):  5.1 , BIAS(%): 1.08

Taxa de Mortalidade 14.47 %

    country       dias otimista casos_estimados pessimista estimativa_mortes casos_confirmados mortes_confirmadas latitude longitude
170   Italy 2020-06-16   220344          232217     244090             33595            237500              34448 41.87194  12.56738
171   Italy 2020-06-17   220371          232246     244121             33599            237828              34514 41.87194  12.56738
172   Italy 2020-06-18   220397          232273     244149             33603            238159              34561 41.87194  12.56738
173   Italy 2020-06-19   220419          232297     244175             33606            238011              34610 41.87194  12.56738
174   Italy 2020-06-20   220440          232319     244198             33609            238275              34634 41.87194  12.56738
175   Italy 2020-06-21   220459          232339     244219             33612            238499              34657 41.87194  12.56738
176   Italy 2020-06-22   220477          232358     244239             33615            238720              34675 41.87194  12.56738
177   Italy 2020-06-23   220493          232375     244257             33617            238833              34644 41.87194  12.56738
178   Italy 2020-06-24   220509          232391     244273             33620            239410              34678 41.87194  12.56738
179   Italy 2020-06-25   220522          232405     244288             33622            239706              34678 41.87194  12.56738
180   Italy 2020-06-26   220534          232418     244302             33624                NA                 NA 41.87194  12.56738
181   Italy 2020-06-27   220546          232430     244314             33625                NA                 NA 41.87194  12.56738
182   Italy 2020-06-28   220555          232440     244325             33627                NA                 NA 41.87194  12.56738
183   Italy 2020-06-29   220565          232450     244335             33628                NA                 NA 41.87194  12.56738
184   Italy 2020-06-30   220573          232459     244345             33630                NA                 NA 41.87194  12.56738
185   Italy 2020-07-01   220582          232468     244354             33631                NA                 NA 41.87194  12.56738
186   Italy 2020-07-02   220588          232475     244362             33632                NA                 NA 41.87194  12.56738
187   Italy 2020-07-03   220595          232482     244369             33633                NA                 NA 41.87194  12.56738
188   Italy 2020-07-04   220602          232489     244376             33634                NA                 NA 41.87194  12.56738
189   Italy 2020-07-05   220606          232494     244382             33635                NA                 NA 41.87194  12.56738

Total de casos no mundo:  9679366 2901945 1973836 2371969 2072452 349257 9186 721 9679366

Estimados a partir dos dados da OMS:
    day       date      x   xest
1     1 2019-12-30      0     43
2     2 2019-12-31      0     47
3     3 2020-01-01      0     51
4     4 2020-01-02      0     56
5     5 2020-01-03      0     61
6     6 2020-01-04      0     67
7     7 2020-01-05      0     74
8     8 2020-01-06      0     80
9     9 2020-01-07      0     88
10   10 2020-01-08      0     96
11   11 2020-01-09      0    105
12   12 2020-01-10      0    115
13   13 2020-01-11      0    126
14   14 2020-01-12      0    138
15   15 2020-01-13      0    150
16   16 2020-01-14      0    164
17   17 2020-01-15      0    180
18   18 2020-01-16      0    197
19   19 2020-01-17      0    215
20   20 2020-01-18      0    235
21   21 2020-01-19      0    257
22   22 2020-01-20      0    281
23   23 2020-01-21      0    308
24   24 2020-01-22      0    336
25   25 2020-01-23      0    368
26   26 2020-01-24      0    402
27   27 2020-01-25      0    440
28   28 2020-01-26      0    481
29   29 2020-01-27      0    526
30   30 2020-01-28      0    575
31   31 2020-01-29      0    628
32   32 2020-01-30      3    687
33   33 2020-01-31      3    751
34   34 2020-02-01      3    821
35   35 2020-02-02      3    898
36   36 2020-02-03      3    982
37   37 2020-02-04      3   1073
38   38 2020-02-05      3   1173
39   39 2020-02-06      3   1282
40   40 2020-02-07      3   1401
41   41 2020-02-08      3   1532
42   42 2020-02-09      3   1674
43   43 2020-02-10      3   1830
44   44 2020-02-11      3   2000
45   45 2020-02-12      3   2185
46   46 2020-02-13      3   2387
47   47 2020-02-14      3   2608
48   48 2020-02-15      3   2850
49   49 2020-02-16      3   3113
50   50 2020-02-17      3   3400
51   51 2020-02-18      3   3713
52   52 2020-02-19      3   4055
53   53 2020-02-20      3   4427
54   54 2020-02-21     17   4833
55   55 2020-02-22     79   5275
56   56 2020-02-23    132   5757
57   57 2020-02-24    229   6281
58   58 2020-02-25    322   6852
59   59 2020-02-26    400   7473
60   60 2020-02-27    650   8148
61   61 2020-02-28    888   8882
62   62 2020-02-29   1128   9678
63   63 2020-03-01   1689  10543
64   64 2020-03-02   2036  11482
65   65 2020-03-03   2502  12499
66   66 2020-03-04   3089  13601
67   67 2020-03-05   3858  14793
68   68 2020-03-06   4636  16082
69   69 2020-03-07   5883  17475
70   70 2020-03-08   7375  18977
71   71 2020-03-09   9172  20596
72   72 2020-03-10  10149  22339
73   73 2020-03-11  12462  24213
74   74 2020-03-12  15113  26224
75   75 2020-03-13  17660  28380
76   76 2020-03-14  21157  30686
77   77 2020-03-15  23980  33149
78   78 2020-03-16  27980  35775
79   79 2020-03-17  31506  38569
80   80 2020-03-18  35713  41535
81   81 2020-03-19  41035  44676
82   82 2020-03-20  47021  47996
83   83 2020-03-21  53578  51494
84   84 2020-03-22  59138  55171
85   85 2020-03-23  63927  59026
86   86 2020-03-24  69176  63053
87   87 2020-03-25  74386  67249
88   88 2020-03-26  80539  71607
89   89 2020-03-27  86498  76116
90   90 2020-03-28  92472  80767
91   91 2020-03-29  97689  85547
92   92 2020-03-30 101739  90442
93   93 2020-03-31 105792  95434
94   94 2020-04-01 110574 100507
95   95 2020-04-02 115242 105642
96   96 2020-04-03 119827 110819
97   97 2020-04-04 124632 116018
98   98 2020-04-05 128948 121219
99   99 2020-04-06 132547 126399
100 100 2020-04-07 135586 131539
101 101 2020-04-08 139422 136619
102 102 2020-04-09 143626 141621
103 103 2020-04-10 147577 146525
104 104 2020-04-11 152271 151317
105 105 2020-04-12 156363 155982
106 106 2020-04-13 159516 160506
107 107 2020-04-14 162488 164879
108 108 2020-04-15 165155 169092
109 109 2020-04-16 168941 173136
110 110 2020-04-17 172434 177008
111 111 2020-04-18 175925 180703
112 112 2020-04-19 178972 184219
113 113 2020-04-20 181228 187557
114 114 2020-04-21 183957 190716
115 115 2020-04-22 187327 193699
116 116 2020-04-23 189973 196510
117 117 2020-04-24 192994 199152
118 118 2020-04-25 195351 201632
119 119 2020-04-26 197675 203953
120 120 2020-04-27 199414 206124
121 121 2020-04-28 201505 208149
122 122 2020-04-29 203591 210036
123 123 2020-04-30 205463 211792
124 124 2020-05-01 207428 213423
125 125 2020-05-02 209328 214937
126 126 2020-05-03 210717 216340
127 127 2020-05-04 211938 217639
128 128 2020-05-05 213013 218841
129 129 2020-05-06 214457 219951
130 130 2020-05-07 215858 220977
131 131 2020-05-08 217185 221923
132 132 2020-05-09 218268 222795
133 133 2020-05-10 219070 223598
134 134 2020-05-11 219814 224338
135 135 2020-05-12 221216 225019
136 136 2020-05-13 222104 225645
137 137 2020-05-14 223096 226220
138 138 2020-05-15 223885 226749
139 139 2020-05-16 224760 227235
140 140 2020-05-17 225435 227681
141 141 2020-05-18 225886 228090
142 142 2020-05-19 226699 228466
143 143 2020-05-20 227364 228811
144 144 2020-05-21 228006 229126
145 145 2020-05-22 228658 229416
146 146 2020-05-23 229327 229682
147 147 2020-05-24 229858 229925
148 148 2020-05-25 230158 230148
149 149 2020-05-26 230555 230352
150 150 2020-05-27 231139 230539
151 151 2020-05-28 231732 230711
152 152 2020-05-29 232248 230867
153 153 2020-05-30 232664 231011
154 154 2020-05-31 233019 231143
155 155 2020-06-01 233197 231263
156 156 2020-06-02 233515 231373
157 157 2020-06-03 233836 231474
158 158 2020-06-04 234013 231566
159 159 2020-06-05 234531 231651
160 160 2020-06-06 234801 231728
161 161 2020-06-07 234998 231799
162 162 2020-06-08 235278 231863
163 163 2020-06-09 235561 231922
164 164 2020-06-10 235763 231977
165 165 2020-06-11 236142 232026
166 166 2020-06-12 236305 232071
167 167 2020-06-13 236651 232113
168 168 2020-06-14 236989 232151
169 169 2020-06-15 237290 232185
170 170 2020-06-16 237500 232217
171 171 2020-06-17 237828 232246
172 172 2020-06-18 238159 232273
173 173 2020-06-19 238011 232297
174 174 2020-06-20 238275 232319
175 175 2020-06-21 238499 232339
176 176 2020-06-22 238720 232358
177 177 2020-06-23 238833 232375
178 178 2020-06-24 239410 232391
179 179 2020-06-25 239706 232405

Intervalo de Confianca
             2.5%        97.5%
Asym 230849.26860 234283.62062
xmid     96.58139     97.52218
scal     10.79785     11.55827


Formula: x ~ SSlogis(day, Asym, xmid, scal)

Parameters:
        Estimate  Std. Error t value            Pr(>|t|)    
Asym 232556.4947    844.7824  275.29 <0.0000000000000002 ***
xmid     97.0499      0.2276  426.36 <0.0000000000000002 ***
scal     11.1740      0.1935   57.76 <0.0000000000000002 ***
---
Signif. codes:  0 ‘***’ 0.001 ‘**’ 0.01 ‘*’ 0.05 ‘.’ 0.1 ‘ ’ 1

Residual standard error: 5465 on 176 degrees of freedom

Number of iterations to convergence: 9 
Achieved convergence tolerance: 0.0000000149


Italy: o primeiro caso foi registrado em 30/01/2020 na data 25/06/2020 temos 147 dias desde o primeiro caso. A data de pico prevista pelo modelo logístico foi 06/05/2020 (dia 97 desde os primeiros casos relatados).
Em 06/05/2020 o modelo estimou 232556+/-845 casos.

Todos os dados gerados
    country       dias otimista casos_estimados pessimista estimativa_mortes casos_confirmados mortes_confirmadas latitude longitude
1     Italy 2019-12-30       41              43         45                 6                 0                  0 41.87194  12.56738
2     Italy 2019-12-31       45              47         49                 7                 0                  0 41.87194  12.56738
3     Italy 2020-01-01       48              51         54                 7                 0                  0 41.87194  12.56738
4     Italy 2020-01-02       53              56         59                 8                 0                  0 41.87194  12.56738
5     Italy 2020-01-03       58              61         64                 9                 0                  0 41.87194  12.56738
6     Italy 2020-01-04       64              67         70                10                 0                  0 41.87194  12.56738
7     Italy 2020-01-05       70              74         78                11                 0                  0 41.87194  12.56738
8     Italy 2020-01-06       76              80         84                12                 0                  0 41.87194  12.56738
9     Italy 2020-01-07       84              88         92                13                 0                  0 41.87194  12.56738
10    Italy 2020-01-08       91              96        101                14                 0                  0 41.87194  12.56738
11    Italy 2020-01-09      100             105        110                15                 0                  0 41.87194  12.56738
12    Italy 2020-01-10      109             115        121                17                 0                  0 41.87194  12.56738
13    Italy 2020-01-11      120             126        132                18                 0                  0 41.87194  12.56738
14    Italy 2020-01-12      131             138        145                20                 0                  0 41.87194  12.56738
15    Italy 2020-01-13      142             150        158                22                 0                  0 41.87194  12.56738
16    Italy 2020-01-14      156             164        172                24                 0                  0 41.87194  12.56738
17    Italy 2020-01-15      171             180        189                26                 0                  0 41.87194  12.56738
18    Italy 2020-01-16      187             197        207                28                 0                  0 41.87194  12.56738
19    Italy 2020-01-17      204             215        226                31                 0                  0 41.87194  12.56738
20    Italy 2020-01-18      223             235        247                34                 0                  0 41.87194  12.56738
21    Italy 2020-01-19      244             257        270                37                 0                  0 41.87194  12.56738
22    Italy 2020-01-20      267             281        295                41                 0                  0 41.87194  12.56738
23    Italy 2020-01-21      292             308        324                45                 0                  0 41.87194  12.56738
24    Italy 2020-01-22      319             336        353                49                 0                  0 41.87194  12.56738
25    Italy 2020-01-23      349             368        387                53                 0                  0 41.87194  12.56738
26    Italy 2020-01-24      381             402        423                58                 0                  0 41.87194  12.56738
27    Italy 2020-01-25      418             440        462                64                 0                  0 41.87194  12.56738
28    Italy 2020-01-26      456             481        506                70                 0                  0 41.87194  12.56738
29    Italy 2020-01-27      499             526        553                76                 0                  0 41.87194  12.56738
30    Italy 2020-01-28      546             575        604                83                 0                  0 41.87194  12.56738
31    Italy 2020-01-29      596             628        660                91                 0                  0 41.87194  12.56738
32    Italy 2020-01-30      652             687        722                99                 3                  0 41.87194  12.56738
33    Italy 2020-01-31      713             751        789               109                 3                  0 41.87194  12.56738
34    Italy 2020-02-01      779             821        863               119                 3                  0 41.87194  12.56738
35    Italy 2020-02-02      852             898        944               130                 3                  0 41.87194  12.56738
36    Italy 2020-02-03      932             982       1032               142                 3                  0 41.87194  12.56738
37    Italy 2020-02-04     1018            1073       1128               155                 3                  0 41.87194  12.56738
38    Italy 2020-02-05     1113            1173       1233               170                 3                  0 41.87194  12.56738
39    Italy 2020-02-06     1216            1282       1348               185                 3                  0 41.87194  12.56738
40    Italy 2020-02-07     1329            1401       1473               203                 3                  0 41.87194  12.56738
41    Italy 2020-02-08     1454            1532       1610               222                 3                  0 41.87194  12.56738
42    Italy 2020-02-09     1588            1674       1760               242                 3                  0 41.87194  12.56738
43    Italy 2020-02-10     1736            1830       1924               265                 3                  0 41.87194  12.56738
44    Italy 2020-02-11     1898            2000       2102               289                 3                  0 41.87194  12.56738
45    Italy 2020-02-12     2073            2185       2297               316                 3                  0 41.87194  12.56738
46    Italy 2020-02-13     2265            2387       2509               345                 3                  0 41.87194  12.56738
47    Italy 2020-02-14     2475            2608       2741               377                 3                  0 41.87194  12.56738
48    Italy 2020-02-15     2704            2850       2996               412                 3                  0 41.87194  12.56738
49    Italy 2020-02-16     2954            3113       3272               450                 3                  0 41.87194  12.56738
50    Italy 2020-02-17     3226            3400       3574               492                 3                  0 41.87194  12.56738
51    Italy 2020-02-18     3523            3713       3903               537                 3                  0 41.87194  12.56738
52    Italy 2020-02-19     3848            4055       4262               587                 3                  0 41.87194  12.56738
53    Italy 2020-02-20     4201            4427       4653               640                 3                  0 41.87194  12.56738
54    Italy 2020-02-21     4586            4833       5080               699                17                  2 41.87194  12.56738
55    Italy 2020-02-22     5005            5275       5545               763                79                  2 41.87194  12.56738
56    Italy 2020-02-23     5463            5757       6051               833               132                  6 41.87194  12.56738
57    Italy 2020-02-24     5960            6281       6602               909               229                 11 41.87194  12.56738
58    Italy 2020-02-25     6502            6852       7202               991               322                 12 41.87194  12.56738
59    Italy 2020-02-26     7091            7473       7855              1081               400                 17 41.87194  12.56738
60    Italy 2020-02-27     7731            8148       8565              1179               650                 21 41.87194  12.56738
61    Italy 2020-02-28     8428            8882       9336              1285               888                 29 41.87194  12.56738
62    Italy 2020-02-29     9183            9678      10173              1400              1128                 35 41.87194  12.56738
63    Italy 2020-03-01    10004           10543      11082              1525              1689                 52 41.87194  12.56738
64    Italy 2020-03-02    10895           11482      12069              1661              2036                 80 41.87194  12.56738
65    Italy 2020-03-03    11860           12499      13138              1808              2502                107 41.87194  12.56738
66    Italy 2020-03-04    12906           13601      14296              1968              3089                148 41.87194  12.56738
67    Italy 2020-03-05    14037           14793      15549              2140              3858                197 41.87194  12.56738
68    Italy 2020-03-06    15260           16082      16904              2327              4636                233 41.87194  12.56738
69    Italy 2020-03-07    16581           17475      18369              2528              5883                366 41.87194  12.56738
70    Italy 2020-03-08    18007           18977      19947              2745              7375                464 41.87194  12.56738
71    Italy 2020-03-09    19543           20596      21649              2980              9172                631 41.87194  12.56738
72    Italy 2020-03-10    21197           22339      23481              3232             10149                827 41.87194  12.56738
73    Italy 2020-03-11    22975           24213      25451              3503             12462               1016 41.87194  12.56738
74    Italy 2020-03-12    24883           26224      27565              3794             15113               1268 41.87194  12.56738
75    Italy 2020-03-13    26929           28380      29831              4106             17660               1441 41.87194  12.56738
76    Italy 2020-03-14    29117           30686      32255              4439             21157               1811 41.87194  12.56738
77    Italy 2020-03-15    31454           33149      34844              4796             23980               2158 41.87194  12.56738
78    Italy 2020-03-16    33946           35775      37604              5176             27980               2505 41.87194  12.56738
79    Italy 2020-03-17    36597           38569      40541              5580             31506               2978 41.87194  12.56738
80    Italy 2020-03-18    39411           41535      43659              6009             35713               3407 41.87194  12.56738
81    Italy 2020-03-19    42392           44676      46960              6463             41035               4032 41.87194  12.56738
82    Italy 2020-03-20    45542           47996      50450              6944             47021               4827 41.87194  12.56738
83    Italy 2020-03-21    48861           51494      54127              7450             53578               5476 41.87194  12.56738
84    Italy 2020-03-22    52350           55171      57992              7982             59138               6077 41.87194  12.56738
85    Italy 2020-03-23    56008           59026      62044              8539             63927               6820 41.87194  12.56738
86    Italy 2020-03-24    59829           63053      66277              9122             69176               7505 41.87194  12.56738
87    Italy 2020-03-25    63811           67249      70687              9729             74386               8165 41.87194  12.56738
88    Italy 2020-03-26    67946           71607      75268             10359             80539               9136 41.87194  12.56738
89    Italy 2020-03-27    72224           76116      80008             11012             86498              10023 41.87194  12.56738
90    Italy 2020-03-28    76637           80767      84897             11684             92472              10781 41.87194  12.56738
91    Italy 2020-03-29    81173           85547      89921             12376             97689              11591 41.87194  12.56738
92    Italy 2020-03-30    85818           90442      95066             13084            101739              12430 41.87194  12.56738
93    Italy 2020-03-31    90554           95434     100314             13806            105792              13157 41.87194  12.56738
94    Italy 2020-04-01    95368          100507     105646             14540            110574              13917 41.87194  12.56738
95    Italy 2020-04-02   100240          105642     111044             15283            115242              14681 41.87194  12.56738
96    Italy 2020-04-03   105153          110819     116485             16032            119827              15362 41.87194  12.56738
97    Italy 2020-04-04   110086          116018     121950             16784            124632              15889 41.87194  12.56738
98    Italy 2020-04-05   115021          121219     127417             17537            128948              16525 41.87194  12.56738
99    Italy 2020-04-06   119936          126399     132862             18286            132547              17129 41.87194  12.56738
100   Italy 2020-04-07   124813          131539     138265             19030            135586              17669 41.87194  12.56738
101   Italy 2020-04-08   129634          136619     143604             19765            139422              18281 41.87194  12.56738
102   Italy 2020-04-09   134380          141621     148862             20488            143626              18851 41.87194  12.56738
103   Italy 2020-04-10   139033          146525     154017             21198            147577              19470 41.87194  12.56738
104   Italy 2020-04-11   143580          151317     159054             21891            152271              19901 41.87194  12.56738
105   Italy 2020-04-12   148007          155982     163957             22566            156363              20465 41.87194  12.56738
106   Italy 2020-04-13   152299          160506     168713             23220            159516              21069 41.87194  12.56738
107   Italy 2020-04-14   156449          164879     173309             23853            162488              21647 41.87194  12.56738
108   Italy 2020-04-15   160446          169092     177738             24462            165155              22172 41.87194  12.56738
109   Italy 2020-04-16   164283          173136     181989             25047            168941              22747 41.87194  12.56738
110   Italy 2020-04-17   167957          177008     186059             25608            172434              23227 41.87194  12.56738
111   Italy 2020-04-18   171463          180703     189943             26142            175925              23660 41.87194  12.56738
112   Italy 2020-04-19   174800          184219     193638             26651            178972              24114 41.87194  12.56738
113   Italy 2020-04-20   177967          187557     197147             27134            181228              24648 41.87194  12.56738
114   Italy 2020-04-21   180965          190716     200467             27591            183957              25085 41.87194  12.56738
115   Italy 2020-04-22   183795          193699     203603             28022            187327              25549 41.87194  12.56738
116   Italy 2020-04-23   186462          196510     206558             28429            189973              25969 41.87194  12.56738
117   Italy 2020-04-24   188969          199152     209335             28811            192994              26384 41.87194  12.56738
118   Italy 2020-04-25   191322          201632     211942             29170            195351              26644 41.87194  12.56738
119   Italy 2020-04-26   193525          203953     214381             29506            197675              26977 41.87194  12.56738
120   Italy 2020-04-27   195585          206124     216663             29820            199414              27359 41.87194  12.56738
121   Italy 2020-04-28   197506          208149     218792             30113            201505              27682 41.87194  12.56738
122   Italy 2020-04-29   199297          210036     220775             30386            203591              27967 41.87194  12.56738
123   Italy 2020-04-30   200963          211792     222621             30640            205463              28236 41.87194  12.56738
124   Italy 2020-05-01   202510          213423     224336             30876            207428              28710 41.87194  12.56738
125   Italy 2020-05-02   203947          214937     225927             31095            209328              28884 41.87194  12.56738
126   Italy 2020-05-03   205278          216340     227402             31298            210717              29079 41.87194  12.56738
127   Italy 2020-05-04   206511          217639     228767             31486            211938              29315 41.87194  12.56738
128   Italy 2020-05-05   207651          218841     230031             31659            213013              29684 41.87194  12.56738
129   Italy 2020-05-06   208705          219951     231197             31820            214457              29958 41.87194  12.56738
130   Italy 2020-05-07   209678          220977     232276             31968            215858              30201 41.87194  12.56738
131   Italy 2020-05-08   210576          221923     233270             32105            217185              30395 41.87194  12.56738
132   Italy 2020-05-09   211403          222795     234187             32232            218268              30560 41.87194  12.56738
133   Italy 2020-05-10   212165          223598     235031             32348            219070              30739 41.87194  12.56738
134   Italy 2020-05-11   212867          224338     235809             32455            219814              30911 41.87194  12.56738
135   Italy 2020-05-12   213514          225019     236524             32553            221216              31106 41.87194  12.56738
136   Italy 2020-05-13   214108          225645     237182             32644            222104              31368 41.87194  12.56738
137   Italy 2020-05-14   214653          226220     237787             32727            223096              31610 41.87194  12.56738
138   Italy 2020-05-15   215155          226749     238343             32804            223885              31763 41.87194  12.56738
139   Italy 2020-05-16   215616          227235     238854             32874            224760              31908 41.87194  12.56738
140   Italy 2020-05-17   216039          227681     239323             32938            225435              32007 41.87194  12.56738
141   Italy 2020-05-18   216428          228090     239752             32998            225886              32169 41.87194  12.56738
142   Italy 2020-05-19   216784          228466     240148             33052            226699              32330 41.87194  12.56738
143   Italy 2020-05-20   217112          228811     240510             33102            227364              32486 41.87194  12.56738
144   Italy 2020-05-21   217411          229126     240841             33147            228006              32616 41.87194  12.56738
145   Italy 2020-05-22   217686          229416     241146             33189            228658              32735 41.87194  12.56738
146   Italy 2020-05-23   217938          229682     241426             33228            229327              32785 41.87194  12.56738
147   Italy 2020-05-24   218169          229925     241681             33263            229858              32877 41.87194  12.56738
148   Italy 2020-05-25   218380          230148     241916             33295            230158              32955 41.87194  12.56738
149   Italy 2020-05-26   218574          230352     242130             33325            230555              33072 41.87194  12.56738
150   Italy 2020-05-27   218751          230539     242327             33352            231139              33142 41.87194  12.56738
151   Italy 2020-05-28   218915          230711     242507             33377            231732              33229 41.87194  12.56738
152   Italy 2020-05-29   219063          230867     242671             33399            232248              33340 41.87194  12.56738
153   Italy 2020-05-30   219199          231011     242823             33420            232664              33415 41.87194  12.56738
154   Italy 2020-05-31   219324          231143     242962             33439            233019              33475 41.87194  12.56738
155   Italy 2020-06-01   219438          231263     243088             33457            233197              33530 41.87194  12.56738
156   Italy 2020-06-02   219543          231373     243203             33472            233515              33601 41.87194  12.56738
157   Italy 2020-06-03   219639          231474     243309             33487            233836              33689 41.87194  12.56738
158   Italy 2020-06-04   219726          231566     243406             33500            234013              33774 41.87194  12.56738
159   Italy 2020-06-05   219806          231651     243496             33513            234531              33846 41.87194  12.56738
160   Italy 2020-06-06   219880          231728     243576             33524            234801              33899 41.87194  12.56738
161   Italy 2020-06-07   219947          231799     243651             33534            234998              33964 41.87194  12.56738
162   Italy 2020-06-08   220008          231863     243718             33543            235278              34043 41.87194  12.56738
163   Italy 2020-06-09   220064          231922     243780             33552            235561              34114 41.87194  12.56738
164   Italy 2020-06-10   220116          231977     243838             33560            235763              34167 41.87194  12.56738
165   Italy 2020-06-11   220162          232026     243890             33567            236142              34223 41.87194  12.56738
166   Italy 2020-06-12   220205          232071     243937             33573            236305              34301 41.87194  12.56738
167   Italy 2020-06-13   220245          232113     243981             33580            236651              34345 41.87194  12.56738
168   Italy 2020-06-14   220281          232151     244021             33585            236989              34371 41.87194  12.56738
169   Italy 2020-06-15   220313          232185     244057             33590            237290              34405 41.87194  12.56738
170   Italy 2020-06-16   220344          232217     244090             33595            237500              34448 41.87194  12.56738
171   Italy 2020-06-17   220371          232246     244121             33599            237828              34514 41.87194  12.56738
172   Italy 2020-06-18   220397          232273     244149             33603            238159              34561 41.87194  12.56738
173   Italy 2020-06-19   220419          232297     244175             33606            238011              34610 41.87194  12.56738
174   Italy 2020-06-20   220440          232319     244198             33609            238275              34634 41.87194  12.56738
175   Italy 2020-06-21   220459          232339     244219             33612            238499              34657 41.87194  12.56738
176   Italy 2020-06-22   220477          232358     244239             33615            238720              34675 41.87194  12.56738
177   Italy 2020-06-23   220493          232375     244257             33617            238833              34644 41.87194  12.56738
178   Italy 2020-06-24   220509          232391     244273             33620            239410              34678 41.87194  12.56738
179   Italy 2020-06-25   220522          232405     244288             33622            239706              34678 41.87194  12.56738
180   Italy 2020-06-26   220534          232418     244302             33624                NA                 NA 41.87194  12.56738
181   Italy 2020-06-27   220546          232430     244314             33625                NA                 NA 41.87194  12.56738
182   Italy 2020-06-28   220555          232440     244325             33627                NA                 NA 41.87194  12.56738
183   Italy 2020-06-29   220565          232450     244335             33628                NA                 NA 41.87194  12.56738
184   Italy 2020-06-30   220573          232459     244345             33630                NA                 NA 41.87194  12.56738
185   Italy 2020-07-01   220582          232468     244354             33631                NA                 NA 41.87194  12.56738
186   Italy 2020-07-02   220588          232475     244362             33632                NA                 NA 41.87194  12.56738
187   Italy 2020-07-03   220595          232482     244369             33633                NA                 NA 41.87194  12.56738
188   Italy 2020-07-04   220602          232489     244376             33634                NA                 NA 41.87194  12.56738
189   Italy 2020-07-05   220606          232494     244382             33635                NA                 NA 41.87194  12.56738

Fontes:
	OMS - https://ourworldindata.org/coronavirus-source-data
	Worldometers - https://www.worldometers.info/coronavirus