
 Brazil 
Projecao:  7  dias
Gerado em:  2020-05-02 11:51:35
RMSE(%):  9.5 , BIAS(%): 2.12

Taxa de Mortalidade 6.95 %

    country       dias otimista casos_estimados pessimista estimativa_mortes casos_confirmados mortes_confirmadas latitude longitude
113  Brazil 2020-04-20    36796           40667      44538              2825             40581               2741        0         0
114  Brazil 2020-04-21    39832           44023      48214              3058             43079               2906        0         0
115  Brazil 2020-04-22    43055           47585      52115              3305             45757               3313        0         0
116  Brazil 2020-04-23    46464           51352      56240              3567             49492               3670        0         0
117  Brazil 2020-04-24    50058           55324      60590              3843             52995               4016        0         0
118  Brazil 2020-04-25    53834           59498      65162              4133             58509               4205        0         0
119  Brazil 2020-04-26    57788           63868      69948              4436             61888               4543        0         0
120  Brazil 2020-04-27    61912           68425      74938              4753             66501               5017        0         0
121  Brazil 2020-04-28    66195           73159      80123              5082             71886               5466        0         0
122  Brazil 2020-04-29    70627           78057      85487              5422             78162               5901        0         0
123  Brazil 2020-04-30    75192           83103      91014              5772             85380               6329        0         0
124  Brazil 2020-05-01    79875           88278      96681              6132             91589               6434        0         0
125  Brazil 2020-05-02    84655           93561     102467              6499             92630               6434        0         0
126  Brazil 2020-05-03    89514           98931     108348              6872                NA                 NA        0         0
127  Brazil 2020-05-04    94429          104363     114297              7249                NA                 NA        0         0
128  Brazil 2020-05-05    99377          109832     120287              7629                NA                 NA        0         0
129  Brazil 2020-05-06   104336          115312     126288              8009                NA                 NA        0         0
130  Brazil 2020-05-07   109281          120778     132275              8389                NA                 NA        0         0
131  Brazil 2020-05-08   114189          126202     138215              8766                NA                 NA        0         0
132  Brazil 2020-05-09   119038          131561     144084              9138                NA                 NA        0         0

Total de casos no mundo:  3426413 1229885 1415429 539466 190749 8370 41793 721 3426413

Estimados a partir dos dados da OMS:
    day       date     x  xest
1     1 2019-12-30     0     1
2     2 2019-12-31     0     1
3     3 2020-01-01     0     1
4     4 2020-01-02     0     1
5     5 2020-01-03     0     1
6     6 2020-01-04     0     1
7     7 2020-01-05     0     2
8     8 2020-01-06     0     2
9     9 2020-01-07     0     2
10   10 2020-01-08     0     2
11   11 2020-01-09     0     2
12   12 2020-01-10     0     3
13   13 2020-01-11     0     3
14   14 2020-01-12     0     3
15   15 2020-01-13     0     3
16   16 2020-01-14     0     4
17   17 2020-01-15     0     4
18   18 2020-01-16     0     5
19   19 2020-01-17     0     5
20   20 2020-01-18     0     6
21   21 2020-01-19     0     6
22   22 2020-01-20     0     7
23   23 2020-01-21     0     8
24   24 2020-01-22     0     8
25   25 2020-01-23     0     9
26   26 2020-01-24     0    10
27   27 2020-01-25     0    11
28   28 2020-01-26     0    12
29   29 2020-01-27     0    14
30   30 2020-01-28     0    15
31   31 2020-01-29     0    16
32   32 2020-01-30     0    18
33   33 2020-01-31     0    20
34   34 2020-02-01     0    22
35   35 2020-02-02     0    24
36   36 2020-02-03     0    27
37   37 2020-02-04     0    30
38   38 2020-02-05     0    33
39   39 2020-02-06     0    36
40   40 2020-02-07     0    40
41   41 2020-02-08     0    44
42   42 2020-02-09     0    48
43   43 2020-02-10     0    53
44   44 2020-02-11     0    58
45   45 2020-02-12     0    65
46   46 2020-02-13     0    71
47   47 2020-02-14     0    78
48   48 2020-02-15     0    86
49   49 2020-02-16     0    95
50   50 2020-02-17     0   105
51   51 2020-02-18     0   116
52   52 2020-02-19     0   128
53   53 2020-02-20     0   141
54   54 2020-02-21     0   155
55   55 2020-02-22     0   171
56   56 2020-02-23     0   189
57   57 2020-02-24     0   208
58   58 2020-02-25     1   230
59   59 2020-02-26     1   253
60   60 2020-02-27     1   279
61   61 2020-02-28     1   308
62   62 2020-02-29     2   339
63   63 2020-03-01     2   374
64   64 2020-03-02     2   412
65   65 2020-03-03     2   455
66   66 2020-03-04     3   501
67   67 2020-03-05     8   553
68   68 2020-03-06    13   609
69   69 2020-03-07    13   672
70   70 2020-03-08    25   740
71   71 2020-03-09    25   816
72   72 2020-03-10    34   900
73   73 2020-03-11    52   992
74   74 2020-03-12    77  1093
75   75 2020-03-13    98  1204
76   76 2020-03-14   121  1327
77   77 2020-03-15   200  1463
78   78 2020-03-16   234  1612
79   79 2020-03-17   291  1776
80   80 2020-03-18   428  1957
81   81 2020-03-19   621  2156
82   82 2020-03-20   904  2375
83   83 2020-03-21  1128  2616
84   84 2020-03-22  1546  2881
85   85 2020-03-23  1891  3173
86   86 2020-03-24  2201  3493
87   87 2020-03-25  2433  3846
88   88 2020-03-26  2915  4233
89   89 2020-03-27  3417  4659
90   90 2020-03-28  3904  5126
91   91 2020-03-29  4256  5639
92   92 2020-03-30  4579  6202
93   93 2020-03-31  5717  6820
94   94 2020-04-01  6836  7496
95   95 2020-04-02  7910  8238
96   96 2020-04-03  9056  9050
97   97 2020-04-04 10278  9938
98   98 2020-04-05 11130 10908
99   99 2020-04-06 12056 11969
100 100 2020-04-07 13717 13126
101 101 2020-04-08 15927 14387
102 102 2020-04-09 17857 15760
103 103 2020-04-10 19638 17254
104 104 2020-04-11 20727 18876
105 105 2020-04-12 22169 20636
106 106 2020-04-13 23430 22542
107 107 2020-04-14 25262 24603
108 108 2020-04-15 28320 26827
109 109 2020-04-16 30425 29222
110 110 2020-04-17 33682 31797
111 111 2020-04-18 36599 34559
112 112 2020-04-19 38654 37514
113 113 2020-04-20 40581 40667
114 114 2020-04-21 43079 44023
115 115 2020-04-22 45757 47585
116 116 2020-04-23 49492 51352
117 117 2020-04-24 52995 55324
118 118 2020-04-25 58509 59498
119 119 2020-04-26 61888 63868
120 120 2020-04-27 66501 68425
121 121 2020-04-28 71886 73159
122 122 2020-04-29 78162 78057
123 123 2020-04-30 85380 83103
124 124 2020-05-01 91589 88278
125 125 2020-05-02 92630 93561

Intervalo de Confianca
             2.5%        97.5%
Asym 197528.71818 261938.80148
xmid    126.21873    131.08474
scal      9.83997     10.64265


Formula: x ~ SSlogis(day, Asym, xmid, scal)

Parameters:
        Estimate  Std. Error t value            Pr(>|t|)    
Asym 224331.9140  16307.9733   13.76 <0.0000000000000002 ***
xmid    128.4258      1.2627  101.71 <0.0000000000000002 ***
scal     10.2315      0.2154   47.50 <0.0000000000000002 ***
---
Signif. codes:  0 ‘***’ 0.001 ‘**’ 0.01 ‘*’ 0.05 ‘.’ 0.1 ‘ ’ 1

Residual standard error: 970.7 on 122 degrees of freedom

Number of iterations to convergence: 8 
Achieved convergence tolerance: 0.0000000149


Brazil: o primeiro caso foi registrado em 25/02/2020 na data 02/05/2020 temos 67 dias desde o primeiro caso. A data de pico prevista pelo modelo logístico é 02/07/2020 (dia 128 desde os primeiros casos relatados).
Em 02/07/2020 o modelo estima 224332+/-16308 casos. De acordo com o modelo ajustado temos 61 de infecçao pela frente.

Todos os dados gerados
    country       dias otimista casos_estimados pessimista estimativa_mortes casos_confirmados mortes_confirmadas latitude longitude
1    Brazil 2019-12-30        1               1          1                 0                 0                  0        0         0
2    Brazil 2019-12-31        1               1          1                 0                 0                  0        0         0
3    Brazil 2020-01-01        1               1          1                 0                 0                  0        0         0
4    Brazil 2020-01-02        1               1          1                 0                 0                  0        0         0
5    Brazil 2020-01-03        1               1          1                 0                 0                  0        0         0
6    Brazil 2020-01-04        1               1          1                 0                 0                  0        0         0
7    Brazil 2020-01-05        2               2          2                 0                 0                  0        0         0
8    Brazil 2020-01-06        2               2          2                 0                 0                  0        0         0
9    Brazil 2020-01-07        2               2          2                 0                 0                  0        0         0
10   Brazil 2020-01-08        2               2          2                 0                 0                  0        0         0
11   Brazil 2020-01-09        2               2          2                 0                 0                  0        0         0
12   Brazil 2020-01-10        3               3          3                 0                 0                  0        0         0
13   Brazil 2020-01-11        3               3          3                 0                 0                  0        0         0
14   Brazil 2020-01-12        3               3          3                 0                 0                  0        0         0
15   Brazil 2020-01-13        3               3          3                 0                 0                  0        0         0
16   Brazil 2020-01-14        4               4          4                 0                 0                  0        0         0
17   Brazil 2020-01-15        4               4          4                 0                 0                  0        0         0
18   Brazil 2020-01-16        5               5          5                 0                 0                  0        0         0
19   Brazil 2020-01-17        5               5          5                 0                 0                  0        0         0
20   Brazil 2020-01-18        5               6          7                 0                 0                  0        0         0
21   Brazil 2020-01-19        5               6          7                 0                 0                  0        0         0
22   Brazil 2020-01-20        6               7          8                 0                 0                  0        0         0
23   Brazil 2020-01-21        7               8          9                 1                 0                  0        0         0
24   Brazil 2020-01-22        7               8          9                 1                 0                  0        0         0
25   Brazil 2020-01-23        8               9         10                 1                 0                  0        0         0
26   Brazil 2020-01-24        9              10         11                 1                 0                  0        0         0
27   Brazil 2020-01-25       10              11         12                 1                 0                  0        0         0
28   Brazil 2020-01-26       11              12         13                 1                 0                  0        0         0
29   Brazil 2020-01-27       13              14         15                 1                 0                  0        0         0
30   Brazil 2020-01-28       14              15         16                 1                 0                  0        0         0
31   Brazil 2020-01-29       14              16         18                 1                 0                  0        0         0
32   Brazil 2020-01-30       16              18         20                 1                 0                  0        0         0
33   Brazil 2020-01-31       18              20         22                 1                 0                  0        0         0
34   Brazil 2020-02-01       20              22         24                 2                 0                  0        0         0
35   Brazil 2020-02-02       22              24         26                 2                 0                  0        0         0
36   Brazil 2020-02-03       24              27         30                 2                 0                  0        0         0
37   Brazil 2020-02-04       27              30         33                 2                 0                  0        0         0
38   Brazil 2020-02-05       30              33         36                 2                 0                  0        0         0
39   Brazil 2020-02-06       33              36         39                 3                 0                  0        0         0
40   Brazil 2020-02-07       36              40         44                 3                 0                  0        0         0
41   Brazil 2020-02-08       40              44         48                 3                 0                  0        0         0
42   Brazil 2020-02-09       43              48         53                 3                 0                  0        0         0
43   Brazil 2020-02-10       48              53         58                 4                 0                  0        0         0
44   Brazil 2020-02-11       52              58         64                 4                 0                  0        0         0
45   Brazil 2020-02-12       59              65         71                 5                 0                  0        0         0
46   Brazil 2020-02-13       64              71         78                 5                 0                  0        0         0
47   Brazil 2020-02-14       71              78         85                 5                 0                  0        0         0
48   Brazil 2020-02-15       78              86         94                 6                 0                  0        0         0
49   Brazil 2020-02-16       86              95        104                 7                 0                  0        0         0
50   Brazil 2020-02-17       95             105        115                 7                 0                  0        0         0
51   Brazil 2020-02-18      105             116        127                 8                 0                  0        0         0
52   Brazil 2020-02-19      116             128        140                 9                 0                  0        0         0
53   Brazil 2020-02-20      128             141        154                10                 0                  0        0         0
54   Brazil 2020-02-21      140             155        170                11                 0                  0        0         0
55   Brazil 2020-02-22      155             171        187                12                 0                  0        0         0
56   Brazil 2020-02-23      171             189        207                13                 0                  0        0         0
57   Brazil 2020-02-24      188             208        228                14                 0                  0        0         0
58   Brazil 2020-02-25      208             230        252                16                 1                  0        0         0
59   Brazil 2020-02-26      229             253        277                18                 1                  0        0         0
60   Brazil 2020-02-27      252             279        306                19                 1                  0        0         0
61   Brazil 2020-02-28      279             308        337                21                 1                  0        0         0
62   Brazil 2020-02-29      307             339        371                24                 2                  0        0         0
63   Brazil 2020-03-01      338             374        410                26                 2                  0        0         0
64   Brazil 2020-03-02      373             412        451                29                 2                  0        0         0
65   Brazil 2020-03-03      412             455        498                32                 2                  0        0         0
66   Brazil 2020-03-04      453             501        549                35                 3                  0        0         0
67   Brazil 2020-03-05      500             553        606                38                 8                  0        0         0
68   Brazil 2020-03-06      551             609        667                42                13                  0        0         0
69   Brazil 2020-03-07      608             672        736                47                13                  0        0         0
70   Brazil 2020-03-08      670             740        810                51                25                  0        0         0
71   Brazil 2020-03-09      738             816        894                57                25                  0        0         0
72   Brazil 2020-03-10      814             900        986                63                34                  0        0         0
73   Brazil 2020-03-11      898             992       1086                69                52                  0        0         0
74   Brazil 2020-03-12      989            1093       1197                76                77                  0        0         0
75   Brazil 2020-03-13     1089            1204       1319                84                98                  0        0         0
76   Brazil 2020-03-14     1201            1327       1453                92               121                  0        0         0
77   Brazil 2020-03-15     1324            1463       1602               102               200                  0        0         0
78   Brazil 2020-03-16     1459            1612       1765               112               234                  1        0         0
79   Brazil 2020-03-17     1607            1776       1945               123               291                  4        0         0
80   Brazil 2020-03-18     1771            1957       2143               136               428                  6        0         0
81   Brazil 2020-03-19     1951            2156       2361               150               621                 11        0         0
82   Brazil 2020-03-20     2149            2375       2601               165               904                 18        0         0
83   Brazil 2020-03-21     2367            2616       2865               182              1128                 25        0         0
84   Brazil 2020-03-22     2607            2881       3155               200              1546                 34        0         0
85   Brazil 2020-03-23     2871            3173       3475               220              1891                 46        0         0
86   Brazil 2020-03-24     3161            3493       3825               243              2201                 57        0         0
87   Brazil 2020-03-25     3480            3846       4212               267              2433                 77        0         0
88   Brazil 2020-03-26     3830            4233       4636               294              2915                 92        0         0
89   Brazil 2020-03-27     4216            4659       5102               324              3417                114        0         0
90   Brazil 2020-03-28     4638            5126       5614               356              3904                136        0         0
91   Brazil 2020-03-29     5102            5639       6176               392              4256                159        0         0
92   Brazil 2020-03-30     5612            6202       6792               431              4579                201        0         0
93   Brazil 2020-03-31     6171            6820       7469               474              5717                241        0         0
94   Brazil 2020-04-01     6782            7496       8210               521              6836                299        0         0
95   Brazil 2020-04-02     7454            8238       9022               572              7910                359        0         0
96   Brazil 2020-04-03     8189            9050       9911               629              9056                432        0         0
97   Brazil 2020-04-04     8992            9938      10884               690             10278                486        0         0
98   Brazil 2020-04-05     9870           10908      11946               758             11130                553        0         0
99   Brazil 2020-04-06    10830           11969      13108               831             12056                667        0         0
100  Brazil 2020-04-07    11877           13126      14375               912             13717                800        0         0
101  Brazil 2020-04-08    13018           14387      15756               999             15927                941        0         0
102  Brazil 2020-04-09    14260           15760      17260              1095             17857               1056        0         0
103  Brazil 2020-04-10    15612           17254      18896              1198             19638               1124        0         0
104  Brazil 2020-04-11    17079           18876      20673              1311             20727               1223        0         0
105  Brazil 2020-04-12    18672           20636      22600              1433             22169               1328        0         0
106  Brazil 2020-04-13    20396           22542      24688              1566             23430               1532        0         0
107  Brazil 2020-04-14    22261           24603      26945              1709             25262               1736        0         0
108  Brazil 2020-04-15    24273           26827      29381              1863             28320               1924        0         0
109  Brazil 2020-04-16    26440           29222      32004              2030             30425               2141        0         0
110  Brazil 2020-04-17    28770           31797      34824              2209             33682               2347        0         0
111  Brazil 2020-04-18    31269           34559      37849              2400             36599               2462        0         0
112  Brazil 2020-04-19    33943           37514      41085              2606             38654               2575        0         0
113  Brazil 2020-04-20    36796           40667      44538              2825             40581               2741        0         0
114  Brazil 2020-04-21    39832           44023      48214              3058             43079               2906        0         0
115  Brazil 2020-04-22    43055           47585      52115              3305             45757               3313        0         0
116  Brazil 2020-04-23    46464           51352      56240              3567             49492               3670        0         0
117  Brazil 2020-04-24    50058           55324      60590              3843             52995               4016        0         0
118  Brazil 2020-04-25    53834           59498      65162              4133             58509               4205        0         0
119  Brazil 2020-04-26    57788           63868      69948              4436             61888               4543        0         0
120  Brazil 2020-04-27    61912           68425      74938              4753             66501               5017        0         0
121  Brazil 2020-04-28    66195           73159      80123              5082             71886               5466        0         0
122  Brazil 2020-04-29    70627           78057      85487              5422             78162               5901        0         0
123  Brazil 2020-04-30    75192           83103      91014              5772             85380               6329        0         0
124  Brazil 2020-05-01    79875           88278      96681              6132             91589               6434        0         0
125  Brazil 2020-05-02    84655           93561     102467              6499             92630               6434        0         0
126  Brazil 2020-05-03    89514           98931     108348              6872                NA                 NA        0         0
127  Brazil 2020-05-04    94429          104363     114297              7249                NA                 NA        0         0
128  Brazil 2020-05-05    99377          109832     120287              7629                NA                 NA        0         0
129  Brazil 2020-05-06   104336          115312     126288              8009                NA                 NA        0         0
130  Brazil 2020-05-07   109281          120778     132275              8389                NA                 NA        0         0
131  Brazil 2020-05-08   114189          126202     138215              8766                NA                 NA        0         0
132  Brazil 2020-05-09   119038          131561     144084              9138                NA                 NA        0         0

Fontes:
	OMS - https://ourworldindata.org/coronavirus-source-data
	Worldometers - https://www.worldometers.info/coronavirus