
 Brazil 
Projecao:  10  dias
Gerado em:  2020-08-01 20:42:04
RMSE(%):  5.7 , BIAS(%): 1.52

Taxa de Mortalidade 3.46 %

    country       dias otimista casos_estimados pessimista estimativa_mortes casos_confirmados mortes_confirmadas latitude longitude
207  Brazil 2020-07-23  2176176         2307478    2438780             79744           2287475              85238        0         0
208  Brazil 2020-07-24  2208541         2341796    2475051             80930           2343366              86449        0         0
209  Brazil 2020-07-25  2240280         2375449    2510618             82093           2394513              87004        0         0
210  Brazil 2020-07-26  2271372         2408417    2545462             83232           2419091              87618        0         0
211  Brazil 2020-07-27  2301802         2440683    2579564             84348           2442375              88539        0         0
212  Brazil 2020-07-28  2331556         2472233    2612910             85438           2483191              90134        0         0
213  Brazil 2020-07-29  2360623         2503054    2645485             86503           2552265              91263        0         0
214  Brazil 2020-07-30  2388995         2533137    2677279             87543           2610102              92475        0         0
215  Brazil 2020-07-31  2416660         2562472    2708284             88556           2662485              93616        0         0
216  Brazil 2020-08-01  2443617         2591055    2738493             89544           2708876              93616        0         0
217  Brazil 2020-08-02  2469860         2618881    2767902             90506                NA                 NA        0         0
218  Brazil 2020-08-03  2495386         2645948    2796510             91441                NA                 NA        0         0
219  Brazil 2020-08-04  2520198         2672257    2824316             92350                NA                 NA        0         0
220  Brazil 2020-08-05  2544296         2697809    2851322             93234                NA                 NA        0         0
221  Brazil 2020-08-06  2567683         2722607    2877531             94091                NA                 NA        0         0
222  Brazil 2020-08-07  2590365         2746657    2902949             94922                NA                 NA        0         0
223  Brazil 2020-08-08  2612346         2769964    2927582             95727                NA                 NA        0         0
224  Brazil 2020-08-09  2633633         2792536    2951439             96507                NA                 NA        0         0
225  Brazil 2020-08-10  2654236         2814382    2974528             97262                NA                 NA        0         0
226  Brazil 2020-08-11  2674164         2835512    2996860             97992                NA                 NA        0         0

Total de casos no mundo:  17989715 5586230 4176952 4374097 2885567 947102 19046 721 17989715

Estimados a partir dos dados da OMS:
    day       date       x    xest
1     1 2019-12-30       0     335
2     2 2019-12-31       0     352
3     3 2020-01-01       0     369
4     4 2020-01-02       0     388
5     5 2020-01-03       0     407
6     6 2020-01-04       0     427
7     7 2020-01-05       0     448
8     8 2020-01-06       0     471
9     9 2020-01-07       0     494
10   10 2020-01-08       0     519
11   11 2020-01-09       0     545
12   12 2020-01-10       0     572
13   13 2020-01-11       0     600
14   14 2020-01-12       0     630
15   15 2020-01-13       0     661
16   16 2020-01-14       0     694
17   17 2020-01-15       0     729
18   18 2020-01-16       0     765
19   19 2020-01-17       0     803
20   20 2020-01-18       0     843
21   21 2020-01-19       0     885
22   22 2020-01-20       0     929
23   23 2020-01-21       0     976
24   24 2020-01-22       0    1024
25   25 2020-01-23       0    1075
26   26 2020-01-24       0    1129
27   27 2020-01-25       0    1185
28   28 2020-01-26       0    1244
29   29 2020-01-27       0    1306
30   30 2020-01-28       0    1371
31   31 2020-01-29       0    1439
32   32 2020-01-30       0    1511
33   33 2020-01-31       0    1586
34   34 2020-02-01       0    1665
35   35 2020-02-02       0    1748
36   36 2020-02-03       0    1835
37   37 2020-02-04       0    1926
38   38 2020-02-05       0    2022
39   39 2020-02-06       0    2123
40   40 2020-02-07       0    2228
41   41 2020-02-08       0    2339
42   42 2020-02-09       0    2456
43   43 2020-02-10       0    2578
44   44 2020-02-11       0    2706
45   45 2020-02-12       0    2841
46   46 2020-02-13       0    2982
47   47 2020-02-14       0    3130
48   48 2020-02-15       0    3286
49   49 2020-02-16       0    3450
50   50 2020-02-17       0    3621
51   51 2020-02-18       0    3801
52   52 2020-02-19       0    3991
53   53 2020-02-20       0    4189
54   54 2020-02-21       0    4397
55   55 2020-02-22       0    4616
56   56 2020-02-23       0    4846
57   57 2020-02-24       0    5087
58   58 2020-02-25       1    5340
59   59 2020-02-26       1    5605
60   60 2020-02-27       1    5884
61   61 2020-02-28       1    6176
62   62 2020-02-29       2    6483
63   63 2020-03-01       2    6805
64   64 2020-03-02       2    7144
65   65 2020-03-03       2    7499
66   66 2020-03-04       3    7871
67   67 2020-03-05       8    8262
68   68 2020-03-06      13    8673
69   69 2020-03-07      13    9103
70   70 2020-03-08      25    9555
71   71 2020-03-09      25   10030
72   72 2020-03-10      34   10528
73   73 2020-03-11      52   11050
74   74 2020-03-12      77   11599
75   75 2020-03-13      98   12174
76   76 2020-03-14     121   12778
77   77 2020-03-15     200   13412
78   78 2020-03-16     234   14078
79   79 2020-03-17     291   14776
80   80 2020-03-18     428   15508
81   81 2020-03-19     621   16277
82   82 2020-03-20     904   17083
83   83 2020-03-21    1128   17929
84   84 2020-03-22    1546   18817
85   85 2020-03-23    1891   19749
86   86 2020-03-24    2201   20726
87   87 2020-03-25    2433   21752
88   88 2020-03-26    2915   22828
89   89 2020-03-27    3417   23957
90   90 2020-03-28    3904   25141
91   91 2020-03-29    4256   26383
92   92 2020-03-30    4579   27686
93   93 2020-03-31    5717   29053
94   94 2020-04-01    6836   30487
95   95 2020-04-02    7910   31990
96   96 2020-04-03    9056   33568
97   97 2020-04-04   10278   35222
98   98 2020-04-05   11130   36957
99   99 2020-04-06   12056   38776
100 100 2020-04-07   13717   40683
101 101 2020-04-08   15927   42684
102 102 2020-04-09   17857   44781
103 103 2020-04-10   19638   46980
104 104 2020-04-11   20727   49285
105 105 2020-04-12   22169   51702
106 106 2020-04-13   23430   54235
107 107 2020-04-14   25262   56890
108 108 2020-04-15   28320   59673
109 109 2020-04-16   30425   62589
110 110 2020-04-17   33682   65645
111 111 2020-04-18   36599   68847
112 112 2020-04-19   38654   72202
113 113 2020-04-20   40581   75716
114 114 2020-04-21   43079   79397
115 115 2020-04-22   45757   83253
116 116 2020-04-23   49492   87291
117 117 2020-04-24   52995   91519
118 118 2020-04-25   58509   95946
119 119 2020-04-26   61888  100581
120 120 2020-04-27   66501  105432
121 121 2020-04-28   71886  110509
122 122 2020-04-29   78162  115822
123 123 2020-04-30   85380  121381
124 124 2020-05-01   91589  127196
125 125 2020-05-02   96559  133278
126 126 2020-05-03  101147  139638
127 127 2020-05-04  107780  146288
128 128 2020-05-05  114715  153239
129 129 2020-05-06  125218  160504
130 130 2020-05-07  135106  168095
131 131 2020-05-08  145328  176026
132 132 2020-05-09  155939  184308
133 133 2020-05-10  162699  192957
134 134 2020-05-11  168331  201986
135 135 2020-05-12  177589  211409
136 136 2020-05-13  188974  221240
137 137 2020-05-14  202918  231495
138 138 2020-05-15  218223  242188
139 139 2020-05-16  233142  253335
140 140 2020-05-17  241080  264950
141 141 2020-05-18  254220  277051
142 142 2020-05-19  271628  289652
143 143 2020-05-20  291579  302770
144 144 2020-05-21  310087  316420
145 145 2020-05-22  330890  330619
146 146 2020-05-23  347398  345381
147 147 2020-05-24  363211  360724
148 148 2020-05-25  374898  376663
149 149 2020-05-26  391222  393213
150 150 2020-05-27  411821  410390
151 151 2020-05-28  438238  428208
152 152 2020-05-29  465166  446681
153 153 2020-05-30  498440  465824
154 154 2020-05-31  514849  485649
155 155 2020-06-01  526447  506169
156 156 2020-06-02  555383  527397
157 157 2020-06-03  584016  549342
158 158 2020-06-04  614932  572014
159 159 2020-06-05  645762  595422
160 160 2020-06-06  672837  619574
161 161 2020-06-07  691758  644475
162 162 2020-06-08  707412  670130
163 163 2020-06-09  739503  696542
164 164 2020-06-10  772416  723714
165 165 2020-06-11  802828  751643
166 166 2020-06-12  828810  780329
167 167 2020-06-13  850514  809767
168 168 2020-06-14  867624  839951
169 169 2020-06-15  888271  870872
170 170 2020-06-16  923189  902521
171 171 2020-06-17  955377  934885
172 172 2020-06-18  978142  967947
173 173 2020-06-19 1032913 1001692
174 174 2020-06-20 1067579 1036099
175 175 2020-06-21 1085038 1071146
176 176 2020-06-22 1106470 1106809
177 177 2020-06-23 1145906 1143061
178 178 2020-06-24 1188631 1179873
179 179 2020-06-25 1228114 1217213
180 180 2020-06-26 1274974 1255047
181 181 2020-06-27 1313667 1293341
182 182 2020-06-28 1344143 1332056
183 183 2020-06-29 1368195 1371154
184 184 2020-06-30 1402041 1410592
185 185 2020-07-01 1448753 1450328
186 186 2020-07-02 1496858 1490319
187 187 2020-07-03 1539081 1530519
188 188 2020-07-04 1577004 1570881
189 189 2020-07-05 1603055 1611360
190 190 2020-07-06 1623284 1651907
191 191 2020-07-07 1668589 1692474
192 192 2020-07-08 1713160 1733015
193 193 2020-07-09 1755779 1773480
194 194 2020-07-10 1800827 1813823
195 195 2020-07-11 1839850 1853997
196 196 2020-07-12 1864681 1893956
197 197 2020-07-13 1884967 1933654
198 198 2020-07-14 1926824 1973048
199 199 2020-07-15 1966748 2012096
200 200 2020-07-16 2012151 2050755
201 201 2020-07-17 2046328 2088989
202 202 2020-07-18 2074860 2126758
203 203 2020-07-19 2098389 2164027
204 204 2020-07-20 2118646 2200764
205 205 2020-07-21 2159654 2236937
206 206 2020-07-22 2227514 2272517
207 207 2020-07-23 2287475 2307478
208 208 2020-07-24 2343366 2341796
209 209 2020-07-25 2394513 2375449
210 210 2020-07-26 2419091 2408417
211 211 2020-07-27 2442375 2440683
212 212 2020-07-28 2483191 2472233
213 213 2020-07-29 2552265 2503054
214 214 2020-07-30 2610102 2533137
215 215 2020-07-31 2662485 2562472
216 216 2020-08-01 2708876 2591055

Intervalo de Confianca
              2.5%         97.5%
Asym 3260500.25771 3423239.77196
xmid     189.29496     191.63299
scal      20.14454      21.01517


Formula: x ~ SSlogis(day, Asym, xmid, scal)

Parameters:
         Estimate   Std. Error t value            Pr(>|t|)    
Asym 3338833.3069   40954.5644   81.53 <0.0000000000000002 ***
xmid     190.4316       0.5882  323.74 <0.0000000000000002 ***
scal      20.5746       0.2269   90.66 <0.0000000000000002 ***
---
Signif. codes:  0 ‘***’ 0.001 ‘**’ 0.01 ‘*’ 0.05 ‘.’ 0.1 ‘ ’ 1

Residual standard error: 27200 on 213 degrees of freedom

Number of iterations to convergence: 7 
Achieved convergence tolerance: 0.0000000149


Brazil: o primeiro caso foi registrado em 25/02/2020 na data 01/08/2020 temos 158 dias desde o primeiro caso. A data de pico prevista pelo modelo logístico é 02/09/2020 (dia 190 desde os primeiros casos relatados).
Em 02/09/2020 o modelo estima 3338833+/-40955 casos. De acordo com o modelo ajustado temos 32 de infecçao pela frente.

Todos os dados gerados
    country       dias otimista casos_estimados pessimista estimativa_mortes casos_confirmados mortes_confirmadas latitude longitude
1    Brazil 2019-12-30      316             335        354                12                 0                  0        0         0
2    Brazil 2019-12-31      332             352        372                12                 0                  0        0         0
3    Brazil 2020-01-01      348             369        390                13                 0                  0        0         0
4    Brazil 2020-01-02      366             388        410                13                 0                  0        0         0
5    Brazil 2020-01-03      384             407        430                14                 0                  0        0         0
6    Brazil 2020-01-04      403             427        451                15                 0                  0        0         0
7    Brazil 2020-01-05      423             448        473                15                 0                  0        0         0
8    Brazil 2020-01-06      444             471        498                16                 0                  0        0         0
9    Brazil 2020-01-07      466             494        522                17                 0                  0        0         0
10   Brazil 2020-01-08      489             519        549                18                 0                  0        0         0
11   Brazil 2020-01-09      514             545        576                19                 0                  0        0         0
12   Brazil 2020-01-10      539             572        605                20                 0                  0        0         0
13   Brazil 2020-01-11      566             600        634                21                 0                  0        0         0
14   Brazil 2020-01-12      594             630        666                22                 0                  0        0         0
15   Brazil 2020-01-13      623             661        699                23                 0                  0        0         0
16   Brazil 2020-01-14      655             694        733                24                 0                  0        0         0
17   Brazil 2020-01-15      688             729        770                25                 0                  0        0         0
18   Brazil 2020-01-16      721             765        809                26                 0                  0        0         0
19   Brazil 2020-01-17      757             803        849                28                 0                  0        0         0
20   Brazil 2020-01-18      795             843        891                29                 0                  0        0         0
21   Brazil 2020-01-19      835             885        935                31                 0                  0        0         0
22   Brazil 2020-01-20      876             929        982                32                 0                  0        0         0
23   Brazil 2020-01-21      920             976       1032                34                 0                  0        0         0
24   Brazil 2020-01-22      966            1024       1082                35                 0                  0        0         0
25   Brazil 2020-01-23     1014            1075       1136                37                 0                  0        0         0
26   Brazil 2020-01-24     1065            1129       1193                39                 0                  0        0         0
27   Brazil 2020-01-25     1118            1185       1252                41                 0                  0        0         0
28   Brazil 2020-01-26     1173            1244       1315                43                 0                  0        0         0
29   Brazil 2020-01-27     1232            1306       1380                45                 0                  0        0         0
30   Brazil 2020-01-28     1293            1371       1449                47                 0                  0        0         0
31   Brazil 2020-01-29     1357            1439       1521                50                 0                  0        0         0
32   Brazil 2020-01-30     1425            1511       1597                52                 0                  0        0         0
33   Brazil 2020-01-31     1496            1586       1676                55                 0                  0        0         0
34   Brazil 2020-02-01     1570            1665       1760                58                 0                  0        0         0
35   Brazil 2020-02-02     1649            1748       1847                60                 0                  0        0         0
36   Brazil 2020-02-03     1731            1835       1939                63                 0                  0        0         0
37   Brazil 2020-02-04     1816            1926       2036                67                 0                  0        0         0
38   Brazil 2020-02-05     1907            2022       2137                70                 0                  0        0         0
39   Brazil 2020-02-06     2002            2123       2244                73                 0                  0        0         0
40   Brazil 2020-02-07     2101            2228       2355                77                 0                  0        0         0
41   Brazil 2020-02-08     2206            2339       2472                81                 0                  0        0         0
42   Brazil 2020-02-09     2316            2456       2596                85                 0                  0        0         0
43   Brazil 2020-02-10     2431            2578       2725                89                 0                  0        0         0
44   Brazil 2020-02-11     2552            2706       2860                94                 0                  0        0         0
45   Brazil 2020-02-12     2679            2841       3003                98                 0                  0        0         0
46   Brazil 2020-02-13     2812            2982       3152               103                 0                  0        0         0
47   Brazil 2020-02-14     2952            3130       3308               108                 0                  0        0         0
48   Brazil 2020-02-15     3099            3286       3473               114                 0                  0        0         0
49   Brazil 2020-02-16     3254            3450       3646               119                 0                  0        0         0
50   Brazil 2020-02-17     3415            3621       3827               125                 0                  0        0         0
51   Brazil 2020-02-18     3585            3801       4017               131                 0                  0        0         0
52   Brazil 2020-02-19     3764            3991       4218               138                 0                  0        0         0
53   Brazil 2020-02-20     3951            4189       4427               145                 0                  0        0         0
54   Brazil 2020-02-21     4147            4397       4647               152                 0                  0        0         0
55   Brazil 2020-02-22     4353            4616       4879               160                 0                  0        0         0
56   Brazil 2020-02-23     4570            4846       5122               167                 0                  0        0         0
57   Brazil 2020-02-24     4798            5087       5376               176                 0                  0        0         0
58   Brazil 2020-02-25     5036            5340       5644               185                 1                  0        0         0
59   Brazil 2020-02-26     5286            5605       5924               194                 1                  0        0         0
60   Brazil 2020-02-27     5549            5884       6219               203                 1                  0        0         0
61   Brazil 2020-02-28     5825            6176       6527               213                 1                  0        0         0
62   Brazil 2020-02-29     6114            6483       6852               224                 2                  0        0         0
63   Brazil 2020-03-01     6418            6805       7192               235                 2                  0        0         0
64   Brazil 2020-03-02     6737            7144       7551               247                 2                  0        0         0
65   Brazil 2020-03-03     7072            7499       7926               259                 2                  0        0         0
66   Brazil 2020-03-04     7423            7871       8319               272                 3                  0        0         0
67   Brazil 2020-03-05     7792            8262       8732               286                 8                  0        0         0
68   Brazil 2020-03-06     8179            8673       9167               300                13                  0        0         0
69   Brazil 2020-03-07     8585            9103       9621               315                13                  0        0         0
70   Brazil 2020-03-08     9011            9555      10099               330                25                  0        0         0
71   Brazil 2020-03-09     9459           10030      10601               347                25                  0        0         0
72   Brazil 2020-03-10     9929           10528      11127               364                34                  0        0         0
73   Brazil 2020-03-11    10421           11050      11679               382                52                  0        0         0
74   Brazil 2020-03-12    10939           11599      12259               401                77                  0        0         0
75   Brazil 2020-03-13    11481           12174      12867               421                98                  0        0         0
76   Brazil 2020-03-14    12051           12778      13505               442               121                  0        0         0
77   Brazil 2020-03-15    12649           13412      14175               464               200                  0        0         0
78   Brazil 2020-03-16    13277           14078      14879               487               234                  1        0         0
79   Brazil 2020-03-17    13935           14776      15617               511               291                  4        0         0
80   Brazil 2020-03-18    14626           15508      16390               536               428                  6        0         0
81   Brazil 2020-03-19    15351           16277      17203               563               621                 11        0         0
82   Brazil 2020-03-20    16111           17083      18055               590               904                 18        0         0
83   Brazil 2020-03-21    16909           17929      18949               620              1128                 25        0         0
84   Brazil 2020-03-22    17746           18817      19888               650              1546                 34        0         0
85   Brazil 2020-03-23    18625           19749      20873               683              1891                 46        0         0
86   Brazil 2020-03-24    19547           20726      21905               716              2201                 57        0         0
87   Brazil 2020-03-25    20514           21752      22990               752              2433                 77        0         0
88   Brazil 2020-03-26    21529           22828      24127               789              2915                 92        0         0
89   Brazil 2020-03-27    22594           23957      25320               828              3417                114        0         0
90   Brazil 2020-03-28    23710           25141      26572               869              3904                136        0         0
91   Brazil 2020-03-29    24882           26383      27884               912              4256                159        0         0
92   Brazil 2020-03-30    26111           27686      29261               957              4579                201        0         0
93   Brazil 2020-03-31    27400           29053      30706              1004              5717                241        0         0
94   Brazil 2020-04-01    28752           30487      32222              1054              6836                299        0         0
95   Brazil 2020-04-02    30170           31990      33810              1106              7910                359        0         0
96   Brazil 2020-04-03    31658           33568      35478              1160              9056                432        0         0
97   Brazil 2020-04-04    33218           35222      37226              1217             10278                486        0         0
98   Brazil 2020-04-05    34854           36957      39060              1277             11130                553        0         0
99   Brazil 2020-04-06    36570           38776      40982              1340             12056                667        0         0
100  Brazil 2020-04-07    38368           40683      42998              1406             13717                800        0         0
101  Brazil 2020-04-08    40255           42684      45113              1475             15927                941        0         0
102  Brazil 2020-04-09    42233           44781      47329              1548             17857               1056        0         0
103  Brazil 2020-04-10    44307           46980      49653              1624             19638               1124        0         0
104  Brazil 2020-04-11    46481           49285      52089              1703             20727               1223        0         0
105  Brazil 2020-04-12    48760           51702      54644              1787             22169               1328        0         0
106  Brazil 2020-04-13    51149           54235      57321              1874             23430               1532        0         0
107  Brazil 2020-04-14    53653           56890      60127              1966             25262               1736        0         0
108  Brazil 2020-04-15    56277           59673      63069              2062             28320               1924        0         0
109  Brazil 2020-04-16    59028           62589      66150              2163             30425               2141        0         0
110  Brazil 2020-04-17    61910           65645      69380              2269             33682               2347        0         0
111  Brazil 2020-04-18    64929           68847      72765              2379             36599               2462        0         0
112  Brazil 2020-04-19    68094           72202      76310              2495             38654               2575        0         0
113  Brazil 2020-04-20    71408           75716      80024              2617             40581               2741        0         0
114  Brazil 2020-04-21    74879           79397      83915              2744             43079               2906        0         0
115  Brazil 2020-04-22    78516           83253      87990              2877             45757               3313        0         0
116  Brazil 2020-04-23    82324           87291      92258              3017             49492               3670        0         0
117  Brazil 2020-04-24    86311           91519      96727              3163             52995               4016        0         0
118  Brazil 2020-04-25    90486           95946     101406              3316             58509               4205        0         0
119  Brazil 2020-04-26    94858          100581     106304              3476             61888               4543        0         0
120  Brazil 2020-04-27    99433          105432     111431              3644             66501               5017        0         0
121  Brazil 2020-04-28   104221          110509     116797              3819             71886               5466        0         0
122  Brazil 2020-04-29   109231          115822     122413              4003             78162               5901        0         0
123  Brazil 2020-04-30   114474          121381     128288              4195             85380               6329        0         0
124  Brazil 2020-05-01   119958          127196     134434              4396             91589               6750        0         0
125  Brazil 2020-05-02   125694          133278     140862              4606             96559               7025        0         0
126  Brazil 2020-05-03   131692          139638     147584              4826            101147               7321        0         0
127  Brazil 2020-05-04   137964          146288     154612              5056            107780               7921        0         0
128  Brazil 2020-05-05   144519          153239     161959              5296            114715               8536        0         0
129  Brazil 2020-05-06   151371          160504     169637              5547            125218               9146        0         0
130  Brazil 2020-05-07   158530          168095     177660              5809            135106               9897        0         0
131  Brazil 2020-05-08   166010          176026     186042              6083            145328              10627        0         0
132  Brazil 2020-05-09   173820          184308     194796              6369            155939              11123        0         0
133  Brazil 2020-05-10   181977          192957     203937              6668            162699              11519        0         0
134  Brazil 2020-05-11   190492          201986     213480              6980            168331              12400        0         0
135  Brazil 2020-05-12   199379          211409     223439              7306            177589              13149        0         0
136  Brazil 2020-05-13   208651          221240     233829              7646            188974              13993        0         0
137  Brazil 2020-05-14   218322          231495     244668              8000            202918              14817        0         0
138  Brazil 2020-05-15   228407          242188     255969              8370            218223              15633        0         0
139  Brazil 2020-05-16   238920          253335     267750              8755            233142              16118        0         0
140  Brazil 2020-05-17   249874          264950     280026              9156            241080              16792        0         0
141  Brazil 2020-05-18   261286          277051     292816              9575            254220              17971        0         0
142  Brazil 2020-05-19   273170          289652     306134             10010            271628              18859        0         0
143  Brazil 2020-05-20   285542          302770     319998             10463            291579              20047        0         0
144  Brazil 2020-05-21   298415          316420     334425             10935            310087              21048        0         0
145  Brazil 2020-05-22   311806          330619     349432             11426            330890              22013        0         0
146  Brazil 2020-05-23   325728          345381     365034             11936            347398              22666        0         0
147  Brazil 2020-05-24   340198          360724     381250             12466            363211              23473        0         0
148  Brazil 2020-05-25   355230          376663     398096             13017            374898              24512        0         0
149  Brazil 2020-05-26   370838          393213     415588             13589            391222              25598        0         0
150  Brazil 2020-05-27   387038          410390     433742             14183            411821              26754        0         0
151  Brazil 2020-05-28   403842          428208     452574             14798            438238              27878        0         0
152  Brazil 2020-05-29   421264          446681     472098             15437            465166              28834        0         0
153  Brazil 2020-05-30   439317          465824     492331             16098            498440              29314        0         0
154  Brazil 2020-05-31   458014          485649     513284             16784            514849              29937        0         0
155  Brazil 2020-06-01   477367          506169     534971             17493            526447              31199        0         0
156  Brazil 2020-06-02   497387          527397     557407             18226            555383              32548        0         0
157  Brazil 2020-06-03   518083          549342     580601             18985            584016              34021        0         0
158  Brazil 2020-06-04   539465          572014     604563             19768            614932              35026        0         0
159  Brazil 2020-06-05   561541          595422     629303             20577            645762              35930        0         0
160  Brazil 2020-06-06   584319          619574     654829             21412            672837              36455        0         0
161  Brazil 2020-06-07   607803          644475     681147             22272            691758              37134        0         0
162  Brazil 2020-06-08   631998          670130     708262             23159            707412              38406        0         0
163  Brazil 2020-06-09   656907          696542     736177             24072            739503              39680        0         0
164  Brazil 2020-06-10   682533          723714     764895             25011            772416              40919        0         0
165  Brazil 2020-06-11   708872          751643     794414             25976            802828              41828        0         0
166  Brazil 2020-06-12   735926          780329     824732             26967            828810              42720        0         0
167  Brazil 2020-06-13   763689          809767     855845             27985            850514              43332        0         0
168  Brazil 2020-06-14   792156          839951     887746             29028            867624              43959        0         0
169  Brazil 2020-06-15   821317          870872     920427             30096            888271              45241        0         0
170  Brazil 2020-06-16   851165          902521     953877             31190            923189              46510        0         0
171  Brazil 2020-06-17   881688          934885     988082             32309            955377              47748        0         0
172  Brazil 2020-06-18   912868          967947    1023026             33451            978142              48954        0         0
173  Brazil 2020-06-19   944693         1001692    1058691             34617           1032913              49976        0         0
174  Brazil 2020-06-20   977142         1036099    1095056             35807           1067579              50617        0         0
175  Brazil 2020-06-21  1010195         1071146    1132097             37018           1085038              51271        0         0
176  Brazil 2020-06-22  1043829         1106809    1169789             38250           1106470              52645        0         0
177  Brazil 2020-06-23  1078018         1143061    1208104             39503           1145906              53830        0         0
178  Brazil 2020-06-24  1112735         1179873    1247011             40775           1188631              54971        0         0
179  Brazil 2020-06-25  1147950         1217213    1286476             42066           1228114              55961        0         0
180  Brazil 2020-06-26  1183631         1255047    1326463             43373           1274974              57070        0         0
181  Brazil 2020-06-27  1219746         1293341    1366936             44697           1313667              57622        0         0
182  Brazil 2020-06-28  1256258         1332056    1407854             46035           1344143              58314        0         0
183  Brazil 2020-06-29  1293132         1371154    1449176             47386           1368195              59594        0         0
184  Brazil 2020-06-30  1330325         1410592    1490859             48749           1402041              60632        0         0
185  Brazil 2020-07-01  1367800         1450328    1532856             50122           1448753              61884        0         0
186  Brazil 2020-07-02  1405516         1490319    1575122             51504           1496858              63174        0         0
187  Brazil 2020-07-03  1443428         1530519    1617610             52893           1539081              64265        0         0
188  Brazil 2020-07-04  1481494         1570881    1660268             54288           1577004              64867        0         0
189  Brazil 2020-07-05  1519669         1611360    1703051             55687           1603055              65487        0         0
190  Brazil 2020-07-06  1557909         1651907    1745905             57088           1623284              66741        0         0
191  Brazil 2020-07-07  1596168         1692474    1788780             58490           1668589              67964        0         0
192  Brazil 2020-07-08  1634402         1733015    1831628             59891           1713160              69184        0         0
193  Brazil 2020-07-09  1672564         1773480    1874396             61290           1755779              70398        0         0
194  Brazil 2020-07-10  1710612         1813823    1917034             62684           1800827              71469        0         0
195  Brazil 2020-07-11  1748500         1853997    1959494             64072           1839850              72100        0         0
196  Brazil 2020-07-12  1786185         1893956    2001727             65453           1864681              72833        0         0
197  Brazil 2020-07-13  1823624         1933654    2043684             66825           1884967              74133        0         0
198  Brazil 2020-07-14  1860776         1973048    2085320             68187           1926824              75366        0         0
199  Brazil 2020-07-15  1897602         2012096    2126590             69536           1966748              76688        0         0
200  Brazil 2020-07-16  1934061         2050755    2167449             70872           2012151              77851        0         0
201  Brazil 2020-07-17  1970120         2088989    2207858             72193           2046328              78772        0         0
202  Brazil 2020-07-18  2005740         2126758    2247776             73499           2074860              79488        0         0
203  Brazil 2020-07-19  2040888         2164027    2287166             74787           2098389              80120        0         0
204  Brazil 2020-07-20  2075535         2200764    2325993             76056           2118646              81487        0         0
205  Brazil 2020-07-21  2109649         2236937    2364225             77306           2159654              82771        0         0
206  Brazil 2020-07-22  2143205         2272517    2401829             78536           2227514              84082        0         0
207  Brazil 2020-07-23  2176176         2307478    2438780             79744           2287475              85238        0         0
208  Brazil 2020-07-24  2208541         2341796    2475051             80930           2343366              86449        0         0
209  Brazil 2020-07-25  2240280         2375449    2510618             82093           2394513              87004        0         0
210  Brazil 2020-07-26  2271372         2408417    2545462             83232           2419091              87618        0         0
211  Brazil 2020-07-27  2301802         2440683    2579564             84348           2442375              88539        0         0
212  Brazil 2020-07-28  2331556         2472233    2612910             85438           2483191              90134        0         0
213  Brazil 2020-07-29  2360623         2503054    2645485             86503           2552265              91263        0         0
214  Brazil 2020-07-30  2388995         2533137    2677279             87543           2610102              92475        0         0
215  Brazil 2020-07-31  2416660         2562472    2708284             88556           2662485              93616        0         0
216  Brazil 2020-08-01  2443617         2591055    2738493             89544           2708876              93616        0         0
217  Brazil 2020-08-02  2469860         2618881    2767902             90506                NA                 NA        0         0
218  Brazil 2020-08-03  2495386         2645948    2796510             91441                NA                 NA        0         0
219  Brazil 2020-08-04  2520198         2672257    2824316             92350                NA                 NA        0         0
220  Brazil 2020-08-05  2544296         2697809    2851322             93234                NA                 NA        0         0
221  Brazil 2020-08-06  2567683         2722607    2877531             94091                NA                 NA        0         0
222  Brazil 2020-08-07  2590365         2746657    2902949             94922                NA                 NA        0         0
223  Brazil 2020-08-08  2612346         2769964    2927582             95727                NA                 NA        0         0
224  Brazil 2020-08-09  2633633         2792536    2951439             96507                NA                 NA        0         0
225  Brazil 2020-08-10  2654236         2814382    2974528             97262                NA                 NA        0         0
226  Brazil 2020-08-11  2674164         2835512    2996860             97992                NA                 NA        0         0

Fontes:
	OMS - https://ourworldindata.org/coronavirus-source-data
	Worldometers - https://www.worldometers.info/coronavirus