
 Italy 
Projecao:  7  dias
Gerado em:  2020-05-30 14:02:48
RMSE(%):  6 , BIAS(%): 1.34

Taxa de Mortalidade 14.33 %

    country       dias otimista casos_estimados pessimista estimativa_mortes casos_confirmados mortes_confirmadas latitude longitude
141   Italy 2020-05-18   209526          223017     236508             31958            225886              32169 41.87194  12.56738
142   Italy 2020-05-19   209787          223295     236803             31997            226699              32330 41.87194  12.56738
143   Italy 2020-05-20   210026          223549     237072             32034            227364              32486 41.87194  12.56738
144   Italy 2020-05-21   210243          223780     237317             32067            228006              32616 41.87194  12.56738
145   Italy 2020-05-22   210440          223990     237540             32097            228658              32735 41.87194  12.56738
146   Italy 2020-05-23   210621          224182     237743             32125            229327              32785 41.87194  12.56738
147   Italy 2020-05-24   210784          224356     237928             32149            229858              32877 41.87194  12.56738
148   Italy 2020-05-25   210934          224515     238096             32172            230158              32955 41.87194  12.56738
149   Italy 2020-05-26   211070          224660     238250             32193            230555              33072 41.87194  12.56738
150   Italy 2020-05-27   211194          224792     238390             32212            231139              33142 41.87194  12.56738
151   Italy 2020-05-28   211307          224912     238517             32229            231732              33229 41.87194  12.56738
152   Italy 2020-05-29   211409          225021     238633             32245            232248              33340 41.87194  12.56738
153   Italy 2020-05-30   211502          225120     238738             32259            232664              33340 41.87194  12.56738
154   Italy 2020-05-31   211586          225210     238834             32272                NA                 NA 41.87194  12.56738
155   Italy 2020-06-01   211664          225293     238922             32284                NA                 NA 41.87194  12.56738
156   Italy 2020-06-02   211735          225368     239001             32295                NA                 NA 41.87194  12.56738
157   Italy 2020-06-03   211799          225436     239073             32304                NA                 NA 41.87194  12.56738
158   Italy 2020-06-04   211857          225498     239139             32313                NA                 NA 41.87194  12.56738
159   Italy 2020-06-05   211910          225554     239198             32321                NA                 NA 41.87194  12.56738
160   Italy 2020-06-06   211958          225605     239252             32328                NA                 NA 41.87194  12.56738

Total de casos no mundo:  6087409 2026230 805837 2001620 1105108 139099 8794 721 6087409

Estimados a partir dos dados da OMS:
    day       date      x   xest
1     1 2019-12-30      0     27
2     2 2019-12-31      0     29
3     3 2020-01-01      0     32
4     4 2020-01-02      0     35
5     5 2020-01-03      0     39
6     6 2020-01-04      0     43
7     7 2020-01-05      0     47
8     8 2020-01-06      0     52
9     9 2020-01-07      0     57
10   10 2020-01-08      0     63
11   11 2020-01-09      0     69
12   12 2020-01-10      0     76
13   13 2020-01-11      0     83
14   14 2020-01-12      0     92
15   15 2020-01-13      0    101
16   16 2020-01-14      0    111
17   17 2020-01-15      0    122
18   18 2020-01-16      0    134
19   19 2020-01-17      0    148
20   20 2020-01-18      0    162
21   21 2020-01-19      0    179
22   22 2020-01-20      0    196
23   23 2020-01-21      0    216
24   24 2020-01-22      0    238
25   25 2020-01-23      0    261
26   26 2020-01-24      0    287
27   27 2020-01-25      0    316
28   28 2020-01-26      0    347
29   29 2020-01-27      0    382
30   30 2020-01-28      0    420
31   31 2020-01-29      0    462
32   32 2020-01-30      3    508
33   33 2020-01-31      3    558
34   34 2020-02-01      3    614
35   35 2020-02-02      3    675
36   36 2020-02-03      3    742
37   37 2020-02-04      3    816
38   38 2020-02-05      3    897
39   39 2020-02-06      3    986
40   40 2020-02-07      3   1084
41   41 2020-02-08      3   1192
42   42 2020-02-09      3   1310
43   43 2020-02-10      3   1440
44   44 2020-02-11      3   1583
45   45 2020-02-12      3   1740
46   46 2020-02-13      3   1912
47   47 2020-02-14      3   2101
48   48 2020-02-15      3   2309
49   49 2020-02-16      3   2537
50   50 2020-02-17      3   2787
51   51 2020-02-18      3   3062
52   52 2020-02-19      3   3363
53   53 2020-02-20      3   3693
54   54 2020-02-21     17   4055
55   55 2020-02-22     79   4452
56   56 2020-02-23    132   4886
57   57 2020-02-24    229   5363
58   58 2020-02-25    322   5884
59   59 2020-02-26    400   6455
60   60 2020-02-27    650   7079
61   61 2020-02-28    888   7761
62   62 2020-02-29   1128   8507
63   63 2020-03-01   1689   9321
64   64 2020-03-02   2036  10210
65   65 2020-03-03   2502  11178
66   66 2020-03-04   3089  12234
67   67 2020-03-05   3858  13383
68   68 2020-03-06   4636  14632
69   69 2020-03-07   5883  15990
70   70 2020-03-08   7375  17462
71   71 2020-03-09   9172  19059
72   72 2020-03-10  10149  20786
73   73 2020-03-11  12462  22654
74   74 2020-03-12  15113  24668
75   75 2020-03-13  17660  26838
76   76 2020-03-14  21157  29172
77   77 2020-03-15  23980  31676
78   78 2020-03-16  27980  34358
79   79 2020-03-17  31506  37223
80   80 2020-03-18  35713  40277
81   81 2020-03-19  41035  43523
82   82 2020-03-20  47021  46966
83   83 2020-03-21  53578  50605
84   84 2020-03-22  59138  54440
85   85 2020-03-23  63927  58469
86   86 2020-03-24  69176  62688
87   87 2020-03-25  74386  67089
88   88 2020-03-26  80539  71664
89   89 2020-03-27  86498  76400
90   90 2020-03-28  92472  81285
91   91 2020-03-29  97689  86303
92   92 2020-03-30 101739  91434
93   93 2020-03-31 105792  96660
94   94 2020-04-01 110574 101958
95   95 2020-04-02 115242 107306
96   96 2020-04-03 119827 112680
97   97 2020-04-04 124632 118056
98   98 2020-04-05 128948 123409
99   99 2020-04-06 132547 128715
100 100 2020-04-07 135586 133953
101 101 2020-04-08 139422 139099
102 102 2020-04-09 143626 144133
103 103 2020-04-10 147577 149038
104 104 2020-04-11 152271 153797
105 105 2020-04-12 156363 158395
106 106 2020-04-13 159516 162821
107 107 2020-04-14 162488 167066
108 108 2020-04-15 165155 171122
109 109 2020-04-16 168941 174985
110 110 2020-04-17 172434 178652
111 111 2020-04-18 175925 182122
112 112 2020-04-19 178972 185396
113 113 2020-04-20 181228 188477
114 114 2020-04-21 183957 191369
115 115 2020-04-22 187327 194076
116 116 2020-04-23 189973 196605
117 117 2020-04-24 192994 198962
118 118 2020-04-25 195351 201155
119 119 2020-04-26 197675 203191
120 120 2020-04-27 199414 205078
121 121 2020-04-28 201505 206825
122 122 2020-04-29 203591 208440
123 123 2020-04-30 205463 209929
124 124 2020-05-01 207428 211303
125 125 2020-05-02 209328 212567
126 126 2020-05-03 210717 213730
127 127 2020-05-04 211938 214798
128 128 2020-05-05 213013 215779
129 129 2020-05-06 214457 216678
130 130 2020-05-07 215858 217502
131 131 2020-05-08 217185 218257
132 132 2020-05-09 218268 218948
133 133 2020-05-10 219070 219580
134 134 2020-05-11 219814 220158
135 135 2020-05-12 221216 220686
136 136 2020-05-13 222104 221169
137 137 2020-05-14 223096 221609
138 138 2020-05-15 223885 222011
139 139 2020-05-16 224760 222378
140 140 2020-05-17 225435 222712
141 141 2020-05-18 225886 223017
142 142 2020-05-19 226699 223295
143 143 2020-05-20 227364 223549
144 144 2020-05-21 228006 223780
145 145 2020-05-22 228658 223990
146 146 2020-05-23 229327 224182
147 147 2020-05-24 229858 224356
148 148 2020-05-25 230158 224515
149 149 2020-05-26 230555 224660
150 150 2020-05-27 231139 224792
151 151 2020-05-28 231732 224912
152 152 2020-05-29 232248 225021
153 153 2020-05-30 232664 225120

Intervalo de Confianca
             2.5%        97.5%
Asym 223835.37167 228458.68641
xmid     95.57611     96.57274
scal     10.13181     10.89737


Formula: x ~ SSlogis(day, Asym, xmid, scal)

Parameters:
        Estimate  Std. Error t value            Pr(>|t|)    
Asym 226119.8528   1129.3735  200.22 <0.0000000000000002 ***
xmid     96.0706      0.2382  403.34 <0.0000000000000002 ***
scal     10.5096      0.1962   53.58 <0.0000000000000002 ***
---
Signif. codes:  0 ‘***’ 0.001 ‘**’ 0.01 ‘*’ 0.05 ‘.’ 0.1 ‘ ’ 1

Residual standard error: 5120 on 150 degrees of freedom

Number of iterations to convergence: 9 
Achieved convergence tolerance: 0.0000000149


Italy: o primeiro caso foi registrado em 30/01/2020 na data 30/05/2020 temos 121 dias desde o primeiro caso. A data de pico prevista pelo modelo logístico foi 05/05/2020 (dia 96 desde os primeiros casos relatados).
Em 05/05/2020 o modelo estimou 226120+/-1129 casos.

Todos os dados gerados
    country       dias otimista casos_estimados pessimista estimativa_mortes casos_confirmados mortes_confirmadas latitude longitude
1     Italy 2019-12-30       25              27         29                 4                 0                  0 41.87194  12.56738
2     Italy 2019-12-31       27              29         31                 4                 0                  0 41.87194  12.56738
3     Italy 2020-01-01       30              32         34                 5                 0                  0 41.87194  12.56738
4     Italy 2020-01-02       33              35         37                 5                 0                  0 41.87194  12.56738
5     Italy 2020-01-03       37              39         41                 6                 0                  0 41.87194  12.56738
6     Italy 2020-01-04       40              43         46                 6                 0                  0 41.87194  12.56738
7     Italy 2020-01-05       44              47         50                 7                 0                  0 41.87194  12.56738
8     Italy 2020-01-06       49              52         55                 7                 0                  0 41.87194  12.56738
9     Italy 2020-01-07       54              57         60                 8                 0                  0 41.87194  12.56738
10    Italy 2020-01-08       59              63         67                 9                 0                  0 41.87194  12.56738
11    Italy 2020-01-09       65              69         73                10                 0                  0 41.87194  12.56738
12    Italy 2020-01-10       71              76         81                11                 0                  0 41.87194  12.56738
13    Italy 2020-01-11       78              83         88                12                 0                  0 41.87194  12.56738
14    Italy 2020-01-12       86              92         98                13                 0                  0 41.87194  12.56738
15    Italy 2020-01-13       95             101        107                14                 0                  0 41.87194  12.56738
16    Italy 2020-01-14      104             111        118                16                 0                  0 41.87194  12.56738
17    Italy 2020-01-15      115             122        129                17                 0                  0 41.87194  12.56738
18    Italy 2020-01-16      126             134        142                19                 0                  0 41.87194  12.56738
19    Italy 2020-01-17      139             148        157                21                 0                  0 41.87194  12.56738
20    Italy 2020-01-18      152             162        172                23                 0                  0 41.87194  12.56738
21    Italy 2020-01-19      168             179        190                26                 0                  0 41.87194  12.56738
22    Italy 2020-01-20      184             196        208                28                 0                  0 41.87194  12.56738
23    Italy 2020-01-21      203             216        229                31                 0                  0 41.87194  12.56738
24    Italy 2020-01-22      224             238        252                34                 0                  0 41.87194  12.56738
25    Italy 2020-01-23      245             261        277                37                 0                  0 41.87194  12.56738
26    Italy 2020-01-24      270             287        304                41                 0                  0 41.87194  12.56738
27    Italy 2020-01-25      297             316        335                45                 0                  0 41.87194  12.56738
28    Italy 2020-01-26      326             347        368                50                 0                  0 41.87194  12.56738
29    Italy 2020-01-27      359             382        405                55                 0                  0 41.87194  12.56738
30    Italy 2020-01-28      395             420        445                60                 0                  0 41.87194  12.56738
31    Italy 2020-01-29      434             462        490                66                 0                  0 41.87194  12.56738
32    Italy 2020-01-30      477             508        539                73                 3                  0 41.87194  12.56738
33    Italy 2020-01-31      524             558        592                80                 3                  0 41.87194  12.56738
34    Italy 2020-02-01      577             614        651                88                 3                  0 41.87194  12.56738
35    Italy 2020-02-02      634             675        716                97                 3                  0 41.87194  12.56738
36    Italy 2020-02-03      697             742        787               106                 3                  0 41.87194  12.56738
37    Italy 2020-02-04      767             816        865               117                 3                  0 41.87194  12.56738
38    Italy 2020-02-05      843             897        951               129                 3                  0 41.87194  12.56738
39    Italy 2020-02-06      926             986       1046               141                 3                  0 41.87194  12.56738
40    Italy 2020-02-07     1018            1084       1150               155                 3                  0 41.87194  12.56738
41    Italy 2020-02-08     1120            1192       1264               171                 3                  0 41.87194  12.56738
42    Italy 2020-02-09     1231            1310       1389               188                 3                  0 41.87194  12.56738
43    Italy 2020-02-10     1353            1440       1527               206                 3                  0 41.87194  12.56738
44    Italy 2020-02-11     1487            1583       1679               227                 3                  0 41.87194  12.56738
45    Italy 2020-02-12     1635            1740       1845               249                 3                  0 41.87194  12.56738
46    Italy 2020-02-13     1796            1912       2028               274                 3                  0 41.87194  12.56738
47    Italy 2020-02-14     1974            2101       2228               301                 3                  0 41.87194  12.56738
48    Italy 2020-02-15     2169            2309       2449               331                 3                  0 41.87194  12.56738
49    Italy 2020-02-16     2384            2537       2690               364                 3                  0 41.87194  12.56738
50    Italy 2020-02-17     2618            2787       2956               399                 3                  0 41.87194  12.56738
51    Italy 2020-02-18     2877            3062       3247               439                 3                  0 41.87194  12.56738
52    Italy 2020-02-19     3160            3363       3566               482                 3                  0 41.87194  12.56738
53    Italy 2020-02-20     3470            3693       3916               529                 3                  0 41.87194  12.56738
54    Italy 2020-02-21     3810            4055       4300               581                17                  2 41.87194  12.56738
55    Italy 2020-02-22     4183            4452       4721               638                79                  2 41.87194  12.56738
56    Italy 2020-02-23     4590            4886       5182               700               132                  6 41.87194  12.56738
57    Italy 2020-02-24     5039            5363       5687               769               229                 11 41.87194  12.56738
58    Italy 2020-02-25     5528            5884       6240               843               322                 12 41.87194  12.56738
59    Italy 2020-02-26     6065            6455       6845               925               400                 17 41.87194  12.56738
60    Italy 2020-02-27     6651            7079       7507              1014               650                 21 41.87194  12.56738
61    Italy 2020-02-28     7292            7761       8230              1112               888                 29 41.87194  12.56738
62    Italy 2020-02-29     7992            8507       9022              1219              1128                 35 41.87194  12.56738
63    Italy 2020-03-01     8757            9321       9885              1336              1689                 52 41.87194  12.56738
64    Italy 2020-03-02     9592           10210      10828              1463              2036                 80 41.87194  12.56738
65    Italy 2020-03-03    10502           11178      11854              1602              2502                107 41.87194  12.56738
66    Italy 2020-03-04    11494           12234      12974              1753              3089                148 41.87194  12.56738
67    Italy 2020-03-05    12573           13383      14193              1918              3858                197 41.87194  12.56738
68    Italy 2020-03-06    13747           14632      15517              2097              4636                233 41.87194  12.56738
69    Italy 2020-03-07    15023           15990      16957              2291              5883                366 41.87194  12.56738
70    Italy 2020-03-08    16406           17462      18518              2502              7375                464 41.87194  12.56738
71    Italy 2020-03-09    17906           19059      20212              2731              9172                631 41.87194  12.56738
72    Italy 2020-03-10    19529           20786      22043              2979             10149                827 41.87194  12.56738
73    Italy 2020-03-11    21284           22654      24024              3246             12462               1016 41.87194  12.56738
74    Italy 2020-03-12    23176           24668      26160              3535             15113               1268 41.87194  12.56738
75    Italy 2020-03-13    25215           26838      28461              3846             17660               1441 41.87194  12.56738
76    Italy 2020-03-14    27407           29172      30937              4180             21157               1811 41.87194  12.56738
77    Italy 2020-03-15    29760           31676      33592              4539             23980               2158 41.87194  12.56738
78    Italy 2020-03-16    32280           34358      36436              4923             27980               2505 41.87194  12.56738
79    Italy 2020-03-17    34971           37223      39475              5334             31506               2978 41.87194  12.56738
80    Italy 2020-03-18    37841           40277      42713              5772             35713               3407 41.87194  12.56738
81    Italy 2020-03-19    40890           43523      46156              6237             41035               4032 41.87194  12.56738
82    Italy 2020-03-20    44125           46966      49807              6730             47021               4827 41.87194  12.56738
83    Italy 2020-03-21    47544           50605      53666              7252             53578               5476 41.87194  12.56738
84    Italy 2020-03-22    51147           54440      57733              7801             59138               6077 41.87194  12.56738
85    Italy 2020-03-23    54932           58469      62006              8378             63927               6820 41.87194  12.56738
86    Italy 2020-03-24    58896           62688      66480              8983             69176               7505 41.87194  12.56738
87    Italy 2020-03-25    63031           67089      71147              9614             74386               8165 41.87194  12.56738
88    Italy 2020-03-26    67329           71664      75999             10269             80539               9136 41.87194  12.56738
89    Italy 2020-03-27    71778           76400      81022             10948             86498              10023 41.87194  12.56738
90    Italy 2020-03-28    76368           81285      86202             11648             92472              10781 41.87194  12.56738
91    Italy 2020-03-29    81082           86303      91524             12367             97689              11591 41.87194  12.56738
92    Italy 2020-03-30    85903           91434      96965             13102            101739              12430 41.87194  12.56738
93    Italy 2020-03-31    90813           96660     102507             13851            105792              13157 41.87194  12.56738
94    Italy 2020-04-01    95790          101958     108126             14610            110574              13917 41.87194  12.56738
95    Italy 2020-04-02   100815          107306     113797             15377            115242              14681 41.87194  12.56738
96    Italy 2020-04-03   105864          112680     119496             16147            119827              15362 41.87194  12.56738
97    Italy 2020-04-04   110914          118056     125198             16917            124632              15889 41.87194  12.56738
98    Italy 2020-04-05   115944          123409     130874             17684            128948              16525 41.87194  12.56738
99    Italy 2020-04-06   120929          128715     136501             18444            132547              17129 41.87194  12.56738
100   Italy 2020-04-07   125850          133953     142056             19195            135586              17669 41.87194  12.56738
101   Italy 2020-04-08   130685          139099     147513             19932            139422              18281 41.87194  12.56738
102   Italy 2020-04-09   135414          144133     152852             20654            143626              18851 41.87194  12.56738
103   Italy 2020-04-10   140022          149038     158054             21357            147577              19470 41.87194  12.56738
104   Italy 2020-04-11   144493          153797     163101             22039            152271              19901 41.87194  12.56738
105   Italy 2020-04-12   148813          158395     167977             22697            156363              20465 41.87194  12.56738
106   Italy 2020-04-13   152972          162821     172670             23332            159516              21069 41.87194  12.56738
107   Italy 2020-04-14   156960          167066     177172             23940            162488              21647 41.87194  12.56738
108   Italy 2020-04-15   160770          171122     181474             24521            165155              22172 41.87194  12.56738
109   Italy 2020-04-16   164400          174985     185570             25075            168941              22747 41.87194  12.56738
110   Italy 2020-04-17   167845          178652     189459             25600            172434              23227 41.87194  12.56738
111   Italy 2020-04-18   171105          182122     193139             26097            175925              23660 41.87194  12.56738
112   Italy 2020-04-19   174181          185396     196611             26567            178972              24114 41.87194  12.56738
113   Italy 2020-04-20   177076          188477     199878             27008            181228              24648 41.87194  12.56738
114   Italy 2020-04-21   179793          191369     202945             27423            183957              25085 41.87194  12.56738
115   Italy 2020-04-22   182336          194076     205816             27810            187327              25549 41.87194  12.56738
116   Italy 2020-04-23   184712          196605     208498             28173            189973              25969 41.87194  12.56738
117   Italy 2020-04-24   186926          198962     210998             28511            192994              26384 41.87194  12.56738
118   Italy 2020-04-25   188987          201155     213323             28825            195351              26644 41.87194  12.56738
119   Italy 2020-04-26   190899          203191     215483             29117            197675              26977 41.87194  12.56738
120   Italy 2020-04-27   192672          205078     217484             29387            199414              27359 41.87194  12.56738
121   Italy 2020-04-28   194314          206825     219336             29637            201505              27682 41.87194  12.56738
122   Italy 2020-04-29   195831          208440     221049             29869            203591              27967 41.87194  12.56738
123   Italy 2020-04-30   197230          209929     222628             30082            205463              28236 41.87194  12.56738
124   Italy 2020-05-01   198521          211303     224085             30279            207428              28710 41.87194  12.56738
125   Italy 2020-05-02   199708          212567     225426             30460            209328              28884 41.87194  12.56738
126   Italy 2020-05-03   200801          213730     226659             30627            210717              29079 41.87194  12.56738
127   Italy 2020-05-04   201804          214798     227792             30780            211938              29315 41.87194  12.56738
128   Italy 2020-05-05   202726          215779     228832             30920            213013              29684 41.87194  12.56738
129   Italy 2020-05-06   203571          216678     229785             31049            214457              29958 41.87194  12.56738
130   Italy 2020-05-07   204345          217502     230659             31167            215858              30201 41.87194  12.56738
131   Italy 2020-05-08   205054          218257     231460             31276            217185              30395 41.87194  12.56738
132   Italy 2020-05-09   205703          218948     232193             31375            218268              30560 41.87194  12.56738
133   Italy 2020-05-10   206297          219580     232863             31465            219070              30739 41.87194  12.56738
134   Italy 2020-05-11   206840          220158     233476             31548            219814              30911 41.87194  12.56738
135   Italy 2020-05-12   207336          220686     234036             31624            221216              31106 41.87194  12.56738
136   Italy 2020-05-13   207790          221169     234548             31693            222104              31368 41.87194  12.56738
137   Italy 2020-05-14   208203          221609     235015             31756            223096              31610 41.87194  12.56738
138   Italy 2020-05-15   208581          222011     235441             31813            223885              31763 41.87194  12.56738
139   Italy 2020-05-16   208926          222378     235830             31866            224760              31908 41.87194  12.56738
140   Italy 2020-05-17   209240          222712     236184             31914            225435              32007 41.87194  12.56738
141   Italy 2020-05-18   209526          223017     236508             31958            225886              32169 41.87194  12.56738
142   Italy 2020-05-19   209787          223295     236803             31997            226699              32330 41.87194  12.56738
143   Italy 2020-05-20   210026          223549     237072             32034            227364              32486 41.87194  12.56738
144   Italy 2020-05-21   210243          223780     237317             32067            228006              32616 41.87194  12.56738
145   Italy 2020-05-22   210440          223990     237540             32097            228658              32735 41.87194  12.56738
146   Italy 2020-05-23   210621          224182     237743             32125            229327              32785 41.87194  12.56738
147   Italy 2020-05-24   210784          224356     237928             32149            229858              32877 41.87194  12.56738
148   Italy 2020-05-25   210934          224515     238096             32172            230158              32955 41.87194  12.56738
149   Italy 2020-05-26   211070          224660     238250             32193            230555              33072 41.87194  12.56738
150   Italy 2020-05-27   211194          224792     238390             32212            231139              33142 41.87194  12.56738
151   Italy 2020-05-28   211307          224912     238517             32229            231732              33229 41.87194  12.56738
152   Italy 2020-05-29   211409          225021     238633             32245            232248              33340 41.87194  12.56738
153   Italy 2020-05-30   211502          225120     238738             32259            232664              33340 41.87194  12.56738
154   Italy 2020-05-31   211586          225210     238834             32272                NA                 NA 41.87194  12.56738
155   Italy 2020-06-01   211664          225293     238922             32284                NA                 NA 41.87194  12.56738
156   Italy 2020-06-02   211735          225368     239001             32295                NA                 NA 41.87194  12.56738
157   Italy 2020-06-03   211799          225436     239073             32304                NA                 NA 41.87194  12.56738
158   Italy 2020-06-04   211857          225498     239139             32313                NA                 NA 41.87194  12.56738
159   Italy 2020-06-05   211910          225554     239198             32321                NA                 NA 41.87194  12.56738
160   Italy 2020-06-06   211958          225605     239252             32328                NA                 NA 41.87194  12.56738

Fontes:
	OMS - https://ourworldindata.org/coronavirus-source-data
	Worldometers - https://www.worldometers.info/coronavirus