
 Italy 
Projecao:  7  dias
Gerado em:  2020-03-21 23:50:11
RMSE(%):  8 , BIAS(%): 1.3

Taxa de Mortalidade 9.01 %

         dias otimista casos_estimados pessimista estimativa_mortes casos_confirmados
71 2020-03-09     7729            8406       9083               757              9172
72 2020-03-10     9242           10051      10860               905             10149
73 2020-03-11    11021           11986      12951              1079             12462
74 2020-03-12    13101           14248      15395              1283             15113
75 2020-03-13    15516           16874      18232              1520             17660
76 2020-03-14    18297           19899      21501              1792             17750
77 2020-03-15    21472           23351      25230              2103             23980
78 2020-03-16    25056           27249      29442              2454             27980
79 2020-03-17    29057           31600      34143              2846             31506
80 2020-03-18    33462           36391      39320              3277             35713
81 2020-03-19    38244           41591      44938              3746             41035
82 2020-03-20    43352           47147      50942              4246             47021
83 2020-03-21    48720           52984      57248              4772             53578
84 2020-03-22    54260           59009      63758              5314                NA
85 2020-03-23    59874           65115      70356              5864                NA
86 2020-03-24    65460           71190      76920              6411                NA
87 2020-03-25    70917           77124      83331              6945                NA
88 2020-03-26    76151           82817      89483              7458                NA
89 2020-03-27    81087           88185      95283              7942                NA
90 2020-03-28    85667           93165     100663              8390                NA


Estimados a partir dos dados da OMS:
   day       date     x  xest
1    1 2019-12-30     0     0
2    2 2019-12-31     0     0
3    3 2020-01-01     0     0
4    4 2020-01-02     0     0
5    5 2020-01-03     0     0
6    6 2020-01-04     0     0
7    7 2020-01-05     0     0
8    8 2020-01-06     0     0
9    9 2020-01-07     0     0
10  10 2020-01-08     0     0
11  11 2020-01-09     0     0
12  12 2020-01-10     0     0
13  13 2020-01-11     0     0
14  14 2020-01-12     0     0
15  15 2020-01-13     0     0
16  16 2020-01-14     0     0
17  17 2020-01-15     0     0
18  18 2020-01-16     0     0
19  19 2020-01-17     0     0
20  20 2020-01-18     0     0
21  21 2020-01-19     0     1
22  22 2020-01-20     0     1
23  23 2020-01-21     0     1
24  24 2020-01-22     0     1
25  25 2020-01-23     0     1
26  26 2020-01-24     0     2
27  27 2020-01-25     0     2
28  28 2020-01-26     0     2
29  29 2020-01-27     0     3
30  30 2020-01-28     0     3
31  31 2020-01-29     0     4
32  32 2020-01-30     3     5
33  33 2020-01-31     3     6
34  34 2020-02-01     3     7
35  35 2020-02-02     3     9
36  36 2020-02-03     3    11
37  37 2020-02-04     3    13
38  38 2020-02-05     3    16
39  39 2020-02-06     3    19
40  40 2020-02-07     3    23
41  41 2020-02-08     3    28
42  42 2020-02-09     3    34
43  43 2020-02-10     3    41
44  44 2020-02-11     3    49
45  45 2020-02-12     3    60
46  46 2020-02-13     3    73
47  47 2020-02-14     3    88
48  48 2020-02-15     3   107
49  49 2020-02-16     3   129
50  50 2020-02-17     3   157
51  51 2020-02-18     3   190
52  52 2020-02-19     3   231
53  53 2020-02-20     3   280
54  54 2020-02-21    17   339
55  55 2020-02-22    79   411
56  56 2020-02-23   132   498
57  57 2020-02-24   229   603
58  58 2020-02-25   322   730
59  59 2020-02-26   400   884
60  60 2020-02-27   650  1071
61  61 2020-02-28   888  1296
62  62 2020-02-29  1128  1568
63  63 2020-03-01  1689  1897
64  64 2020-03-02  1835  2293
65  65 2020-03-03  2502  2770
66  66 2020-03-04  3089  3343
67  67 2020-03-05  3858  4031
68  68 2020-03-06  4636  4856
69  69 2020-03-07  5883  5840
70  70 2020-03-08  7375  7013
71  71 2020-03-09  9172  8406
72  72 2020-03-10 10149 10051
73  73 2020-03-11 12462 11986
74  74 2020-03-12 15113 14248
75  75 2020-03-13 17660 16874
76  76 2020-03-14 17750 19899
77  77 2020-03-15 23980 23351
78  78 2020-03-16 27980 27249
79  79 2020-03-17 31506 31600
80  80 2020-03-18 35713 36391
81  81 2020-03-19 41035 41591
82  82 2020-03-20 47021 47147
83  83 2020-03-21 53578 52984


Todos os dados gerados
         dias otimista casos_estimados pessimista estimativa_mortes casos_confirmados
1  2019-12-30        0               0          0                 0                 0
2  2019-12-31        0               0          0                 0                 0
3  2020-01-01        0               0          0                 0                 0
4  2020-01-02        0               0          0                 0                 0
5  2020-01-03        0               0          0                 0                 0
6  2020-01-04        0               0          0                 0                 0
7  2020-01-05        0               0          0                 0                 0
8  2020-01-06        0               0          0                 0                 0
9  2020-01-07        0               0          0                 0                 0
10 2020-01-08        0               0          0                 0                 0
11 2020-01-09        0               0          0                 0                 0
12 2020-01-10        0               0          0                 0                 0
13 2020-01-11        0               0          0                 0                 0
14 2020-01-12        0               0          0                 0                 0
15 2020-01-13        0               0          0                 0                 0
16 2020-01-14        0               0          0                 0                 0
17 2020-01-15        0               0          0                 0                 0
18 2020-01-16        0               0          0                 0                 0
19 2020-01-17        0               0          0                 0                 0
20 2020-01-18        0               0          0                 0                 0
21 2020-01-19        1               1          1                 0                 0
22 2020-01-20        1               1          1                 0                 0
23 2020-01-21        1               1          1                 0                 0
24 2020-01-22        1               1          1                 0                 0
25 2020-01-23        1               1          1                 0                 0
26 2020-01-24        2               2          2                 0                 0
27 2020-01-25        2               2          2                 0                 0
28 2020-01-26        2               2          2                 0                 0
29 2020-01-27        3               3          3                 0                 0
30 2020-01-28        3               3          3                 0                 0
31 2020-01-29        4               4          4                 0                 0
32 2020-01-30        5               5          5                 0                 3
33 2020-01-31        6               6          6                 1                 3
34 2020-02-01        6               7          8                 1                 3
35 2020-02-02        8               9         10                 1                 3
36 2020-02-03       10              11         12                 1                 3
37 2020-02-04       12              13         14                 1                 3
38 2020-02-05       15              16         17                 1                 3
39 2020-02-06       17              19         21                 2                 3
40 2020-02-07       21              23         25                 2                 3
41 2020-02-08       26              28         30                 3                 3
42 2020-02-09       31              34         37                 3                 3
43 2020-02-10       38              41         44                 4                 3
44 2020-02-11       45              49         53                 4                 3
45 2020-02-12       55              60         65                 5                 3
46 2020-02-13       67              73         79                 7                 3
47 2020-02-14       81              88         95                 8                 3
48 2020-02-15       98             107        116                10                 3
49 2020-02-16      119             129        139                12                 3
50 2020-02-17      144             157        170                14                 3
51 2020-02-18      175             190        205                17                 3
52 2020-02-19      212             231        250                21                 3
53 2020-02-20      257             280        303                25                 3
54 2020-02-21      312             339        366                31                17
55 2020-02-22      378             411        444                37                79
56 2020-02-23      458             498        538                45               132
57 2020-02-24      554             603        652                54               229
58 2020-02-25      671             730        789                66               322
59 2020-02-26      813             884        955                80               400
60 2020-02-27      985            1071       1157                96               650
61 2020-02-28     1192            1296       1400               117               888
62 2020-02-29     1442            1568       1694               141              1128
63 2020-03-01     1744            1897       2050               171              1689
64 2020-03-02     2108            2293       2478               206              1835
65 2020-03-03     2547            2770       2993               249              2502
66 2020-03-04     3074            3343       3612               301              3089
67 2020-03-05     3707            4031       4355               363              3858
68 2020-03-06     4465            4856       5247               437              4636
69 2020-03-07     5370            5840       6310               526              5883
70 2020-03-08     6449            7013       7577               632              7375
71 2020-03-09     7729            8406       9083               757              9172
72 2020-03-10     9242           10051      10860               905             10149
73 2020-03-11    11021           11986      12951              1079             12462
74 2020-03-12    13101           14248      15395              1283             15113
75 2020-03-13    15516           16874      18232              1520             17660
76 2020-03-14    18297           19899      21501              1792             17750
77 2020-03-15    21472           23351      25230              2103             23980
78 2020-03-16    25056           27249      29442              2454             27980
79 2020-03-17    29057           31600      34143              2846             31506
80 2020-03-18    33462           36391      39320              3277             35713
81 2020-03-19    38244           41591      44938              3746             41035
82 2020-03-20    43352           47147      50942              4246             47021
83 2020-03-21    48720           52984      57248              4772             53578
84 2020-03-22    54260           59009      63758              5314                NA
85 2020-03-23    59874           65115      70356              5864                NA
86 2020-03-24    65460           71190      76920              6411                NA
87 2020-03-25    70917           77124      83331              6945                NA
88 2020-03-26    76151           82817      89483              7458                NA
89 2020-03-27    81087           88185      95283              7942                NA
90 2020-03-28    85667           93165     100663              8390                NA

Fontes:
	OMS - https://ourworldindata.org/coronavirus-source-data
	Worldometers - https://www.worldometers.info/coronavirus