
 Brazil 
Projecao:  7  dias
Gerado em:  2020-04-13 12:31:24
RMSE(%):  8.7 , BIAS(%): 0.71

Taxa de Mortalidade 5.5 %

    country       dias otimista casos_estimados pessimista estimativa_mortes casos_confirmados mortes_confirmadas latitude longitude
94   Brazil 2020-04-01     6151            6735       7319               371              6836                299        0         0
95   Brazil 2020-04-02     7084            7757       8430               427              7910                359        0         0
96   Brazil 2020-04-03     8114            8885       9656               489              9056                432        0         0
97   Brazil 2020-04-04     9238           10116      10994               557             10278                486        0         0
98   Brazil 2020-04-05    10448           11441      12434               630             11130                553        0         0
99   Brazil 2020-04-06    11734           12849      13964               707             12056                667        0         0
100  Brazil 2020-04-07    13081           14324      15567               788             13717                800        0         0
101  Brazil 2020-04-08    14471           15846      17221               872             15927                941        0         0
102  Brazil 2020-04-09    15882           17391      18900               957             17857               1056        0         0
103  Brazil 2020-04-10    17293           18936      20579              1042             19638               1124        0         0
104  Brazil 2020-04-11    18681           20456      22231              1126             20727               1223        0         0
105  Brazil 2020-04-12    20026           21929      23832              1207             22169               1245        0         0
106  Brazil 2020-04-13    21309           23334      25359              1284             22625               1245        0         0
107  Brazil 2020-04-14    22515           24655      26795              1357                NA                 NA        0         0
108  Brazil 2020-04-15    23636           25882      28128              1424                NA                 NA        0         0
109  Brazil 2020-04-16    24662           27005      29348              1486                NA                 NA        0         0
110  Brazil 2020-04-17    25591           28023      30455              1542                NA                 NA        0         0
111  Brazil 2020-04-18    26424           28935      31446              1592                NA                 NA        0         0
112  Brazil 2020-04-19    27164           29745      32326              1637                NA                 NA        0         0
113  Brazil 2020-04-20    27815           30458      33101              1676                NA                 NA        0         0

Total de casos no mundo:  1876373 601880 896023 303312 51403 7797 15237 721 1876373

Estimados a partir dos dados da OMS:
    day       date     x  xest
1     1 2019-12-30     0     0
2     2 2019-12-31     0     0
3     3 2020-01-01     0     0
4     4 2020-01-02     0     0
5     5 2020-01-03     0     0
6     6 2020-01-04     0     0
7     7 2020-01-05     0     0
8     8 2020-01-06     0     0
9     9 2020-01-07     0     0
10   10 2020-01-08     0     0
11   11 2020-01-09     0     0
12   12 2020-01-10     0     0
13   13 2020-01-11     0     0
14   14 2020-01-12     0     0
15   15 2020-01-13     0     0
16   16 2020-01-14     0     0
17   17 2020-01-15     0     0
18   18 2020-01-16     0     0
19   19 2020-01-17     0     0
20   20 2020-01-18     0     0
21   21 2020-01-19     0     0
22   22 2020-01-20     0     0
23   23 2020-01-21     0     0
24   24 2020-01-22     0     0
25   25 2020-01-23     0     0
26   26 2020-01-24     0     0
27   27 2020-01-25     0     0
28   28 2020-01-26     0     0
29   29 2020-01-27     0     0
30   30 2020-01-28     0     0
31   31 2020-01-29     0     0
32   32 2020-01-30     0     0
33   33 2020-01-31     0     0
34   34 2020-02-01     0     0
35   35 2020-02-02     0     0
36   36 2020-02-03     0     0
37   37 2020-02-04     0     0
38   38 2020-02-05     0     0
39   39 2020-02-06     0     0
40   40 2020-02-07     0     1
41   41 2020-02-08     0     1
42   42 2020-02-09     0     1
43   43 2020-02-10     0     1
44   44 2020-02-11     0     1
45   45 2020-02-12     0     1
46   46 2020-02-13     0     2
47   47 2020-02-14     0     2
48   48 2020-02-15     0     2
49   49 2020-02-16     0     3
50   50 2020-02-17     0     3
51   51 2020-02-18     0     4
52   52 2020-02-19     0     5
53   53 2020-02-20     0     6
54   54 2020-02-21     0     7
55   55 2020-02-22     0     8
56   56 2020-02-23     0     9
57   57 2020-02-24     0    11
58   58 2020-02-25     1    14
59   59 2020-02-26     1    16
60   60 2020-02-27     1    19
61   61 2020-02-28     1    23
62   62 2020-02-29     2    28
63   63 2020-03-01     2    33
64   64 2020-03-02     0    39
65   65 2020-03-03     0    47
66   66 2020-03-04     3    56
67   67 2020-03-05     8    67
68   68 2020-03-06    13    80
69   69 2020-03-07    13    96
70   70 2020-03-08    25   115
71   71 2020-03-09     0   137
72   72 2020-03-10    34   164
73   73 2020-03-11    52   196
74   74 2020-03-12    77   234
75   75 2020-03-13    98   279
76   76 2020-03-14   121   333
77   77 2020-03-15   200   397
78   78 2020-03-16   234   474
79   79 2020-03-17   291   565
80   80 2020-03-18   428   673
81   81 2020-03-19   621   802
82   82 2020-03-20   904   954
83   83 2020-03-21  1128  1135
84   84 2020-03-22  1546  1348
85   85 2020-03-23  1891  1599
86   86 2020-03-24  2201  1895
87   87 2020-03-25  2433  2241
88   88 2020-03-26  2915  2645
89   89 2020-03-27  3417  3116
90   90 2020-03-28  3904  3661
91   91 2020-03-29  4256  4288
92   92 2020-03-30  4579  5005
93   93 2020-03-31  5717  5819
94   94 2020-04-01  6836  6735
95   95 2020-04-02  7910  7757
96   96 2020-04-03  9056  8885
97   97 2020-04-04 10278 10116
98   98 2020-04-05 11130 11441
99   99 2020-04-06 12056 12849
100 100 2020-04-07 13717 14324
101 101 2020-04-08 15927 15846
102 102 2020-04-09 17857 17391
103 103 2020-04-10 19638 18936
104 104 2020-04-11 20727 20456
105 105 2020-04-12 22169 21929
106 106 2020-04-13 22625 23334

Intervalo de Confianca
             2.5%        97.5%
Asym 33069.313470 36629.207514
xmid   101.399704   102.621998
scal     5.415635     5.797077


Formula: x ~ SSlogis(day, Asym, xmid, scal)

Parameters:
        Estimate  Std. Error t value            Pr(>|t|)    
Asym 34718.64734   925.35279   37.52 <0.0000000000000002 ***
xmid   101.97955     0.31887  319.81 <0.0000000000000002 ***
scal     5.60259     0.09939   56.37 <0.0000000000000002 ***
---
Signif. codes:  0 ‘***’ 0.001 ‘**’ 0.01 ‘*’ 0.05 ‘.’ 0.1 ‘ ’ 1

Residual standard error: 188.6 on 103 degrees of freedom

Number of iterations to convergence: 13 
Achieved convergence tolerance: 0.0000000149


Brazil: o primeiro caso foi registrado em 25/02/2020 na data 13/04/2020 temos 48 dias desde o primeiro caso. A data de pico prevista pelo modelo logístico é 06/06/2020 (dia 102 desde os primeiros casos relatados).
Em 06/06/2020 o modelo estima 34719+/-925 casos. De acordo com o modelo ajustado temos 54 de infecçao pela frente.

Todos os dados gerados
    country       dias otimista casos_estimados pessimista estimativa_mortes casos_confirmados mortes_confirmadas latitude longitude
1    Brazil 2019-12-30        0               0          0                 0                 0                  0        0         0
2    Brazil 2019-12-31        0               0          0                 0                 0                  0        0         0
3    Brazil 2020-01-01        0               0          0                 0                 0                  0        0         0
4    Brazil 2020-01-02        0               0          0                 0                 0                  0        0         0
5    Brazil 2020-01-03        0               0          0                 0                 0                  0        0         0
6    Brazil 2020-01-04        0               0          0                 0                 0                  0        0         0
7    Brazil 2020-01-05        0               0          0                 0                 0                  0        0         0
8    Brazil 2020-01-06        0               0          0                 0                 0                  0        0         0
9    Brazil 2020-01-07        0               0          0                 0                 0                  0        0         0
10   Brazil 2020-01-08        0               0          0                 0                 0                  0        0         0
11   Brazil 2020-01-09        0               0          0                 0                 0                  0        0         0
12   Brazil 2020-01-10        0               0          0                 0                 0                  0        0         0
13   Brazil 2020-01-11        0               0          0                 0                 0                  0        0         0
14   Brazil 2020-01-12        0               0          0                 0                 0                  0        0         0
15   Brazil 2020-01-13        0               0          0                 0                 0                  0        0         0
16   Brazil 2020-01-14        0               0          0                 0                 0                  0        0         0
17   Brazil 2020-01-15        0               0          0                 0                 0                  0        0         0
18   Brazil 2020-01-16        0               0          0                 0                 0                  0        0         0
19   Brazil 2020-01-17        0               0          0                 0                 0                  0        0         0
20   Brazil 2020-01-18        0               0          0                 0                 0                  0        0         0
21   Brazil 2020-01-19        0               0          0                 0                 0                  0        0         0
22   Brazil 2020-01-20        0               0          0                 0                 0                  0        0         0
23   Brazil 2020-01-21        0               0          0                 0                 0                  0        0         0
24   Brazil 2020-01-22        0               0          0                 0                 0                  0        0         0
25   Brazil 2020-01-23        0               0          0                 0                 0                  0        0         0
26   Brazil 2020-01-24        0               0          0                 0                 0                  0        0         0
27   Brazil 2020-01-25        0               0          0                 0                 0                  0        0         0
28   Brazil 2020-01-26        0               0          0                 0                 0                  0        0         0
29   Brazil 2020-01-27        0               0          0                 0                 0                  0        0         0
30   Brazil 2020-01-28        0               0          0                 0                 0                  0        0         0
31   Brazil 2020-01-29        0               0          0                 0                 0                  0        0         0
32   Brazil 2020-01-30        0               0          0                 0                 0                  0        0         0
33   Brazil 2020-01-31        0               0          0                 0                 0                  0        0         0
34   Brazil 2020-02-01        0               0          0                 0                 0                  0        0         0
35   Brazil 2020-02-02        0               0          0                 0                 0                  0        0         0
36   Brazil 2020-02-03        0               0          0                 0                 0                  0        0         0
37   Brazil 2020-02-04        0               0          0                 0                 0                  0        0         0
38   Brazil 2020-02-05        0               0          0                 0                 0                  0        0         0
39   Brazil 2020-02-06        0               0          0                 0                 0                  0        0         0
40   Brazil 2020-02-07        1               1          1                 0                 0                  0        0         0
41   Brazil 2020-02-08        1               1          1                 0                 0                  0        0         0
42   Brazil 2020-02-09        1               1          1                 0                 0                  0        0         0
43   Brazil 2020-02-10        1               1          1                 0                 0                  0        0         0
44   Brazil 2020-02-11        1               1          1                 0                 0                  0        0         0
45   Brazil 2020-02-12        1               1          1                 0                 0                  0        0         0
46   Brazil 2020-02-13        2               2          2                 0                 0                  0        0         0
47   Brazil 2020-02-14        2               2          2                 0                 0                  0        0         0
48   Brazil 2020-02-15        2               2          2                 0                 0                  0        0         0
49   Brazil 2020-02-16        3               3          3                 0                 0                  0        0         0
50   Brazil 2020-02-17        3               3          3                 0                 0                  0        0         0
51   Brazil 2020-02-18        4               4          4                 0                 0                  0        0         0
52   Brazil 2020-02-19        5               5          5                 0                 0                  0        0         0
53   Brazil 2020-02-20        5               6          7                 0                 0                  0        0         0
54   Brazil 2020-02-21        6               7          8                 0                 0                  0        0         0
55   Brazil 2020-02-22        7               8          9                 0                 0                  0        0         0
56   Brazil 2020-02-23        8               9         10                 0                 0                  0        0         0
57   Brazil 2020-02-24       10              11         12                 1                 0                  0        0         0
58   Brazil 2020-02-25       13              14         15                 1                 1                  0        0         0
59   Brazil 2020-02-26       15              16         17                 1                 1                  0        0         0
60   Brazil 2020-02-27       17              19         21                 1                 1                  0        0         0
61   Brazil 2020-02-28       21              23         25                 1                 1                  0        0         0
62   Brazil 2020-02-29       26              28         30                 2                 2                  0        0         0
63   Brazil 2020-03-01       30              33         36                 2                 2                 NA        0         0
64   Brazil 2020-03-02       36              39         42                 2                 0                 NA        0         0
65   Brazil 2020-03-03       43              47         51                 3                 0                  0        0         0
66   Brazil 2020-03-04       51              56         61                 3                 3                  0        0         0
67   Brazil 2020-03-05       61              67         73                 4                 8                  0        0         0
68   Brazil 2020-03-06       73              80         87                 4                13                  0        0         0
69   Brazil 2020-03-07       88              96        104                 5                13                  0        0         0
70   Brazil 2020-03-08      105             115        125                 6                25                 NA        0         0
71   Brazil 2020-03-09      125             137        149                 8                 0                  0        0         0
72   Brazil 2020-03-10      150             164        178                 9                34                  0        0         0
73   Brazil 2020-03-11      179             196        213                11                52                  0        0         0
74   Brazil 2020-03-12      214             234        254                13                77                  0        0         0
75   Brazil 2020-03-13      255             279        303                15                98                  0        0         0
76   Brazil 2020-03-14      304             333        362                18               121                  0        0         0
77   Brazil 2020-03-15      363             397        431                22               200                  0        0         0
78   Brazil 2020-03-16      433             474        515                26               234                  1        0         0
79   Brazil 2020-03-17      516             565        614                31               291                  4        0         0
80   Brazil 2020-03-18      615             673        731                37               428                  6        0         0
81   Brazil 2020-03-19      732             802        872                44               621                 11        0         0
82   Brazil 2020-03-20      871             954       1037                52               904                 18        0         0
83   Brazil 2020-03-21     1037            1135       1233                62              1128                 25        0         0
84   Brazil 2020-03-22     1231            1348       1465                74              1546                 34        0         0
85   Brazil 2020-03-23     1460            1599       1738                88              1891                 46        0         0
86   Brazil 2020-03-24     1731            1895       2059               104              2201                 57        0         0
87   Brazil 2020-03-25     2047            2241       2435               123              2433                 77        0         0
88   Brazil 2020-03-26     2415            2645       2875               146              2915                 92        0         0
89   Brazil 2020-03-27     2846            3116       3386               171              3417                114        0         0
90   Brazil 2020-03-28     3343            3661       3979               201              3904                136        0         0
91   Brazil 2020-03-29     3916            4288       4660               236              4256                159        0         0
92   Brazil 2020-03-30     4571            5005       5439               275              4579                201        0         0
93   Brazil 2020-03-31     5314            5819       6324               320              5717                241        0         0
94   Brazil 2020-04-01     6151            6735       7319               371              6836                299        0         0
95   Brazil 2020-04-02     7084            7757       8430               427              7910                359        0         0
96   Brazil 2020-04-03     8114            8885       9656               489              9056                432        0         0
97   Brazil 2020-04-04     9238           10116      10994               557             10278                486        0         0
98   Brazil 2020-04-05    10448           11441      12434               630             11130                553        0         0
99   Brazil 2020-04-06    11734           12849      13964               707             12056                667        0         0
100  Brazil 2020-04-07    13081           14324      15567               788             13717                800        0         0
101  Brazil 2020-04-08    14471           15846      17221               872             15927                941        0         0
102  Brazil 2020-04-09    15882           17391      18900               957             17857               1056        0         0
103  Brazil 2020-04-10    17293           18936      20579              1042             19638               1124        0         0
104  Brazil 2020-04-11    18681           20456      22231              1126             20727               1223        0         0
105  Brazil 2020-04-12    20026           21929      23832              1207             22169               1245        0         0
106  Brazil 2020-04-13    21309           23334      25359              1284             22625               1245        0         0
107  Brazil 2020-04-14    22515           24655      26795              1357                NA                 NA        0         0
108  Brazil 2020-04-15    23636           25882      28128              1424                NA                 NA        0         0
109  Brazil 2020-04-16    24662           27005      29348              1486                NA                 NA        0         0
110  Brazil 2020-04-17    25591           28023      30455              1542                NA                 NA        0         0
111  Brazil 2020-04-18    26424           28935      31446              1592                NA                 NA        0         0
112  Brazil 2020-04-19    27164           29745      32326              1637                NA                 NA        0         0
113  Brazil 2020-04-20    27815           30458      33101              1676                NA                 NA        0         0

Fontes:
	OMS - https://ourworldindata.org/coronavirus-source-data
	Worldometers - https://www.worldometers.info/coronavirus