
 Brazil 
Projecao:  10  dias
Gerado em:  2020-09-16 18:41:18
RMSE(%):  4.9 , BIAS(%): 1.53

Taxa de Mortalidade 3.03 %

    country       dias otimista casos_estimados pessimista estimativa_mortes casos_confirmados mortes_confirmadas latitude longitude
253  Brazil 2020-09-07  3915103         4118207    4321311            124975           4147794             127464        0         0
254  Brazil 2020-09-08  3939424         4143790    4348156            125752           4162073             128539        0         0
255  Brazil 2020-09-09  3963127         4168723    4374319            126508           4197889             129522        0         0
256  Brazil 2020-09-10  3986218         4193012    4399806            127245           4238446             130396        0         0
257  Brazil 2020-09-11  4008707         4216667    4424627            127963           4282164             131210        0         0
258  Brazil 2020-09-12  4030599         4239695    4448791            128662           4315687             131625        0         0
259  Brazil 2020-09-13  4051904         4262105    4472306            129342           4330455             132006        0         0
260  Brazil 2020-09-14  4072630         4283906    4495182            130004           4345610             133119        0         0
261  Brazil 2020-09-15  4092785         4305107    4517429            130647           4382263             134106        0         0
262  Brazil 2020-09-16  4112380         4325719    4539058            131273           4419083             134106        0         0
263  Brazil 2020-09-17  4131423         4345750    4560077            131881                NA                 NA        0         0
264  Brazil 2020-09-18  4149927         4365213    4580499            132471                NA                 NA        0         0
265  Brazil 2020-09-19  4167897         4384116    4600335            133045                NA                 NA        0         0
266  Brazil 2020-09-20  4185347         4402471    4619595            133602                NA                 NA        0         0
267  Brazil 2020-09-21  4202286         4420289    4638292            134143                NA                 NA        0         0
268  Brazil 2020-09-22  4218726         4437581    4656436            134667                NA                 NA        0         0
269  Brazil 2020-09-23  4234674         4454357    4674040            135176                NA                 NA        0         0
270  Brazil 2020-09-24  4250144         4470629    4691114            135670                NA                 NA        0         0
271  Brazil 2020-09-25  4265145         4486409    4707673            136149                NA                 NA        0         0
272  Brazil 2020-09-26  4279688         4501706    4723724            136613                NA                 NA        0         0

Total de casos no mundo:  29983847 8124769 8969485 7262100 4217535 1378983 30254 721 29983847

Estimados a partir dos dados da OMS:
    day       date       x    xest
1     1 2019-12-30       0    1754
2     2 2019-12-31       0    1821
3     3 2020-01-01       0    1892
4     4 2020-01-02       0    1965
5     5 2020-01-03       0    2041
6     6 2020-01-04       0    2120
7     7 2020-01-05       0    2201
8     8 2020-01-06       0    2286
9     9 2020-01-07       0    2375
10   10 2020-01-08       0    2467
11   11 2020-01-09       0    2562
12   12 2020-01-10       0    2661
13   13 2020-01-11       0    2764
14   14 2020-01-12       0    2870
15   15 2020-01-13       0    2981
16   16 2020-01-14       0    3096
17   17 2020-01-15       0    3216
18   18 2020-01-16       0    3340
19   19 2020-01-17       0    3469
20   20 2020-01-18       0    3603
21   21 2020-01-19       0    3743
22   22 2020-01-20       0    3887
23   23 2020-01-21       0    4037
24   24 2020-01-22       0    4193
25   25 2020-01-23       0    4355
26   26 2020-01-24       0    4523
27   27 2020-01-25       0    4698
28   28 2020-01-26       0    4879
29   29 2020-01-27       0    5068
30   30 2020-01-28       0    5264
31   31 2020-01-29       0    5467
32   32 2020-01-30       0    5678
33   33 2020-01-31       0    5897
34   34 2020-02-01       0    6125
35   35 2020-02-02       0    6361
36   36 2020-02-03       0    6607
37   37 2020-02-04       0    6862
38   38 2020-02-05       0    7127
39   39 2020-02-06       0    7402
40   40 2020-02-07       0    7687
41   41 2020-02-08       0    7984
42   42 2020-02-09       0    8292
43   43 2020-02-10       0    8612
44   44 2020-02-11       0    8944
45   45 2020-02-12       0    9290
46   46 2020-02-13       0    9648
47   47 2020-02-14       0   10020
48   48 2020-02-15       0   10407
49   49 2020-02-16       0   10808
50   50 2020-02-17       0   11225
51   51 2020-02-18       0   11658
52   52 2020-02-19       0   12107
53   53 2020-02-20       0   12574
54   54 2020-02-21       0   13059
55   55 2020-02-22       0   13562
56   56 2020-02-23       0   14085
57   57 2020-02-24       0   14628
58   58 2020-02-25       1   15192
59   59 2020-02-26       1   15777
60   60 2020-02-27       1   16385
61   61 2020-02-28       1   17016
62   62 2020-02-29       2   17672
63   63 2020-03-01       2   18352
64   64 2020-03-02       2   19059
65   65 2020-03-03       2   19793
66   66 2020-03-04       3   20554
67   67 2020-03-05       8   21346
68   68 2020-03-06      13   22167
69   69 2020-03-07      13   23020
70   70 2020-03-08      25   23905
71   71 2020-03-09      25   24825
72   72 2020-03-10      34   25779
73   73 2020-03-11      52   26771
74   74 2020-03-12      77   27800
75   75 2020-03-13      98   28868
76   76 2020-03-14     121   29977
77   77 2020-03-15     200   31129
78   78 2020-03-16     234   32324
79   79 2020-03-17     291   33565
80   80 2020-03-18     428   34853
81   81 2020-03-19     621   36191
82   82 2020-03-20     904   37579
83   83 2020-03-21    1128   39020
84   84 2020-03-22    1546   40516
85   85 2020-03-23    1891   42069
86   86 2020-03-24    2201   43681
87   87 2020-03-25    2433   45354
88   88 2020-03-26    2915   47090
89   89 2020-03-27    3417   48892
90   90 2020-03-28    3904   50763
91   91 2020-03-29    4256   52704
92   92 2020-03-30    4579   54719
93   93 2020-03-31    5717   56810
94   94 2020-04-01    6836   58980
95   95 2020-04-02    7910   61231
96   96 2020-04-03    9056   63568
97   97 2020-04-04   10278   65992
98   98 2020-04-05   11130   68508
99   99 2020-04-06   12056   71118
100 100 2020-04-07   13717   73826
101 101 2020-04-08   15927   76635
102 102 2020-04-09   17857   79550
103 103 2020-04-10   19638   82574
104 104 2020-04-11   20727   85710
105 105 2020-04-12   22169   88964
106 106 2020-04-13   23430   92338
107 107 2020-04-14   25262   95838
108 108 2020-04-15   28320   99468
109 109 2020-04-16   30425  103233
110 110 2020-04-17   33682  107137
111 111 2020-04-18   36599  111185
112 112 2020-04-19   38654  115383
113 113 2020-04-20   40581  119735
114 114 2020-04-21   43079  124247
115 115 2020-04-22   45757  128924
116 116 2020-04-23   49492  133773
117 117 2020-04-24   52995  138798
118 118 2020-04-25   58509  144007
119 119 2020-04-26   61888  149405
120 120 2020-04-27   66501  154999
121 121 2020-04-28   71886  160796
122 122 2020-04-29   78162  166802
123 123 2020-04-30   85380  173023
124 124 2020-05-01   91589  179469
125 125 2020-05-02   96559  186144
126 126 2020-05-03  101147  193059
127 127 2020-05-04  107780  200219
128 128 2020-05-05  114715  207633
129 129 2020-05-06  125218  215309
130 130 2020-05-07  135106  223256
131 131 2020-05-08  145328  231481
132 132 2020-05-09  155939  239994
133 133 2020-05-10  162699  248804
134 134 2020-05-11  168331  257919
135 135 2020-05-12  177589  267349
136 136 2020-05-13  188974  277104
137 137 2020-05-14  202918  287192
138 138 2020-05-15  218223  297625
139 139 2020-05-16  233142  308411
140 140 2020-05-17  241080  319561
141 141 2020-05-18  254220  331085
142 142 2020-05-19  271628  342995
143 143 2020-05-20  291579  355299
144 144 2020-05-21  310087  368010
145 145 2020-05-22  330890  381137
146 146 2020-05-23  347398  394692
147 147 2020-05-24  363211  408687
148 148 2020-05-25  374898  423131
149 149 2020-05-26  391222  438036
150 150 2020-05-27  411821  453413
151 151 2020-05-28  438238  469275
152 152 2020-05-29  465166  485630
153 153 2020-05-30  498440  502492
154 154 2020-05-31  514849  519871
155 155 2020-06-01  526447  537778
156 156 2020-06-02  555383  556224
157 157 2020-06-03  584016  575220
158 158 2020-06-04  614932  594777
159 159 2020-06-05  645762  614905
160 160 2020-06-06  672837  635615
161 161 2020-06-07  691758  656915
162 162 2020-06-08  707412  678818
163 163 2020-06-09  739503  701330
164 164 2020-06-10  772416  724463
165 165 2020-06-11  802828  748223
166 166 2020-06-12  828810  772620
167 167 2020-06-13  850514  797661
168 168 2020-06-14  867624  823353
169 169 2020-06-15  888271  849703
170 170 2020-06-16  923189  876716
171 171 2020-06-17  955377  904398
172 172 2020-06-18  978142  932753
173 173 2020-06-19 1032913  961785
174 174 2020-06-20 1067579  991498
175 175 2020-06-21 1085038 1021892
176 176 2020-06-22 1106470 1052969
177 177 2020-06-23 1145906 1084730
178 178 2020-06-24 1188631 1117172
179 179 2020-06-25 1228114 1150296
180 180 2020-06-26 1274974 1184097
181 181 2020-06-27 1313667 1218572
182 182 2020-06-28 1344143 1253715
183 183 2020-06-29 1368195 1289521
184 184 2020-06-30 1402041 1325981
185 185 2020-07-01 1448753 1363086
186 186 2020-07-02 1496858 1400827
187 187 2020-07-03 1539081 1439192
188 188 2020-07-04 1577004 1478169
189 189 2020-07-05 1603055 1517743
190 190 2020-07-06 1623284 1557900
191 191 2020-07-07 1668589 1598622
192 192 2020-07-08 1713160 1639893
193 193 2020-07-09 1755779 1681692
194 194 2020-07-10 1800827 1723999
195 195 2020-07-11 1839850 1766793
196 196 2020-07-12 1864681 1810051
197 197 2020-07-13 1884967 1853749
198 198 2020-07-14 1926824 1897862
199 199 2020-07-15 1966748 1942363
200 200 2020-07-16 2012151 1987225
201 201 2020-07-17 2046328 2032421
202 202 2020-07-18 2074860 2077920
203 203 2020-07-19 2098389 2123693
204 204 2020-07-20 2118646 2169709
205 205 2020-07-21 2159654 2215937
206 206 2020-07-22 2227514 2262345
207 207 2020-07-23 2287475 2308900
208 208 2020-07-24 2343366 2355569
209 209 2020-07-25 2394513 2402320
210 210 2020-07-26 2419091 2449118
211 211 2020-07-27 2442375 2495930
212 212 2020-07-28 2483191 2542723
213 213 2020-07-29 2552265 2589462
214 214 2020-07-30 2610102 2636114
215 215 2020-07-31 2662485 2682647
216 216 2020-08-01 2707877 2729027
217 217 2020-08-02 2733677 2775222
218 218 2020-08-03 2750318 2821200
219 219 2020-08-04 2801921 2866929
220 220 2020-08-05 2859073 2912379
221 221 2020-08-06 2912212 2957521
222 222 2020-08-07 2962442 3002325
223 223 2020-08-08 3012412 3046763
224 224 2020-08-09 3035422 3090808
225 225 2020-08-10 3057470 3134434
226 226 2020-08-11 3109630 3177616
227 227 2020-08-12 3164785 3220330
228 228 2020-08-13 3224876 3262554
229 229 2020-08-14 3275520 3304266
230 230 2020-08-15 3317096 3345446
231 231 2020-08-16 3340197 3386075
232 232 2020-08-17 3359570 3426135
233 233 2020-08-18 3407354 3465610
234 234 2020-08-19 3456652 3504486
235 235 2020-08-20 3501975 3542747
236 236 2020-08-21 3532330 3580383
237 237 2020-08-22 3582362 3617381
238 238 2020-08-23 3605783 3653732
239 239 2020-08-24 3622861 3689427
240 240 2020-08-25 3669995 3724459
241 241 2020-08-26 3717156 3758821
242 242 2020-08-27 3761391 3792509
243 243 2020-08-28 3804803 3825519
244 244 2020-08-29 3846153 3857848
245 245 2020-08-30 3862311 3889494
246 246 2020-08-31 3908272 3920457
247 247 2020-09-01 3950931 3950737
248 248 2020-09-02 3997865 3980335
249 249 2020-09-03 4041638 4009254
250 250 2020-09-04 4092832 4037496
251 251 2020-09-05 4123000 4065066
252 252 2020-09-06 4137521 4091968
253 253 2020-09-07 4147794 4118207
254 254 2020-09-08 4162073 4143790
255 255 2020-09-09 4197889 4168723
256 256 2020-09-10 4238446 4193012
257 257 2020-09-11 4282164 4216667
258 258 2020-09-12 4315687 4239695
259 259 2020-09-13 4330455 4262105
260 260 2020-09-14 4345610 4283906
261 261 2020-09-15 4382263 4305107
262 262 2020-09-16 4419083 4325719

Intervalo de Confianca
              2.5%        97.5%
Asym 4870228.83870 5007362.6907
xmid     209.46335     211.4049
scal      25.90126      26.8403


Formula: x ~ SSlogis(day, Asym, xmid, scal)

Parameters:
         Estimate   Std. Error t value            Pr(>|t|)    
Asym 4937215.7575   34884.4005   141.5 <0.0000000000000002 ***
xmid     210.4163       0.4908   428.7 <0.0000000000000002 ***
scal      26.3663       0.2482   106.2 <0.0000000000000002 ***
---
Signif. codes:  0 ‘***’ 0.001 ‘**’ 0.01 ‘*’ 0.05 ‘.’ 0.1 ‘ ’ 1

Residual standard error: 51100 on 259 degrees of freedom

Number of iterations to convergence: 7 
Achieved convergence tolerance: 0.0000000149


Brazil: o primeiro caso foi registrado em 25/02/2020 na data 16/09/2020 temos 204 dias desde o primeiro caso. A data de pico prevista pelo modelo logístico é 22/09/2020 (dia 210 desde os primeiros casos relatados).
Em 22/09/2020 o modelo estima 4937216+/-34884 casos. De acordo com o modelo ajustado temos 6 de infecçao pela frente.

Todos os dados gerados
    country       dias otimista casos_estimados pessimista estimativa_mortes casos_confirmados mortes_confirmadas latitude longitude
1    Brazil 2019-12-30     1667            1754       1841                53                 0                  0        0         0
2    Brazil 2019-12-31     1731            1821       1911                55                 0                  0        0         0
3    Brazil 2020-01-01     1799            1892       1985                57                 0                  0        0         0
4    Brazil 2020-01-02     1868            1965       2062                60                 0                  0        0         0
5    Brazil 2020-01-03     1940            2041       2142                62                 0                  0        0         0
6    Brazil 2020-01-04     2015            2120       2225                64                 0                  0        0         0
7    Brazil 2020-01-05     2092            2201       2310                67                 0                  0        0         0
8    Brazil 2020-01-06     2173            2286       2399                69                 0                  0        0         0
9    Brazil 2020-01-07     2258            2375       2492                72                 0                  0        0         0
10   Brazil 2020-01-08     2345            2467       2589                75                 0                  0        0         0
11   Brazil 2020-01-09     2436            2562       2688                78                 0                  0        0         0
12   Brazil 2020-01-10     2530            2661       2792                81                 0                  0        0         0
13   Brazil 2020-01-11     2628            2764       2900                84                 0                  0        0         0
14   Brazil 2020-01-12     2728            2870       3012                87                 0                  0        0         0
15   Brazil 2020-01-13     2834            2981       3128                90                 0                  0        0         0
16   Brazil 2020-01-14     2943            3096       3249                94                 0                  0        0         0
17   Brazil 2020-01-15     3057            3216       3375                98                 0                  0        0         0
18   Brazil 2020-01-16     3175            3340       3505               101                 0                  0        0         0
19   Brazil 2020-01-17     3298            3469       3640               105                 0                  0        0         0
20   Brazil 2020-01-18     3425            3603       3781               109                 0                  0        0         0
21   Brazil 2020-01-19     3558            3743       3928               114                 0                  0        0         0
22   Brazil 2020-01-20     3695            3887       4079               118                 0                  0        0         0
23   Brazil 2020-01-21     3838            4037       4236               123                 0                  0        0         0
24   Brazil 2020-01-22     3986            4193       4400               127                 0                  0        0         0
25   Brazil 2020-01-23     4140            4355       4570               132                 0                  0        0         0
26   Brazil 2020-01-24     4300            4523       4746               137                 0                  0        0         0
27   Brazil 2020-01-25     4466            4698       4930               143                 0                  0        0         0
28   Brazil 2020-01-26     4638            4879       5120               148                 0                  0        0         0
29   Brazil 2020-01-27     4818            5068       5318               154                 0                  0        0         0
30   Brazil 2020-01-28     5004            5264       5524               160                 0                  0        0         0
31   Brazil 2020-01-29     5197            5467       5737               166                 0                  0        0         0
32   Brazil 2020-01-30     5398            5678       5958               172                 0                  0        0         0
33   Brazil 2020-01-31     5606            5897       6188               179                 0                  0        0         0
34   Brazil 2020-02-01     5823            6125       6427               186                 0                  0        0         0
35   Brazil 2020-02-02     6047            6361       6675               193                 0                  0        0         0
36   Brazil 2020-02-03     6281            6607       6933               201                 0                  0        0         0
37   Brazil 2020-02-04     6524            6862       7200               208                 0                  0        0         0
38   Brazil 2020-02-05     6776            7127       7478               216                 0                  0        0         0
39   Brazil 2020-02-06     7037            7402       7767               225                 0                  0        0         0
40   Brazil 2020-02-07     7308            7687       8066               233                 0                  0        0         0
41   Brazil 2020-02-08     7590            7984       8378               242                 0                  0        0         0
42   Brazil 2020-02-09     7883            8292       8701               252                 0                  0        0         0
43   Brazil 2020-02-10     8187            8612       9037               261                 0                  0        0         0
44   Brazil 2020-02-11     8503            8944       9385               271                 0                  0        0         0
45   Brazil 2020-02-12     8832            9290       9748               282                 0                  0        0         0
46   Brazil 2020-02-13     9172            9648      10124               293                 0                  0        0         0
47   Brazil 2020-02-14     9526           10020      10514               304                 0                  0        0         0
48   Brazil 2020-02-15     9894           10407      10920               316                 0                  0        0         0
49   Brazil 2020-02-16    10275           10808      11341               328                 0                  0        0         0
50   Brazil 2020-02-17    10671           11225      11779               341                 0                  0        0         0
51   Brazil 2020-02-18    11083           11658      12233               354                 0                  0        0         0
52   Brazil 2020-02-19    11510           12107      12704               367                 0                  0        0         0
53   Brazil 2020-02-20    11954           12574      13194               382                 0                  0        0         0
54   Brazil 2020-02-21    12415           13059      13703               396                 0                  0        0         0
55   Brazil 2020-02-22    12893           13562      14231               412                 0                  0        0         0
56   Brazil 2020-02-23    13390           14085      14780               427                 0                  0        0         0
57   Brazil 2020-02-24    13907           14628      15349               444                 0                  0        0         0
58   Brazil 2020-02-25    14443           15192      15941               461                 1                  0        0         0
59   Brazil 2020-02-26    14999           15777      16555               479                 1                  0        0         0
60   Brazil 2020-02-27    15577           16385      17193               497                 1                  0        0         0
61   Brazil 2020-02-28    16177           17016      17855               516                 1                  0        0         0
62   Brazil 2020-02-29    16800           17672      18544               536                 2                  0        0         0
63   Brazil 2020-03-01    17447           18352      19257               557                 2                  0        0         0
64   Brazil 2020-03-02    18119           19059      19999               578                 2                  0        0         0
65   Brazil 2020-03-03    18817           19793      20769               601                 2                  0        0         0
66   Brazil 2020-03-04    19540           20554      21568               624                 3                  0        0         0
67   Brazil 2020-03-05    20293           21346      22399               648                 8                  0        0         0
68   Brazil 2020-03-06    21074           22167      23260               673                13                  0        0         0
69   Brazil 2020-03-07    21885           23020      24155               699                13                  0        0         0
70   Brazil 2020-03-08    22726           23905      25084               725                25                  0        0         0
71   Brazil 2020-03-09    23601           24825      26049               753                25                  0        0         0
72   Brazil 2020-03-10    24508           25779      27050               782                34                  0        0         0
73   Brazil 2020-03-11    25451           26771      28091               812                52                  0        0         0
74   Brazil 2020-03-12    26429           27800      29171               844                77                  0        0         0
75   Brazil 2020-03-13    27444           28868      30292               876                98                  0        0         0
76   Brazil 2020-03-14    28499           29977      31455               910               121                  0        0         0
77   Brazil 2020-03-15    29594           31129      32664               945               200                  0        0         0
78   Brazil 2020-03-16    30730           32324      33918               981               234                  1        0         0
79   Brazil 2020-03-17    31910           33565      35220              1019               291                  4        0         0
80   Brazil 2020-03-18    33134           34853      36572              1058               428                  6        0         0
81   Brazil 2020-03-19    34406           36191      37976              1098               621                 11        0         0
82   Brazil 2020-03-20    35726           37579      39432              1140               904                 18        0         0
83   Brazil 2020-03-21    37096           39020      40944              1184              1128                 25        0         0
84   Brazil 2020-03-22    38518           40516      42514              1230              1546                 34        0         0
85   Brazil 2020-03-23    39994           42069      44144              1277              1891                 46        0         0
86   Brazil 2020-03-24    41527           43681      45835              1326              2201                 57        0         0
87   Brazil 2020-03-25    43117           45354      47591              1376              2433                 77        0         0
88   Brazil 2020-03-26    44768           47090      49412              1429              2915                 92        0         0
89   Brazil 2020-03-27    46481           48892      51303              1484              3417                114        0         0
90   Brazil 2020-03-28    48259           50763      53267              1541              3904                136        0         0
91   Brazil 2020-03-29    50105           52704      55303              1599              4256                159        0         0
92   Brazil 2020-03-30    52020           54719      57418              1661              4579                201        0         0
93   Brazil 2020-03-31    54008           56810      59612              1724              5717                241        0         0
94   Brazil 2020-04-01    56071           58980      61889              1790              6836                299        0         0
95   Brazil 2020-04-02    58211           61231      64251              1858              7910                359        0         0
96   Brazil 2020-04-03    60433           63568      66703              1929              9056                432        0         0
97   Brazil 2020-04-04    62737           65992      69247              2003             10278                486        0         0
98   Brazil 2020-04-05    65129           68508      71887              2079             11130                553        0         0
99   Brazil 2020-04-06    67611           71118      74625              2158             12056                667        0         0
100  Brazil 2020-04-07    70185           73826      77467              2240             13717                800        0         0
101  Brazil 2020-04-08    72855           76635      80415              2326             15927                941        0         0
102  Brazil 2020-04-09    75627           79550      83473              2414             17857               1056        0         0
103  Brazil 2020-04-10    78502           82574      86646              2506             19638               1124        0         0
104  Brazil 2020-04-11    81483           85710      89937              2601             20727               1223        0         0
105  Brazil 2020-04-12    84576           88964      93352              2700             22169               1328        0         0
106  Brazil 2020-04-13    87784           92338      96892              2802             23430               1532        0         0
107  Brazil 2020-04-14    91111           95838     100565              2908             25262               1736        0         0
108  Brazil 2020-04-15    94562           99468     104374              3019             28320               1924        0         0
109  Brazil 2020-04-16    98142          103233     108324              3133             30425               2141        0         0
110  Brazil 2020-04-17   101853          107137     112421              3251             33682               2347        0         0
111  Brazil 2020-04-18   105702          111185     116668              3374             36599               2462        0         0
112  Brazil 2020-04-19   109692          115383     121074              3502             38654               2575        0         0
113  Brazil 2020-04-20   113830          119735     125640              3634             40581               2741        0         0
114  Brazil 2020-04-21   118119          124247     130375              3771             43079               2906        0         0
115  Brazil 2020-04-22   122566          128924     135282              3912             45757               3313        0         0
116  Brazil 2020-04-23   127175          133773     140371              4060             49492               3670        0         0
117  Brazil 2020-04-24   131953          138798     145643              4212             52995               4016        0         0
118  Brazil 2020-04-25   136905          144007     151109              4370             58509               4205        0         0
119  Brazil 2020-04-26   142037          149405     156773              4534             61888               4543        0         0
120  Brazil 2020-04-27   147355          154999     162643              4704             66501               5017        0         0
121  Brazil 2020-04-28   152866          160796     168726              4880             71886               5466        0         0
122  Brazil 2020-04-29   158576          166802     175028              5062             78162               5901        0         0
123  Brazil 2020-04-30   164490          173023     181556              5251             85380               6329        0         0
124  Brazil 2020-05-01   170618          179469     188320              5446             91589               6750        0         0
125  Brazil 2020-05-02   176964          186144     195324              5649             96559               7025        0         0
126  Brazil 2020-05-03   183538          193059     202580              5859            101147               7321        0         0
127  Brazil 2020-05-04   190344          200219     210094              6076            107780               7921        0         0
128  Brazil 2020-05-05   197393          207633     217873              6301            114715               8536        0         0
129  Brazil 2020-05-06   204690          215309     225928              6534            125218               9146        0         0
130  Brazil 2020-05-07   212245          223256     234267              6775            135106               9897        0         0
131  Brazil 2020-05-08   220065          231481     242897              7025            145328              10627        0         0
132  Brazil 2020-05-09   228158          239994     251830              7283            155939              11123        0         0
133  Brazil 2020-05-10   236533          248804     261075              7550            162699              11519        0         0
134  Brazil 2020-05-11   245199          257919     270639              7827            168331              12400        0         0
135  Brazil 2020-05-12   254164          267349     280534              8113            177589              13149        0         0
136  Brazil 2020-05-13   263438          277104     290770              8409            188974              13993        0         0
137  Brazil 2020-05-14   273028          287192     301356              8715            202918              14817        0         0
138  Brazil 2020-05-15   282947          297625     312303              9032            218223              15633        0         0
139  Brazil 2020-05-16   293201          308411     323621              9359            233142              16118        0         0
140  Brazil 2020-05-17   303801          319561     335321              9698            241080              16792        0         0
141  Brazil 2020-05-18   314756          331085     347414             10047            254220              17971        0         0
142  Brazil 2020-05-19   326079          342995     359911             10409            271628              18859        0         0
143  Brazil 2020-05-20   337776          355299     372822             10782            291579              20047        0         0
144  Brazil 2020-05-21   349860          368010     386160             11168            310087              21048        0         0
145  Brazil 2020-05-22   362340          381137     399934             11566            330890              22013        0         0
146  Brazil 2020-05-23   375226          394692     414158             11978            347398              22666        0         0
147  Brazil 2020-05-24   388531          408687     428843             12402            363211              23473        0         0
148  Brazil 2020-05-25   402263          423131     443999             12841            374898              24512        0         0
149  Brazil 2020-05-26   416433          438036     459639             13293            391222              25598        0         0
150  Brazil 2020-05-27   431051          453413     475775             13760            411821              26754        0         0
151  Brazil 2020-05-28   446131          469275     492419             14241            438238              27878        0         0
152  Brazil 2020-05-29   461679          485630     509581             14737            465166              28834        0         0
153  Brazil 2020-05-30   477710          502492     527274             15249            498440              29314        0         0
154  Brazil 2020-05-31   494232          519871     545510             15777            514849              29937        0         0
155  Brazil 2020-06-01   511256          537778     564300             16320            526447              31199        0         0
156  Brazil 2020-06-02   528792          556224     583656             16880            555383              32548        0         0
157  Brazil 2020-06-03   546851          575220     603589             17456            584016              34021        0         0
158  Brazil 2020-06-04   565443          594777     624111             18050            614932              35026        0         0
159  Brazil 2020-06-05   584579          614905     645231             18661            645762              35930        0         0
160  Brazil 2020-06-06   604267          635615     666963             19289            672837              36455        0         0
161  Brazil 2020-06-07   624517          656915     689313             19935            691758              37134        0         0
162  Brazil 2020-06-08   645340          678818     712296             20600            707412              38406        0         0
163  Brazil 2020-06-09   666741          701330     735919             21283            739503              39680        0         0
164  Brazil 2020-06-10   688733          724463     760193             21985            772416              40919        0         0
165  Brazil 2020-06-11   711322          748223     785124             22706            802828              41828        0         0
166  Brazil 2020-06-12   734515          772620     810725             23447            828810              42720        0         0
167  Brazil 2020-06-13   758321          797661     837001             24207            850514              43332        0         0
168  Brazil 2020-06-14   782746          823353     863960             24986            867624              43959        0         0
169  Brazil 2020-06-15   807797          849703     891609             25786            888271              45241        0         0
170  Brazil 2020-06-16   833478          876716     919954             26606            923189              46510        0         0
171  Brazil 2020-06-17   859794          904398     949002             27446            955377              47748        0         0
172  Brazil 2020-06-18   886751          932753     978755             28306            978142              48954        0         0
173  Brazil 2020-06-19   914351          961785    1009219             29187           1032913              49976        0         0
174  Brazil 2020-06-20   942599          991498    1040397             30089           1067579              50617        0         0
175  Brazil 2020-06-21   971494         1021892    1072290             31011           1085038              51271        0         0
176  Brazil 2020-06-22  1001038         1052969    1104900             31954           1106470              52645        0         0
177  Brazil 2020-06-23  1031233         1084730    1138227             32918           1145906              53830        0         0
178  Brazil 2020-06-24  1062075         1117172    1172269             33903           1188631              54971        0         0
179  Brazil 2020-06-25  1093565         1150296    1207027             34908           1228114              55961        0         0
180  Brazil 2020-06-26  1125699         1184097    1242495             35934           1274974              57070        0         0
181  Brazil 2020-06-27  1158474         1218572    1278670             36980           1313667              57622        0         0
182  Brazil 2020-06-28  1191883         1253715    1315547             38047           1344143              58314        0         0
183  Brazil 2020-06-29  1225924         1289521    1353118             39133           1368195              59594        0         0
184  Brazil 2020-06-30  1260585         1325981    1391377             40240           1402041              60632        0         0
185  Brazil 2020-07-01  1295860         1363086    1430312             41366           1448753              61884        0         0
186  Brazil 2020-07-02  1331740         1400827    1469914             42511           1496858              63174        0         0
187  Brazil 2020-07-03  1368213         1439192    1510171             43675           1539081              64265        0         0
188  Brazil 2020-07-04  1405268         1478169    1551070             44858           1577004              64867        0         0
189  Brazil 2020-07-05  1442890         1517743    1592596             46059           1603055              65487        0         0
190  Brazil 2020-07-06  1481066         1557900    1634734             47278           1623284              66741        0         0
191  Brazil 2020-07-07  1519780         1598622    1677464             48513           1668589              67964        0         0
192  Brazil 2020-07-08  1559016         1639893    1720770             49766           1713160              69184        0         0
193  Brazil 2020-07-09  1598753         1681692    1764631             51034           1755779              70398        0         0
194  Brazil 2020-07-10  1638974         1723999    1809024             52318           1800827              71469        0         0
195  Brazil 2020-07-11  1679657         1766793    1853929             53617           1839850              72100        0         0
196  Brazil 2020-07-12  1720782         1810051    1899320             54930           1864681              72833        0         0
197  Brazil 2020-07-13  1762325         1853749    1945173             56256           1884967              74133        0         0
198  Brazil 2020-07-14  1804262         1897862    1991462             57594           1926824              75366        0         0
199  Brazil 2020-07-15  1846568         1942363    2038158             58945           1966748              76688        0         0
200  Brazil 2020-07-16  1889218         1987225    2085232             60306           2012151              77851        0         0
201  Brazil 2020-07-17  1932185         2032421    2132657             61678           2046328              78772        0         0
202  Brazil 2020-07-18  1975440         2077920    2180400             63059           2074860              79488        0         0
203  Brazil 2020-07-19  2018955         2123693    2228431             64448           2098389              80120        0         0
204  Brazil 2020-07-20  2062702         2169709    2276716             65844           2118646              81487        0         0
205  Brazil 2020-07-21  2106650         2215937    2325224             67247           2159654              82771        0         0
206  Brazil 2020-07-22  2150769         2262345    2373921             68655           2227514              84082        0         0
207  Brazil 2020-07-23  2195028         2308900    2422772             70068           2287475              85238        0         0
208  Brazil 2020-07-24  2239396         2355569    2471742             71484           2343366              86449        0         0
209  Brazil 2020-07-25  2283841         2402320    2520799             72903           2394513              87004        0         0
210  Brazil 2020-07-26  2328331         2449118    2569905             74323           2419091              87618        0         0
211  Brazil 2020-07-27  2372834         2495930    2619026             75744           2442375              88539        0         0
212  Brazil 2020-07-28  2417319         2542723    2668127             77164           2483191              90134        0         0
213  Brazil 2020-07-29  2461753         2589462    2717171             78582           2552265              91263        0         0
214  Brazil 2020-07-30  2506104         2636114    2766124             79998           2610102              92475        0         0
215  Brazil 2020-07-31  2550342         2682647    2814952             81410           2662485              93563        0         0
216  Brazil 2020-08-01  2594435         2729027    2863619             82818           2707877              94104        0         0
217  Brazil 2020-08-02  2638352         2775222    2912092             84220           2733677              94665        0         0
218  Brazil 2020-08-03  2682062         2821200    2960338             85615           2750318              95819        0         0
219  Brazil 2020-08-04  2725536         2866929    3008322             87003           2801921              97256        0         0
220  Brazil 2020-08-05  2768744         2912379    3056014             88382           2859073              98493        0         0
221  Brazil 2020-08-06  2811660         2957521    3103382             89752           2912212              99572        0         0
222  Brazil 2020-08-07  2854254         3002325    3150396             91112           2962442             100477        0         0
223  Brazil 2020-08-08  2896501         3046763    3197025             92460           3012412             101049        0         0
224  Brazil 2020-08-09  2938374         3090808    3243242             93797           3035422             101752        0         0
225  Brazil 2020-08-10  2979848         3134434    3289020             95121           3057470             103026        0         0
226  Brazil 2020-08-11  3020900         3177616    3334332             96431           3109630             104201        0         0
227  Brazil 2020-08-12  3061508         3220330    3379152             97727           3164785             105463        0         0
228  Brazil 2020-08-13  3101649         3262554    3423459             99009           3224876             106523        0         0
229  Brazil 2020-08-14  3141304         3304266    3467228            100275           3275520             107232        0         0
230  Brazil 2020-08-15  3180453         3345446    3510439            101524           3317096             107852        0         0
231  Brazil 2020-08-16  3219078         3386075    3553072            102757           3340197             108536        0         0
232  Brazil 2020-08-17  3257163         3426135    3595107            103973           3359570             109888        0         0
233  Brazil 2020-08-18  3294691         3465610    3636529            105171           3407354             111100        0         0
234  Brazil 2020-08-19  3331649         3504486    3677323            106351           3456652             112304        0         0
235  Brazil 2020-08-20  3368024         3542747    3717470            107512           3501975             113358        0         0
236  Brazil 2020-08-21  3403803         3580383    3756963            108654           3532330             114250        0         0
237  Brazil 2020-08-22  3438977         3617381    3795785            109777           3582362             114744        0         0
238  Brazil 2020-08-23  3473535         3653732    3833929            110880           3605783             115309        0         0
239  Brazil 2020-08-24  3507469         3689427    3871385            111963           3622861             116580        0         0
240  Brazil 2020-08-25  3540774         3724459    3908144            113026           3669995             117665        0         0
241  Brazil 2020-08-26  3573441         3758821    3944201            114069           3717156             118649        0         0
242  Brazil 2020-08-27  3605468         3792509    3979550            115091           3761391             119504        0         0
243  Brazil 2020-08-28  3636850         3825519    4014188            116093           3804803             120462        0         0
244  Brazil 2020-08-29  3667584         3857848    4048112            117074           3846153             120828        0         0
245  Brazil 2020-08-30  3697669         3889494    4081319            118035           3862311             121381        0         0
246  Brazil 2020-08-31  3727105         3920457    4113809            118974           3908272             122596        0         0
247  Brazil 2020-09-01  3755892         3950737    4145582            119893           3950931             123780        0         0
248  Brazil 2020-09-02  3784030         3980335    4176640            120791           3997865             124614        0         0
249  Brazil 2020-09-03  3811523         4009254    4206985            121669           4041638             125521        0         0
250  Brazil 2020-09-04  3838372         4037496    4236620            122526           4092832             126203        0         0
251  Brazil 2020-09-05  3864582         4065066    4265550            123363           4123000             126650        0         0
252  Brazil 2020-09-06  3890158         4091968    4293778            124179           4137521             126960        0         0
253  Brazil 2020-09-07  3915103         4118207    4321311            124975           4147794             127464        0         0
254  Brazil 2020-09-08  3939424         4143790    4348156            125752           4162073             128539        0         0
255  Brazil 2020-09-09  3963127         4168723    4374319            126508           4197889             129522        0         0
256  Brazil 2020-09-10  3986218         4193012    4399806            127245           4238446             130396        0         0
257  Brazil 2020-09-11  4008707         4216667    4424627            127963           4282164             131210        0         0
258  Brazil 2020-09-12  4030599         4239695    4448791            128662           4315687             131625        0         0
259  Brazil 2020-09-13  4051904         4262105    4472306            129342           4330455             132006        0         0
260  Brazil 2020-09-14  4072630         4283906    4495182            130004           4345610             133119        0         0
261  Brazil 2020-09-15  4092785         4305107    4517429            130647           4382263             134106        0         0
262  Brazil 2020-09-16  4112380         4325719    4539058            131273           4419083             134106        0         0
263  Brazil 2020-09-17  4131423         4345750    4560077            131881                NA                 NA        0         0
264  Brazil 2020-09-18  4149927         4365213    4580499            132471                NA                 NA        0         0
265  Brazil 2020-09-19  4167897         4384116    4600335            133045                NA                 NA        0         0
266  Brazil 2020-09-20  4185347         4402471    4619595            133602                NA                 NA        0         0
267  Brazil 2020-09-21  4202286         4420289    4638292            134143                NA                 NA        0         0
268  Brazil 2020-09-22  4218726         4437581    4656436            134667                NA                 NA        0         0
269  Brazil 2020-09-23  4234674         4454357    4674040            135176                NA                 NA        0         0
270  Brazil 2020-09-24  4250144         4470629    4691114            135670                NA                 NA        0         0
271  Brazil 2020-09-25  4265145         4486409    4707673            136149                NA                 NA        0         0
272  Brazil 2020-09-26  4279688         4501706    4723724            136613                NA                 NA        0         0

Fontes:
	OMS - https://ourworldindata.org/coronavirus-source-data
	Worldometers - https://www.worldometers.info/coronavirus