
 Brazil 
Projecao:  7  dias
Gerado em:  2020-05-25 19:53:25
RMSE(%):  4.9 , BIAS(%): 1.26

Taxa de Mortalidade 6.27 %

    country       dias otimista casos_estimados pessimista estimativa_mortes casos_confirmados mortes_confirmadas latitude longitude
136  Brazil 2020-05-13   184523          193948     203373             12154            188974              13993        0         0
137  Brazil 2020-05-14   196208          206230     216252             12923            202918              14817        0         0
138  Brazil 2020-05-15   208439          219085     229731             13729            218223              15633        0         0
139  Brazil 2020-05-16   221216          232515     243814             14570            233142              16118        0         0
140  Brazil 2020-05-17   234537          246517     258497             15448            241080              16792        0         0
141  Brazil 2020-05-18   248398          261085     273772             16361            254220              17971        0         0
142  Brazil 2020-05-19   262788          276211     289634             17309            271628              18859        0         0
143  Brazil 2020-05-20   277695          291879     306063             18290            291579              20047        0         0
144  Brazil 2020-05-21   293101          308072     323043             19305            310087              21048        0         0
145  Brazil 2020-05-22   308985          324767     340549             20351            330890              22013        0         0
146  Brazil 2020-05-23   325320          341937     358554             21427            347398              22666        0         0
147  Brazil 2020-05-24   342079          359551     377023             22531            363211              23369        0         0
148  Brazil 2020-05-25   359225          377573     395921             23660            372922              23369        0         0
149  Brazil 2020-05-26   376721          395963     415205             24813                NA                 NA        0         0
150  Brazil 2020-05-27   394527          414678     434829             25986                NA                 NA        0         0
151  Brazil 2020-05-28   412597          433671     454745             27176                NA                 NA        0         0
152  Brazil 2020-05-29   430884          452892     474900             28380                NA                 NA        0         0
153  Brazil 2020-05-30   449337          472288     495239             29596                NA                 NA        0         0
154  Brazil 2020-05-31   467905          491804     515703             30819                NA                 NA        0         0
155  Brazil 2020-06-01   486534          511385     536236             32046                NA                 NA        0         0

Total de casos no mundo:  5578798 1901391 651817 1916176 982400 117567 8726 721 5578798

Estimados a partir dos dados da OMS:
    day       date      x   xest
1     1 2019-12-30      0      8
2     2 2019-12-31      0      9
3     3 2020-01-01      0      9
4     4 2020-01-02      0     10
5     5 2020-01-03      0     11
6     6 2020-01-04      0     12
7     7 2020-01-05      0     13
8     8 2020-01-06      0     14
9     9 2020-01-07      0     15
10   10 2020-01-08      0     16
11   11 2020-01-09      0     17
12   12 2020-01-10      0     19
13   13 2020-01-11      0     20
14   14 2020-01-12      0     22
15   15 2020-01-13      0     24
16   16 2020-01-14      0     25
17   17 2020-01-15      0     27
18   18 2020-01-16      0     30
19   19 2020-01-17      0     32
20   20 2020-01-18      0     35
21   21 2020-01-19      0     37
22   22 2020-01-20      0     40
23   23 2020-01-21      0     43
24   24 2020-01-22      0     47
25   25 2020-01-23      0     51
26   26 2020-01-24      0     55
27   27 2020-01-25      0     59
28   28 2020-01-26      0     64
29   29 2020-01-27      0     69
30   30 2020-01-28      0     74
31   31 2020-01-29      0     80
32   32 2020-01-30      0     86
33   33 2020-01-31      0     93
34   34 2020-02-01      0    100
35   35 2020-02-02      0    108
36   36 2020-02-03      0    117
37   37 2020-02-04      0    126
38   38 2020-02-05      0    136
39   39 2020-02-06      0    147
40   40 2020-02-07      0    159
41   41 2020-02-08      0    171
42   42 2020-02-09      0    185
43   43 2020-02-10      0    199
44   44 2020-02-11      0    215
45   45 2020-02-12      0    232
46   46 2020-02-13      0    250
47   47 2020-02-14      0    270
48   48 2020-02-15      0    292
49   49 2020-02-16      0    315
50   50 2020-02-17      0    340
51   51 2020-02-18      0    367
52   52 2020-02-19      0    396
53   53 2020-02-20      0    427
54   54 2020-02-21      0    461
55   55 2020-02-22      0    497
56   56 2020-02-23      0    537
57   57 2020-02-24      0    579
58   58 2020-02-25      1    625
59   59 2020-02-26      1    674
60   60 2020-02-27      1    728
61   61 2020-02-28      1    785
62   62 2020-02-29      2    848
63   63 2020-03-01      2    915
64   64 2020-03-02      2    987
65   65 2020-03-03      2   1065
66   66 2020-03-04      3   1149
67   67 2020-03-05      8   1240
68   68 2020-03-06     13   1339
69   69 2020-03-07     13   1444
70   70 2020-03-08     25   1559
71   71 2020-03-09     25   1682
72   72 2020-03-10     34   1815
73   73 2020-03-11     52   1958
74   74 2020-03-12     77   2113
75   75 2020-03-13     98   2280
76   76 2020-03-14    121   2460
77   77 2020-03-15    200   2655
78   78 2020-03-16    234   2865
79   79 2020-03-17    291   3091
80   80 2020-03-18    428   3335
81   81 2020-03-19    621   3598
82   82 2020-03-20    904   3882
83   83 2020-03-21   1128   4188
84   84 2020-03-22   1546   4519
85   85 2020-03-23   1891   4875
86   86 2020-03-24   2201   5259
87   87 2020-03-25   2433   5673
88   88 2020-03-26   2915   6120
89   89 2020-03-27   3417   6602
90   90 2020-03-28   3904   7121
91   91 2020-03-29   4256   7681
92   92 2020-03-30   4579   8284
93   93 2020-03-31   5717   8935
94   94 2020-04-01   6836   9636
95   95 2020-04-02   7910  10391
96   96 2020-04-03   9056  11206
97   97 2020-04-04  10278  12083
98   98 2020-04-05  11130  13028
99   99 2020-04-06  12056  14046
100 100 2020-04-07  13717  15142
101 101 2020-04-08  15927  16322
102 102 2020-04-09  17857  17593
103 103 2020-04-10  19638  18961
104 104 2020-04-11  20727  20433
105 105 2020-04-12  22169  22017
106 106 2020-04-13  23430  23720
107 107 2020-04-14  25262  25553
108 108 2020-04-15  28320  27523
109 109 2020-04-16  30425  29640
110 110 2020-04-17  33682  31915
111 111 2020-04-18  36599  34358
112 112 2020-04-19  38654  36982
113 113 2020-04-20  40581  39798
114 114 2020-04-21  43079  42820
115 115 2020-04-22  45757  46059
116 116 2020-04-23  49492  49532
117 117 2020-04-24  52995  53252
118 118 2020-04-25  58509  57236
119 119 2020-04-26  61888  61499
120 120 2020-04-27  66501  66057
121 121 2020-04-28  71886  70929
122 122 2020-04-29  78162  76131
123 123 2020-04-30  85380  81682
124 124 2020-05-01  91589  87601
125 125 2020-05-02  96559  93907
126 126 2020-05-03 101147 100617
127 127 2020-05-04 107780 107752
128 128 2020-05-05 114715 115330
129 129 2020-05-06 125218 123370
130 130 2020-05-07 135106 131888
131 131 2020-05-08 145328 140904
132 132 2020-05-09 155939 150432
133 133 2020-05-10 162699 160488
134 134 2020-05-11 168331 171086
135 135 2020-05-12 177589 182236
136 136 2020-05-13 188974 193948
137 137 2020-05-14 202918 206230
138 138 2020-05-15 218223 219085
139 139 2020-05-16 233142 232515
140 140 2020-05-17 241080 246517
141 141 2020-05-18 254220 261085
142 142 2020-05-19 271628 276211
143 143 2020-05-20 291579 291879
144 144 2020-05-21 310087 308072
145 145 2020-05-22 330890 324767
146 146 2020-05-23 347398 341937
147 147 2020-05-24 363211 359551
148 148 2020-05-25 372922 377573

Intervalo de Confianca
             2.5%         97.5%
Asym 950649.15695 1122352.01190
xmid    153.47086     156.98722
scal     12.86298      13.37913


Formula: x ~ SSlogis(day, Asym, xmid, scal)

Parameters:
         Estimate   Std. Error t value            Pr(>|t|)    
Asym 1028176.5050   43978.3474   23.38 <0.0000000000000002 ***
xmid     155.1379       0.9086  170.74 <0.0000000000000002 ***
scal      13.1179       0.1350   97.20 <0.0000000000000002 ***
---
Signif. codes:  0 ‘***’ 0.001 ‘**’ 0.01 ‘*’ 0.05 ‘.’ 0.1 ‘ ’ 1

Residual standard error: 2084 on 145 degrees of freedom

Number of iterations to convergence: 9 
Achieved convergence tolerance: 0.0000000149


Brazil: o primeiro caso foi registrado em 25/02/2020 na data 25/05/2020 temos 90 dias desde o primeiro caso. A data de pico prevista pelo modelo logístico é 29/07/2020 (dia 155 desde os primeiros casos relatados).
Em 29/07/2020 o modelo estima 1028177+/-43978 casos. De acordo com o modelo ajustado temos 65 de infecçao pela frente.

Todos os dados gerados
    country       dias otimista casos_estimados pessimista estimativa_mortes casos_confirmados mortes_confirmadas latitude longitude
1    Brazil 2019-12-30        8               8          8                 1                 0                  0        0         0
2    Brazil 2019-12-31        9               9          9                 1                 0                  0        0         0
3    Brazil 2020-01-01        9               9          9                 1                 0                  0        0         0
4    Brazil 2020-01-02       10              10         10                 1                 0                  0        0         0
5    Brazil 2020-01-03       10              11         12                 1                 0                  0        0         0
6    Brazil 2020-01-04       11              12         13                 1                 0                  0        0         0
7    Brazil 2020-01-05       12              13         14                 1                 0                  0        0         0
8    Brazil 2020-01-06       13              14         15                 1                 0                  0        0         0
9    Brazil 2020-01-07       14              15         16                 1                 0                  0        0         0
10   Brazil 2020-01-08       15              16         17                 1                 0                  0        0         0
11   Brazil 2020-01-09       16              17         18                 1                 0                  0        0         0
12   Brazil 2020-01-10       18              19         20                 1                 0                  0        0         0
13   Brazil 2020-01-11       19              20         21                 1                 0                  0        0         0
14   Brazil 2020-01-12       21              22         23                 1                 0                  0        0         0
15   Brazil 2020-01-13       23              24         25                 2                 0                  0        0         0
16   Brazil 2020-01-14       24              25         26                 2                 0                  0        0         0
17   Brazil 2020-01-15       26              27         28                 2                 0                  0        0         0
18   Brazil 2020-01-16       29              30         31                 2                 0                  0        0         0
19   Brazil 2020-01-17       30              32         34                 2                 0                  0        0         0
20   Brazil 2020-01-18       33              35         37                 2                 0                  0        0         0
21   Brazil 2020-01-19       35              37         39                 2                 0                  0        0         0
22   Brazil 2020-01-20       38              40         42                 3                 0                  0        0         0
23   Brazil 2020-01-21       41              43         45                 3                 0                  0        0         0
24   Brazil 2020-01-22       45              47         49                 3                 0                  0        0         0
25   Brazil 2020-01-23       49              51         53                 3                 0                  0        0         0
26   Brazil 2020-01-24       52              55         58                 3                 0                  0        0         0
27   Brazil 2020-01-25       56              59         62                 4                 0                  0        0         0
28   Brazil 2020-01-26       61              64         67                 4                 0                  0        0         0
29   Brazil 2020-01-27       66              69         72                 4                 0                  0        0         0
30   Brazil 2020-01-28       70              74         78                 5                 0                  0        0         0
31   Brazil 2020-01-29       76              80         84                 5                 0                  0        0         0
32   Brazil 2020-01-30       82              86         90                 5                 0                  0        0         0
33   Brazil 2020-01-31       88              93         98                 6                 0                  0        0         0
34   Brazil 2020-02-01       95             100        105                 6                 0                  0        0         0
35   Brazil 2020-02-02      103             108        113                 7                 0                  0        0         0
36   Brazil 2020-02-03      111             117        123                 7                 0                  0        0         0
37   Brazil 2020-02-04      120             126        132                 8                 0                  0        0         0
38   Brazil 2020-02-05      129             136        143                 9                 0                  0        0         0
39   Brazil 2020-02-06      140             147        154                 9                 0                  0        0         0
40   Brazil 2020-02-07      151             159        167                10                 0                  0        0         0
41   Brazil 2020-02-08      163             171        179                11                 0                  0        0         0
42   Brazil 2020-02-09      176             185        194                12                 0                  0        0         0
43   Brazil 2020-02-10      189             199        209                12                 0                  0        0         0
44   Brazil 2020-02-11      205             215        225                13                 0                  0        0         0
45   Brazil 2020-02-12      221             232        243                15                 0                  0        0         0
46   Brazil 2020-02-13      238             250        262                16                 0                  0        0         0
47   Brazil 2020-02-14      257             270        283                17                 0                  0        0         0
48   Brazil 2020-02-15      278             292        306                18                 0                  0        0         0
49   Brazil 2020-02-16      300             315        330                20                 0                  0        0         0
50   Brazil 2020-02-17      323             340        357                21                 0                  0        0         0
51   Brazil 2020-02-18      349             367        385                23                 0                  0        0         0
52   Brazil 2020-02-19      377             396        415                25                 0                  0        0         0
53   Brazil 2020-02-20      406             427        448                27                 0                  0        0         0
54   Brazil 2020-02-21      439             461        483                29                 0                  0        0         0
55   Brazil 2020-02-22      473             497        521                31                 0                  0        0         0
56   Brazil 2020-02-23      511             537        563                34                 0                  0        0         0
57   Brazil 2020-02-24      551             579        607                36                 0                  0        0         0
58   Brazil 2020-02-25      595             625        655                39                 1                  0        0         0
59   Brazil 2020-02-26      641             674        707                42                 1                  0        0         0
60   Brazil 2020-02-27      693             728        763                46                 1                  0        0         0
61   Brazil 2020-02-28      747             785        823                49                 1                  0        0         0
62   Brazil 2020-02-29      807             848        889                53                 2                  0        0         0
63   Brazil 2020-03-01      871             915        959                57                 2                  0        0         0
64   Brazil 2020-03-02      939             987       1035                62                 2                  0        0         0
65   Brazil 2020-03-03     1013            1065       1117                67                 2                  0        0         0
66   Brazil 2020-03-04     1093            1149       1205                72                 3                  0        0         0
67   Brazil 2020-03-05     1180            1240       1300                78                 8                  0        0         0
68   Brazil 2020-03-06     1274            1339       1404                84                13                  0        0         0
69   Brazil 2020-03-07     1374            1444       1514                90                13                  0        0         0
70   Brazil 2020-03-08     1483            1559       1635                98                25                  0        0         0
71   Brazil 2020-03-09     1600            1682       1764               105                25                  0        0         0
72   Brazil 2020-03-10     1727            1815       1903               114                34                  0        0         0
73   Brazil 2020-03-11     1863            1958       2053               123                52                  0        0         0
74   Brazil 2020-03-12     2010            2113       2216               132                77                  0        0         0
75   Brazil 2020-03-13     2169            2280       2391               143                98                  0        0         0
76   Brazil 2020-03-14     2340            2460       2580               154               121                  0        0         0
77   Brazil 2020-03-15     2526            2655       2784               166               200                  0        0         0
78   Brazil 2020-03-16     2726            2865       3004               180               234                  1        0         0
79   Brazil 2020-03-17     2941            3091       3241               194               291                  4        0         0
80   Brazil 2020-03-18     3173            3335       3497               209               428                  6        0         0
81   Brazil 2020-03-19     3423            3598       3773               225               621                 11        0         0
82   Brazil 2020-03-20     3693            3882       4071               243               904                 18        0         0
83   Brazil 2020-03-21     3984            4188       4392               262              1128                 25        0         0
84   Brazil 2020-03-22     4299            4519       4739               283              1546                 34        0         0
85   Brazil 2020-03-23     4638            4875       5112               305              1891                 46        0         0
86   Brazil 2020-03-24     5003            5259       5515               330              2201                 57        0         0
87   Brazil 2020-03-25     5397            5673       5949               355              2433                 77        0         0
88   Brazil 2020-03-26     5823            6120       6417               384              2915                 92        0         0
89   Brazil 2020-03-27     6281            6602       6923               414              3417                114        0         0
90   Brazil 2020-03-28     6775            7121       7467               446              3904                136        0         0
91   Brazil 2020-03-29     7308            7681       8054               481              4256                159        0         0
92   Brazil 2020-03-30     7881            8284       8687               519              4579                201        0         0
93   Brazil 2020-03-31     8501            8935       9369               560              5717                241        0         0
94   Brazil 2020-04-01     9168            9636      10104               604              6836                299        0         0
95   Brazil 2020-04-02     9886           10391      10896               651              7910                359        0         0
96   Brazil 2020-04-03    10661           11206      11751               702              9056                432        0         0
97   Brazil 2020-04-04    11496           12083      12670               757             10278                486        0         0
98   Brazil 2020-04-05    12395           13028      13661               816             11130                553        0         0
99   Brazil 2020-04-06    13363           14046      14729               880             12056                667        0         0
100  Brazil 2020-04-07    14406           15142      15878               949             13717                800        0         0
101  Brazil 2020-04-08    15529           16322      17115              1023             15927                941        0         0
102  Brazil 2020-04-09    16738           17593      18448              1102             17857               1056        0         0
103  Brazil 2020-04-10    18040           18961      19882              1188             19638               1124        0         0
104  Brazil 2020-04-11    19440           20433      21426              1280             20727               1223        0         0
105  Brazil 2020-04-12    20947           22017      23087              1380             22169               1328        0         0
106  Brazil 2020-04-13    22567           23720      24873              1486             23430               1532        0         0
107  Brazil 2020-04-14    24311           25553      26795              1601             25262               1736        0         0
108  Brazil 2020-04-15    26186           27523      28860              1725             28320               1924        0         0
109  Brazil 2020-04-16    28200           29640      31080              1857             30425               2141        0         0
110  Brazil 2020-04-17    30364           31915      33466              2000             33682               2347        0         0
111  Brazil 2020-04-18    32688           34358      36028              2153             36599               2462        0         0
112  Brazil 2020-04-19    35185           36982      38779              2317             38654               2575        0         0
113  Brazil 2020-04-20    37864           39798      41732              2494             40581               2741        0         0
114  Brazil 2020-04-21    40739           42820      44901              2683             43079               2906        0         0
115  Brazil 2020-04-22    43821           46059      48297              2886             45757               3313        0         0
116  Brazil 2020-04-23    47125           49532      51939              3104             49492               3670        0         0
117  Brazil 2020-04-24    50664           53252      55840              3337             52995               4016        0         0
118  Brazil 2020-04-25    54455           57236      60017              3587             58509               4205        0         0
119  Brazil 2020-04-26    58510           61499      64488              3854             61888               4543        0         0
120  Brazil 2020-04-27    62847           66057      69267              4139             66501               5017        0         0
121  Brazil 2020-04-28    67482           70929      74376              4445             71886               5466        0         0
122  Brazil 2020-04-29    72431           76131      79831              4771             78162               5901        0         0
123  Brazil 2020-04-30    77713           81682      85651              5119             85380               6329        0         0
124  Brazil 2020-05-01    83344           87601      91858              5489             91589               6750        0         0
125  Brazil 2020-05-02    89344           93907      98470              5885             96559               7025        0         0
126  Brazil 2020-05-03    95727          100617     105507              6305            101147               7321        0         0
127  Brazil 2020-05-04   102516          107752     112988              6752            107780               7921        0         0
128  Brazil 2020-05-05   109726          115330     120934              7227            114715               8536        0         0
129  Brazil 2020-05-06   117375          123370     129365              7731            125218               9146        0         0
130  Brazil 2020-05-07   125479          131888     138297              8265            135106               9897        0         0
131  Brazil 2020-05-08   134057          140904     147751              8830            145328              10627        0         0
132  Brazil 2020-05-09   143122          150432     157742              9427            155939              11123        0         0
133  Brazil 2020-05-10   152689          160488     168287             10057            162699              11519        0         0
134  Brazil 2020-05-11   162772          171086     179400             10721            168331              12400        0         0
135  Brazil 2020-05-12   173380          182236     191092             11420            177589              13149        0         0
136  Brazil 2020-05-13   184523          193948     203373             12154            188974              13993        0         0
137  Brazil 2020-05-14   196208          206230     216252             12923            202918              14817        0         0
138  Brazil 2020-05-15   208439          219085     229731             13729            218223              15633        0         0
139  Brazil 2020-05-16   221216          232515     243814             14570            233142              16118        0         0
140  Brazil 2020-05-17   234537          246517     258497             15448            241080              16792        0         0
141  Brazil 2020-05-18   248398          261085     273772             16361            254220              17971        0         0
142  Brazil 2020-05-19   262788          276211     289634             17309            271628              18859        0         0
143  Brazil 2020-05-20   277695          291879     306063             18290            291579              20047        0         0
144  Brazil 2020-05-21   293101          308072     323043             19305            310087              21048        0         0
145  Brazil 2020-05-22   308985          324767     340549             20351            330890              22013        0         0
146  Brazil 2020-05-23   325320          341937     358554             21427            347398              22666        0         0
147  Brazil 2020-05-24   342079          359551     377023             22531            363211              23369        0         0
148  Brazil 2020-05-25   359225          377573     395921             23660            372922              23369        0         0
149  Brazil 2020-05-26   376721          395963     415205             24813                NA                 NA        0         0
150  Brazil 2020-05-27   394527          414678     434829             25986                NA                 NA        0         0
151  Brazil 2020-05-28   412597          433671     454745             27176                NA                 NA        0         0
152  Brazil 2020-05-29   430884          452892     474900             28380                NA                 NA        0         0
153  Brazil 2020-05-30   449337          472288     495239             29596                NA                 NA        0         0
154  Brazil 2020-05-31   467905          491804     515703             30819                NA                 NA        0         0
155  Brazil 2020-06-01   486534          511385     536236             32046                NA                 NA        0         0

Fontes:
	OMS - https://ourworldindata.org/coronavirus-source-data
	Worldometers - https://www.worldometers.info/coronavirus