
 Italy 
Projecao:  7  dias
Gerado em:  2020-06-17 13:42:58
RMSE(%):  5.3 , BIAS(%): 1.15

Taxa de Mortalidade 14.48 %

    country       dias otimista casos_estimados pessimista estimativa_mortes casos_confirmados mortes_confirmadas latitude longitude
159   Italy 2020-06-05   217910          230202     242494             33343            234531              33846 41.87194  12.56738
160   Italy 2020-06-06   217977          230272     242567             33354            234801              33899 41.87194  12.56738
161   Italy 2020-06-07   218037          230336     242635             33363            234998              33964 41.87194  12.56738
162   Italy 2020-06-08   218092          230394     242696             33371            235278              34043 41.87194  12.56738
163   Italy 2020-06-09   218143          230448     242753             33379            235561              34114 41.87194  12.56738
164   Italy 2020-06-10   218189          230496     242803             33386            235763              34167 41.87194  12.56738
165   Italy 2020-06-11   218231          230541     242851             33393            236142              34223 41.87194  12.56738
166   Italy 2020-06-12   218270          230582     242894             33398            236305              34301 41.87194  12.56738
167   Italy 2020-06-13   218305          230619     242933             33404            236651              34345 41.87194  12.56738
168   Italy 2020-06-14   218337          230653     242969             33409            236989              34371 41.87194  12.56738
169   Italy 2020-06-15   218367          230684     243001             33413            237290              34405 41.87194  12.56738
170   Italy 2020-06-16   218393          230712     243031             33417            237500              34448 41.87194  12.56738
171   Italy 2020-06-17   218418          230738     243058             33421            237828              34448 41.87194  12.56738
172   Italy 2020-06-18   218440          230762     243084             33425                NA                 NA 41.87194  12.56738
173   Italy 2020-06-19   218460          230783     243106             33428                NA                 NA 41.87194  12.56738
174   Italy 2020-06-20   218479          230803     243127             33430                NA                 NA 41.87194  12.56738
175   Italy 2020-06-21   218496          230821     243146             33433                NA                 NA 41.87194  12.56738
176   Italy 2020-06-22   218511          230837     243163             33435                NA                 NA 41.87194  12.56738
177   Italy 2020-06-23   218526          230852     243178             33438                NA                 NA 41.87194  12.56738
178   Italy 2020-06-24   218539          230866     243193             33440                NA                 NA 41.87194  12.56738

Total de casos no mundo:  8322856 2555609 1520566 2250317 1723448 263212 8983 721 8322856

Estimados a partir dos dados da OMS:
    day       date      x   xest
1     1 2019-12-30      0     38
2     2 2019-12-31      0     42
3     3 2020-01-01      0     46
4     4 2020-01-02      0     50
5     5 2020-01-03      0     55
6     6 2020-01-04      0     60
7     7 2020-01-05      0     66
8     8 2020-01-06      0     72
9     9 2020-01-07      0     79
10   10 2020-01-08      0     87
11   11 2020-01-09      0     95
12   12 2020-01-10      0    104
13   13 2020-01-11      0    114
14   14 2020-01-12      0    124
15   15 2020-01-13      0    136
16   16 2020-01-14      0    149
17   17 2020-01-15      0    163
18   18 2020-01-16      0    179
19   19 2020-01-17      0    196
20   20 2020-01-18      0    215
21   21 2020-01-19      0    235
22   22 2020-01-20      0    257
23   23 2020-01-21      0    282
24   24 2020-01-22      0    309
25   25 2020-01-23      0    338
26   26 2020-01-24      0    370
27   27 2020-01-25      0    405
28   28 2020-01-26      0    444
29   29 2020-01-27      0    486
30   30 2020-01-28      0    532
31   31 2020-01-29      0    582
32   32 2020-01-30      3    638
33   33 2020-01-31      3    698
34   34 2020-02-01      3    764
35   35 2020-02-02      3    837
36   36 2020-02-03      3    916
37   37 2020-02-04      3   1003
38   38 2020-02-05      3   1098
39   39 2020-02-06      3   1202
40   40 2020-02-07      3   1315
41   41 2020-02-08      3   1440
42   42 2020-02-09      3   1576
43   43 2020-02-10      3   1724
44   44 2020-02-11      3   1887
45   45 2020-02-12      3   2065
46   46 2020-02-13      3   2259
47   47 2020-02-14      3   2472
48   48 2020-02-15      3   2705
49   49 2020-02-16      3   2959
50   50 2020-02-17      3   3236
51   51 2020-02-18      3   3539
52   52 2020-02-19      3   3870
53   53 2020-02-20      3   4232
54   54 2020-02-21     17   4626
55   55 2020-02-22     79   5057
56   56 2020-02-23    132   5527
57   57 2020-02-24    229   6039
58   58 2020-02-25    322   6597
59   59 2020-02-26    400   7205
60   60 2020-02-27    650   7867
61   61 2020-02-28    888   8587
62   62 2020-02-29   1128   9371
63   63 2020-03-01   1689  10223
64   64 2020-03-02   2036  11149
65   65 2020-03-03   2502  12154
66   66 2020-03-04   3089  13244
67   67 2020-03-05   3858  14425
68   68 2020-03-06   4636  15705
69   69 2020-03-07   5883  17088
70   70 2020-03-08   7375  18583
71   71 2020-03-09   9172  20197
72   72 2020-03-10  10149  21936
73   73 2020-03-11  12462  23807
74   74 2020-03-12  15113  25819
75   75 2020-03-13  17660  27978
76   76 2020-03-14  21157  30291
77   77 2020-03-15  23980  32764
78   78 2020-03-16  27980  35404
79   79 2020-03-17  31506  38215
80   80 2020-03-18  35713  41202
81   81 2020-03-19  41035  44369
82   82 2020-03-20  47021  47718
83   83 2020-03-21  53578  51251
84   84 2020-03-22  59138  54967
85   85 2020-03-23  63927  58864
86   86 2020-03-24  69176  62938
87   87 2020-03-25  74386  67185
88   88 2020-03-26  80539  71595
89   89 2020-03-27  86498  76161
90   90 2020-03-28  92472  80871
91   91 2020-03-29  97689  85710
92   92 2020-03-30 101739  90664
93   93 2020-03-31 105792  95716
94   94 2020-04-01 110574 100847
95   95 2020-04-02 115242 106037
96   96 2020-04-03 119827 111267
97   97 2020-04-04 124632 116513
98   98 2020-04-05 128948 121756
99   99 2020-04-06 132547 126973
100 100 2020-04-07 135586 132143
101 101 2020-04-08 139422 137246
102 102 2020-04-09 143626 142262
103 103 2020-04-10 147577 147174
104 104 2020-04-11 152271 151965
105 105 2020-04-12 156363 156621
106 106 2020-04-13 159516 161128
107 107 2020-04-14 162488 165477
108 108 2020-04-15 165155 169658
109 109 2020-04-16 168941 173665
110 110 2020-04-17 172434 177493
111 111 2020-04-18 175925 181138
112 112 2020-04-19 178972 184600
113 113 2020-04-20 181228 187879
114 114 2020-04-21 183957 190977
115 115 2020-04-22 187327 193896
116 116 2020-04-23 189973 196641
117 117 2020-04-24 192994 199215
118 118 2020-04-25 195351 201626
119 119 2020-04-26 197675 203879
120 120 2020-04-27 199414 205981
121 121 2020-04-28 201505 207938
122 122 2020-04-29 203591 209758
123 123 2020-04-30 205463 211448
124 124 2020-05-01 207428 213015
125 125 2020-05-02 209328 214466
126 126 2020-05-03 210717 215809
127 127 2020-05-04 211938 217050
128 128 2020-05-05 213013 218195
129 129 2020-05-06 214457 219252
130 130 2020-05-07 215858 220226
131 131 2020-05-08 217185 221122
132 132 2020-05-09 218268 221948
133 133 2020-05-10 219070 222707
134 134 2020-05-11 219814 223404
135 135 2020-05-12 221216 224045
136 136 2020-05-13 222104 224633
137 137 2020-05-14 223096 225173
138 138 2020-05-15 223885 225669
139 139 2020-05-16 224760 226123
140 140 2020-05-17 225435 226539
141 141 2020-05-18 225886 226921
142 142 2020-05-19 226699 227270
143 143 2020-05-20 227364 227590
144 144 2020-05-21 228006 227883
145 145 2020-05-22 228658 228152
146 146 2020-05-23 229327 228397
147 147 2020-05-24 229858 228622
148 148 2020-05-25 230158 228827
149 149 2020-05-26 230555 229015
150 150 2020-05-27 231139 229187
151 151 2020-05-28 231732 229344
152 152 2020-05-29 232248 229488
153 153 2020-05-30 232664 229620
154 154 2020-05-31 233019 229740
155 155 2020-06-01 233197 229850
156 156 2020-06-02 233515 229950
157 157 2020-06-03 233836 230042
158 158 2020-06-04 234013 230125
159 159 2020-06-05 234531 230202
160 160 2020-06-06 234801 230272
161 161 2020-06-07 234998 230336
162 162 2020-06-08 235278 230394
163 163 2020-06-09 235561 230448
164 164 2020-06-10 235763 230496
165 165 2020-06-11 236142 230541
166 166 2020-06-12 236305 230582
167 167 2020-06-13 236651 230619
168 168 2020-06-14 236989 230653
169 169 2020-06-15 237290 230684
170 170 2020-06-16 237500 230712
171 171 2020-06-17 237828 230738

Intervalo de Confianca
             2.5%        97.5%
Asym 229171.28814 232874.86251
xmid     96.33488     97.28532
scal     10.62788     11.38716


Formula: x ~ SSlogis(day, Asym, xmid, scal)

Parameters:
        Estimate  Std. Error t value            Pr(>|t|)    
Asym 231010.0470    909.3927  254.03 <0.0000000000000002 ***
xmid     96.8079      0.2292  422.32 <0.0000000000000002 ***
scal     11.0033      0.1937   56.81 <0.0000000000000002 ***
---
Signif. codes:  0 ‘***’ 0.001 ‘**’ 0.01 ‘*’ 0.05 ‘.’ 0.1 ‘ ’ 1

Residual standard error: 5375 on 168 degrees of freedom

Number of iterations to convergence: 9 
Achieved convergence tolerance: 0.0000000149


Italy: o primeiro caso foi registrado em 30/01/2020 na data 17/06/2020 temos 139 dias desde o primeiro caso. A data de pico prevista pelo modelo logístico foi 06/05/2020 (dia 97 desde os primeiros casos relatados).
Em 06/05/2020 o modelo estimou 231010+/-909 casos.

Todos os dados gerados
    country       dias otimista casos_estimados pessimista estimativa_mortes casos_confirmados mortes_confirmadas latitude longitude
1     Italy 2019-12-30       36              38         40                 6                 0                  0 41.87194  12.56738
2     Italy 2019-12-31       40              42         44                 6                 0                  0 41.87194  12.56738
3     Italy 2020-01-01       44              46         48                 7                 0                  0 41.87194  12.56738
4     Italy 2020-01-02       47              50         53                 7                 0                  0 41.87194  12.56738
5     Italy 2020-01-03       52              55         58                 8                 0                  0 41.87194  12.56738
6     Italy 2020-01-04       57              60         63                 9                 0                  0 41.87194  12.56738
7     Italy 2020-01-05       62              66         70                10                 0                  0 41.87194  12.56738
8     Italy 2020-01-06       68              72         76                10                 0                  0 41.87194  12.56738
9     Italy 2020-01-07       75              79         83                11                 0                  0 41.87194  12.56738
10    Italy 2020-01-08       82              87         92                13                 0                  0 41.87194  12.56738
11    Italy 2020-01-09       90              95        100                14                 0                  0 41.87194  12.56738
12    Italy 2020-01-10       98             104        110                15                 0                  0 41.87194  12.56738
13    Italy 2020-01-11      108             114        120                17                 0                  0 41.87194  12.56738
14    Italy 2020-01-12      117             124        131                18                 0                  0 41.87194  12.56738
15    Italy 2020-01-13      129             136        143                20                 0                  0 41.87194  12.56738
16    Italy 2020-01-14      141             149        157                22                 0                  0 41.87194  12.56738
17    Italy 2020-01-15      154             163        172                24                 0                  0 41.87194  12.56738
18    Italy 2020-01-16      169             179        189                26                 0                  0 41.87194  12.56738
19    Italy 2020-01-17      186             196        206                28                 0                  0 41.87194  12.56738
20    Italy 2020-01-18      204             215        226                31                 0                  0 41.87194  12.56738
21    Italy 2020-01-19      222             235        248                34                 0                  0 41.87194  12.56738
22    Italy 2020-01-20      243             257        271                37                 0                  0 41.87194  12.56738
23    Italy 2020-01-21      267             282        297                41                 0                  0 41.87194  12.56738
24    Italy 2020-01-22      293             309        325                45                 0                  0 41.87194  12.56738
25    Italy 2020-01-23      320             338        356                49                 0                  0 41.87194  12.56738
26    Italy 2020-01-24      350             370        390                54                 0                  0 41.87194  12.56738
27    Italy 2020-01-25      383             405        427                59                 0                  0 41.87194  12.56738
28    Italy 2020-01-26      420             444        468                64                 0                  0 41.87194  12.56738
29    Italy 2020-01-27      460             486        512                70                 0                  0 41.87194  12.56738
30    Italy 2020-01-28      504             532        560                77                 0                  0 41.87194  12.56738
31    Italy 2020-01-29      551             582        613                84                 0                  0 41.87194  12.56738
32    Italy 2020-01-30      604             638        672                92                 3                  0 41.87194  12.56738
33    Italy 2020-01-31      661             698        735               101                 3                  0 41.87194  12.56738
34    Italy 2020-02-01      723             764        805               111                 3                  0 41.87194  12.56738
35    Italy 2020-02-02      792             837        882               121                 3                  0 41.87194  12.56738
36    Italy 2020-02-03      867             916        965               133                 3                  0 41.87194  12.56738
37    Italy 2020-02-04      949            1003       1057               145                 3                  0 41.87194  12.56738
38    Italy 2020-02-05     1039            1098       1157               159                 3                  0 41.87194  12.56738
39    Italy 2020-02-06     1138            1202       1266               174                 3                  0 41.87194  12.56738
40    Italy 2020-02-07     1245            1315       1385               190                 3                  0 41.87194  12.56738
41    Italy 2020-02-08     1363            1440       1517               209                 3                  0 41.87194  12.56738
42    Italy 2020-02-09     1492            1576       1660               228                 3                  0 41.87194  12.56738
43    Italy 2020-02-10     1632            1724       1816               250                 3                  0 41.87194  12.56738
44    Italy 2020-02-11     1786            1887       1988               273                 3                  0 41.87194  12.56738
45    Italy 2020-02-12     1955            2065       2175               299                 3                  0 41.87194  12.56738
46    Italy 2020-02-13     2138            2259       2380               327                 3                  0 41.87194  12.56738
47    Italy 2020-02-14     2340            2472       2604               358                 3                  0 41.87194  12.56738
48    Italy 2020-02-15     2561            2705       2849               392                 3                  0 41.87194  12.56738
49    Italy 2020-02-16     2801            2959       3117               429                 3                  0 41.87194  12.56738
50    Italy 2020-02-17     3063            3236       3409               469                 3                  0 41.87194  12.56738
51    Italy 2020-02-18     3350            3539       3728               513                 3                  0 41.87194  12.56738
52    Italy 2020-02-19     3663            3870       4077               561                 3                  0 41.87194  12.56738
53    Italy 2020-02-20     4006            4232       4458               613                 3                  0 41.87194  12.56738
54    Italy 2020-02-21     4379            4626       4873               670                17                  2 41.87194  12.56738
55    Italy 2020-02-22     4787            5057       5327               732                79                  2 41.87194  12.56738
56    Italy 2020-02-23     5232            5527       5822               801               132                  6 41.87194  12.56738
57    Italy 2020-02-24     5717            6039       6361               875               229                 11 41.87194  12.56738
58    Italy 2020-02-25     6245            6597       6949               956               322                 12 41.87194  12.56738
59    Italy 2020-02-26     6820            7205       7590              1044               400                 17 41.87194  12.56738
60    Italy 2020-02-27     7447            7867       8287              1139               650                 21 41.87194  12.56738
61    Italy 2020-02-28     8128            8587       9046              1244               888                 29 41.87194  12.56738
62    Italy 2020-02-29     8871            9371       9871              1357              1128                 35 41.87194  12.56738
63    Italy 2020-03-01     9677           10223      10769              1481              1689                 52 41.87194  12.56738
64    Italy 2020-03-02    10554           11149      11744              1615              2036                 80 41.87194  12.56738
65    Italy 2020-03-03    11505           12154      12803              1760              2502                107 41.87194  12.56738
66    Italy 2020-03-04    12537           13244      13951              1918              3089                148 41.87194  12.56738
67    Italy 2020-03-05    13655           14425      15195              2089              3858                197 41.87194  12.56738
68    Italy 2020-03-06    14866           15705      16544              2275              4636                233 41.87194  12.56738
69    Italy 2020-03-07    16176           17088      18000              2475              5883                366 41.87194  12.56738
70    Italy 2020-03-08    17591           18583      19575              2692              7375                464 41.87194  12.56738
71    Italy 2020-03-09    19119           20197      21275              2925              9172                631 41.87194  12.56738
72    Italy 2020-03-10    20765           21936      23107              3177             10149                827 41.87194  12.56738
73    Italy 2020-03-11    22536           23807      25078              3448             12462               1016 41.87194  12.56738
74    Italy 2020-03-12    24440           25819      27198              3740             15113               1268 41.87194  12.56738
75    Italy 2020-03-13    26484           27978      29472              4052             17660               1441 41.87194  12.56738
76    Italy 2020-03-14    28674           30291      31908              4387             21157               1811 41.87194  12.56738
77    Italy 2020-03-15    31015           32764      34513              4746             23980               2158 41.87194  12.56738
78    Italy 2020-03-16    33514           35404      37294              5128             27980               2505 41.87194  12.56738
79    Italy 2020-03-17    36174           38215      40256              5535             31506               2978 41.87194  12.56738
80    Italy 2020-03-18    39002           41202      43402              5968             35713               3407 41.87194  12.56738
81    Italy 2020-03-19    42000           44369      46738              6427             41035               4032 41.87194  12.56738
82    Italy 2020-03-20    45170           47718      50266              6912             47021               4827 41.87194  12.56738
83    Italy 2020-03-21    48514           51251      53988              7423             53578               5476 41.87194  12.56738
84    Italy 2020-03-22    52032           54967      57902              7962             59138               6077 41.87194  12.56738
85    Italy 2020-03-23    55721           58864      62007              8526             63927               6820 41.87194  12.56738
86    Italy 2020-03-24    59577           62938      66299              9116             69176               7505 41.87194  12.56738
87    Italy 2020-03-25    63598           67185      70772              9731             74386               8165 41.87194  12.56738
88    Italy 2020-03-26    67772           71595      75418             10370             80539               9136 41.87194  12.56738
89    Italy 2020-03-27    72094           76161      80228             11031             86498              10023 41.87194  12.56738
90    Italy 2020-03-28    76553           80871      85189             11714             92472              10781 41.87194  12.56738
91    Italy 2020-03-29    81133           85710      90287             12415             97689              11591 41.87194  12.56738
92    Italy 2020-03-30    85823           90664      95505             13132            101739              12430 41.87194  12.56738
93    Italy 2020-03-31    90605           95716     100827             13864            105792              13157 41.87194  12.56738
94    Italy 2020-04-01    95462          100847     106232             14607            110574              13917 41.87194  12.56738
95    Italy 2020-04-02   100375          106037     111699             15359            115242              14681 41.87194  12.56738
96    Italy 2020-04-03   105326          111267     117208             16116            119827              15362 41.87194  12.56738
97    Italy 2020-04-04   110292          116513     122734             16876            124632              15889 41.87194  12.56738
98    Italy 2020-04-05   115255          121756     128257             17636            128948              16525 41.87194  12.56738
99    Italy 2020-04-06   120193          126973     133753             18391            132547              17129 41.87194  12.56738
100   Italy 2020-04-07   125087          132143     139199             19140            135586              17669 41.87194  12.56738
101   Italy 2020-04-08   129918          137246     144574             19879            139422              18281 41.87194  12.56738
102   Italy 2020-04-09   134666          142262     149858             20606            143626              18851 41.87194  12.56738
103   Italy 2020-04-10   139316          147174     155032             21317            147577              19470 41.87194  12.56738
104   Italy 2020-04-11   143851          151965     160079             22011            152271              19901 41.87194  12.56738
105   Italy 2020-04-12   148258          156621     164984             22686            156363              20465 41.87194  12.56738
106   Italy 2020-04-13   152525          161128     169731             23338            159516              21069 41.87194  12.56738
107   Italy 2020-04-14   156641          165477     174313             23968            162488              21647 41.87194  12.56738
108   Italy 2020-04-15   160599          169658     178717             24574            165155              22172 41.87194  12.56738
109   Italy 2020-04-16   164392          173665     182938             25154            168941              22747 41.87194  12.56738
110   Italy 2020-04-17   168016          177493     186970             25709            172434              23227 41.87194  12.56738
111   Italy 2020-04-18   171466          181138     190810             26237            175925              23660 41.87194  12.56738
112   Italy 2020-04-19   174743          184600     194457             26738            178972              24114 41.87194  12.56738
113   Italy 2020-04-20   177847          187879     197911             27213            181228              24648 41.87194  12.56738
114   Italy 2020-04-21   180780          190977     201174             27662            183957              25085 41.87194  12.56738
115   Italy 2020-04-22   183543          193896     204249             28085            187327              25549 41.87194  12.56738
116   Italy 2020-04-23   186141          196641     207141             28482            189973              25969 41.87194  12.56738
117   Italy 2020-04-24   188578          199215     209852             28855            192994              26384 41.87194  12.56738
118   Italy 2020-04-25   190860          201626     212392             29204            195351              26644 41.87194  12.56738
119   Italy 2020-04-26   192993          203879     214765             29531            197675              26977 41.87194  12.56738
120   Italy 2020-04-27   194983          205981     216979             29835            199414              27359 41.87194  12.56738
121   Italy 2020-04-28   196835          207938     219041             30119            201505              27682 41.87194  12.56738
122   Italy 2020-04-29   198558          209758     220958             30382            203591              27967 41.87194  12.56738
123   Italy 2020-04-30   200158          211448     222738             30627            205463              28236 41.87194  12.56738
124   Italy 2020-05-01   201641          213015     224389             30854            207428              28710 41.87194  12.56738
125   Italy 2020-05-02   203015          214466     225917             31064            209328              28884 41.87194  12.56738
126   Italy 2020-05-03   204286          215809     227332             31259            210717              29079 41.87194  12.56738
127   Italy 2020-05-04   205461          217050     228639             31438            211938              29315 41.87194  12.56738
128   Italy 2020-05-05   206544          218195     229846             31604            213013              29684 41.87194  12.56738
129   Italy 2020-05-06   207545          219252     230959             31757            214457              29958 41.87194  12.56738
130   Italy 2020-05-07   208467          220226     231985             31898            215858              30201 41.87194  12.56738
131   Italy 2020-05-08   209315          221122     232929             32028            217185              30395 41.87194  12.56738
132   Italy 2020-05-09   210097          221948     233799             32148            218268              30560 41.87194  12.56738
133   Italy 2020-05-10   210815          222707     234599             32258            219070              30739 41.87194  12.56738
134   Italy 2020-05-11   211475          223404     235333             32359            219814              30911 41.87194  12.56738
135   Italy 2020-05-12   212082          224045     236008             32452            221216              31106 41.87194  12.56738
136   Italy 2020-05-13   212639          224633     236627             32537            222104              31368 41.87194  12.56738
137   Italy 2020-05-14   213150          225173     237196             32615            223096              31610 41.87194  12.56738
138   Italy 2020-05-15   213619          225669     237719             32687            223885              31763 41.87194  12.56738
139   Italy 2020-05-16   214049          226123     238197             32753            224760              31908 41.87194  12.56738
140   Italy 2020-05-17   214443          226539     238635             32813            225435              32007 41.87194  12.56738
141   Italy 2020-05-18   214804          226921     239038             32868            225886              32169 41.87194  12.56738
142   Italy 2020-05-19   215135          227270     239405             32919            226699              32330 41.87194  12.56738
143   Italy 2020-05-20   215438          227590     239742             32965            227364              32486 41.87194  12.56738
144   Italy 2020-05-21   215715          227883     240051             33008            228006              32616 41.87194  12.56738
145   Italy 2020-05-22   215970          228152     240334             33046            228658              32735 41.87194  12.56738
146   Italy 2020-05-23   216202          228397     240592             33082            229327              32785 41.87194  12.56738
147   Italy 2020-05-24   216415          228622     240829             33115            229858              32877 41.87194  12.56738
148   Italy 2020-05-25   216609          228827     241045             33144            230158              32955 41.87194  12.56738
149   Italy 2020-05-26   216787          229015     241243             33171            230555              33072 41.87194  12.56738
150   Italy 2020-05-27   216949          229187     241425             33196            231139              33142 41.87194  12.56738
151   Italy 2020-05-28   217098          229344     241590             33219            231732              33229 41.87194  12.56738
152   Italy 2020-05-29   217234          229488     241742             33240            232248              33340 41.87194  12.56738
153   Italy 2020-05-30   217359          229620     241881             33259            232664              33415 41.87194  12.56738
154   Italy 2020-05-31   217473          229740     242007             33277            233019              33475 41.87194  12.56738
155   Italy 2020-06-01   217577          229850     242123             33292            233197              33530 41.87194  12.56738
156   Italy 2020-06-02   217672          229950     242228             33307            233515              33601 41.87194  12.56738
157   Italy 2020-06-03   217759          230042     242325             33320            233836              33689 41.87194  12.56738
158   Italy 2020-06-04   217837          230125     242413             33332            234013              33774 41.87194  12.56738
159   Italy 2020-06-05   217910          230202     242494             33343            234531              33846 41.87194  12.56738
160   Italy 2020-06-06   217977          230272     242567             33354            234801              33899 41.87194  12.56738
161   Italy 2020-06-07   218037          230336     242635             33363            234998              33964 41.87194  12.56738
162   Italy 2020-06-08   218092          230394     242696             33371            235278              34043 41.87194  12.56738
163   Italy 2020-06-09   218143          230448     242753             33379            235561              34114 41.87194  12.56738
164   Italy 2020-06-10   218189          230496     242803             33386            235763              34167 41.87194  12.56738
165   Italy 2020-06-11   218231          230541     242851             33393            236142              34223 41.87194  12.56738
166   Italy 2020-06-12   218270          230582     242894             33398            236305              34301 41.87194  12.56738
167   Italy 2020-06-13   218305          230619     242933             33404            236651              34345 41.87194  12.56738
168   Italy 2020-06-14   218337          230653     242969             33409            236989              34371 41.87194  12.56738
169   Italy 2020-06-15   218367          230684     243001             33413            237290              34405 41.87194  12.56738
170   Italy 2020-06-16   218393          230712     243031             33417            237500              34448 41.87194  12.56738
171   Italy 2020-06-17   218418          230738     243058             33421            237828              34448 41.87194  12.56738
172   Italy 2020-06-18   218440          230762     243084             33425                NA                 NA 41.87194  12.56738
173   Italy 2020-06-19   218460          230783     243106             33428                NA                 NA 41.87194  12.56738
174   Italy 2020-06-20   218479          230803     243127             33430                NA                 NA 41.87194  12.56738
175   Italy 2020-06-21   218496          230821     243146             33433                NA                 NA 41.87194  12.56738
176   Italy 2020-06-22   218511          230837     243163             33435                NA                 NA 41.87194  12.56738
177   Italy 2020-06-23   218526          230852     243178             33438                NA                 NA 41.87194  12.56738
178   Italy 2020-06-24   218539          230866     243193             33440                NA                 NA 41.87194  12.56738

Fontes:
	OMS - https://ourworldindata.org/coronavirus-source-data
	Worldometers - https://www.worldometers.info/coronavirus