
 Italy 
Projecao:  7  dias
Gerado em:  2020-05-19 20:30:49
RMSE(%):  6.6 , BIAS(%): 1.48

Taxa de Mortalidade 14.19 %

    country       dias otimista casos_estimados pessimista estimativa_mortes casos_confirmados mortes_confirmadas latitude longitude
130   Italy 2020-05-07   200051          214218     228385             30398            215858              30201 41.87194  12.56738
131   Italy 2020-05-08   200639          214848     229057             30487            217185              30395 41.87194  12.56738
132   Italy 2020-05-09   201174          215420     229666             30568            218268              30560 41.87194  12.56738
133   Italy 2020-05-10   201661          215942     230223             30643            219070              30739 41.87194  12.56738
134   Italy 2020-05-11   202104          216416     230728             30710            219814              30911 41.87194  12.56738
135   Italy 2020-05-12   202506          216847     231188             30771            221216              31106 41.87194  12.56738
136   Italy 2020-05-13   202872          217239     231606             30827            222104              31368 41.87194  12.56738
137   Italy 2020-05-14   203205          217595     231985             30877            223096              31610 41.87194  12.56738
138   Italy 2020-05-15   203506          217918     232330             30923            223885              31763 41.87194  12.56738
139   Italy 2020-05-16   203781          218212     232643             30965            224760              31908 41.87194  12.56738
140   Italy 2020-05-17   204029          218478     232927             31002            225435              32007 41.87194  12.56738
141   Italy 2020-05-18   204255          218720     233185             31037            225886              32169 41.87194  12.56738
142   Italy 2020-05-19   204461          218940     233419             31068            226699              32169 41.87194  12.56738
143   Italy 2020-05-20   204647          219139     233631             31096                NA                 NA 41.87194  12.56738
144   Italy 2020-05-21   204815          219319     233823             31122                NA                 NA 41.87194  12.56738
145   Italy 2020-05-22   204968          219483     233998             31145                NA                 NA 41.87194  12.56738
146   Italy 2020-05-23   205106          219631     234156             31166                NA                 NA 41.87194  12.56738
147   Italy 2020-05-24   205232          219766     234300             31185                NA                 NA 41.87194  12.56738
148   Italy 2020-05-25   205346          219888     234430             31203                NA                 NA 41.87194  12.56738
149   Italy 2020-05-26   205449          219998     234547             31218                NA                 NA 41.87194  12.56738

Total de casos no mundo:  4982058 1735577 1815438 487379 841060 93208 8675 721 4982058

Estimados a partir dos dados da OMS:
    day       date      x   xest
1     1 2019-12-30      0     19
2     2 2019-12-31      0     21
3     3 2020-01-01      0     23
4     4 2020-01-02      0     25
5     5 2020-01-03      0     28
6     6 2020-01-04      0     31
7     7 2020-01-05      0     34
8     8 2020-01-06      0     38
9     9 2020-01-07      0     41
10   10 2020-01-08      0     46
11   11 2020-01-09      0     51
12   12 2020-01-10      0     56
13   13 2020-01-11      0     62
14   14 2020-01-12      0     68
15   15 2020-01-13      0     75
16   16 2020-01-14      0     83
17   17 2020-01-15      0     92
18   18 2020-01-16      0    101
19   19 2020-01-17      0    112
20   20 2020-01-18      0    124
21   21 2020-01-19      0    137
22   22 2020-01-20      0    151
23   23 2020-01-21      0    167
24   24 2020-01-22      0    184
25   25 2020-01-23      0    203
26   26 2020-01-24      0    224
27   27 2020-01-25      0    248
28   28 2020-01-26      0    274
29   29 2020-01-27      0    302
30   30 2020-01-28      0    334
31   31 2020-01-29      0    369
32   32 2020-01-30      3    407
33   33 2020-01-31      3    449
34   34 2020-02-01      3    496
35   35 2020-02-02      3    548
36   36 2020-02-03      3    605
37   37 2020-02-04      3    668
38   38 2020-02-05      3    738
39   39 2020-02-06      3    815
40   40 2020-02-07      3    899
41   41 2020-02-08      3    993
42   42 2020-02-09      3   1096
43   43 2020-02-10      3   1210
44   44 2020-02-11      3   1336
45   45 2020-02-12      3   1474
46   46 2020-02-13      3   1627
47   47 2020-02-14      3   1796
48   48 2020-02-15      3   1982
49   49 2020-02-16      3   2187
50   50 2020-02-17      3   2413
51   51 2020-02-18      3   2662
52   52 2020-02-19      3   2936
53   53 2020-02-20      3   3239
54   54 2020-02-21     17   3572
55   55 2020-02-22     79   3938
56   56 2020-02-23    132   4341
57   57 2020-02-24    229   4785
58   58 2020-02-25    322   5273
59   59 2020-02-26    400   5810
60   60 2020-02-27    650   6399
61   61 2020-02-28    888   7047
62   62 2020-02-29   1128   7757
63   63 2020-03-01   1689   8536
64   64 2020-03-02   2036   9390
65   65 2020-03-03   2502  10326
66   66 2020-03-04   3089  11349
67   67 2020-03-05   3858  12468
68   68 2020-03-06   4636  13690
69   69 2020-03-07   5883  15023
70   70 2020-03-08   7375  16476
71   71 2020-03-09   9172  18057
72   72 2020-03-10  10149  19775
73   73 2020-03-11  12462  21639
74   74 2020-03-12  15113  23658
75   75 2020-03-13  17660  25841
76   76 2020-03-14  21157  28196
77   77 2020-03-15  23980  30733
78   78 2020-03-16  27980  33458
79   79 2020-03-17  31506  36378
80   80 2020-03-18  35713  39500
81   81 2020-03-19  41035  42828
82   82 2020-03-20  47021  46364
83   83 2020-03-21  53578  50110
84   84 2020-03-22  59138  54066
85   85 2020-03-23  63927  58227
86   86 2020-03-24  69176  62588
87   87 2020-03-25  74386  67141
88   88 2020-03-26  80539  71876
89   89 2020-03-27  86498  76777
90   90 2020-03-28  92472  81830
91   91 2020-03-29  97689  87015
92   92 2020-03-30 101739  92310
93   93 2020-03-31 105792  97692
94   94 2020-04-01 110574 103138
95   95 2020-04-02 115242 108619
96   96 2020-04-03 119827 114110
97   97 2020-04-04 124632 119583
98   98 2020-04-05 128948 125012
99   99 2020-04-06 132547 130370
100 100 2020-04-07 135586 135635
101 101 2020-04-08 139422 140781
102 102 2020-04-09 143626 145790
103 103 2020-04-10 147577 150642
104 104 2020-04-11 152271 155323
105 105 2020-04-12 156363 159819
106 106 2020-04-13 159516 164120
107 107 2020-04-14 162488 168219
108 108 2020-04-15 165155 172111
109 109 2020-04-16 168941 175794
110 110 2020-04-17 172434 179267
111 111 2020-04-18 175925 182531
112 112 2020-04-19 178972 185592
113 113 2020-04-20 181228 188452
114 114 2020-04-21 183957 191119
115 115 2020-04-22 187327 193600
116 116 2020-04-23 189973 195902
117 117 2020-04-24 192994 198034
118 118 2020-04-25 195351 200005
119 119 2020-04-26 197675 201824
120 120 2020-04-27 199414 203499
121 121 2020-04-28 201505 205040
122 122 2020-04-29 203591 206456
123 123 2020-04-30 205463 207754
124 124 2020-05-01 207428 208944
125 125 2020-05-02 209328 210033
126 126 2020-05-03 210717 211029
127 127 2020-05-04 211938 211939
128 128 2020-05-05 213013 212770
129 129 2020-05-06 214457 213528
130 130 2020-05-07 215858 214218
131 131 2020-05-08 217185 214848
132 132 2020-05-09 218268 215420
133 133 2020-05-10 219070 215942
134 134 2020-05-11 219814 216416
135 135 2020-05-12 221216 216847
136 136 2020-05-13 222104 217239
137 137 2020-05-14 223096 217595
138 138 2020-05-15 223885 217918
139 139 2020-05-16 224760 218212
140 140 2020-05-17 225435 218478
141 141 2020-05-18 225886 218720
142 142 2020-05-19 226699 218940

Intervalo de Confianca
              2.5%        97.5%
Asym 218372.329660 223842.69583
xmid     94.834468     95.87358
scal      9.684489     10.45166


Formula: x ~ SSlogis(day, Asym, xmid, scal)

Parameters:
        Estimate  Std. Error t value            Pr(>|t|)    
Asym 221062.0136   1331.3615   166.0 <0.0000000000000002 ***
xmid     95.3482      0.2469   386.2 <0.0000000000000002 ***
scal     10.0625      0.1969    51.1 <0.0000000000000002 ***
---
Signif. codes:  0 ‘***’ 0.001 ‘**’ 0.01 ‘*’ 0.05 ‘.’ 0.1 ‘ ’ 1

Residual standard error: 4845 on 139 degrees of freedom

Number of iterations to convergence: 9 
Achieved convergence tolerance: 0.0000000149


Italy: o primeiro caso foi registrado em 30/01/2020 na data 19/05/2020 temos 110 dias desde o primeiro caso. A data de pico prevista pelo modelo logístico foi 04/05/2020 (dia 95 desde os primeiros casos relatados).
Em 04/05/2020 o modelo estimou 221062+/-1331 casos.

Todos os dados gerados
    country       dias otimista casos_estimados pessimista estimativa_mortes casos_confirmados mortes_confirmadas latitude longitude
1     Italy 2019-12-30       18              19         20                 3                 0                  0 41.87194  12.56738
2     Italy 2019-12-31       20              21         22                 3                 0                  0 41.87194  12.56738
3     Italy 2020-01-01       21              23         25                 3                 0                  0 41.87194  12.56738
4     Italy 2020-01-02       23              25         27                 4                 0                  0 41.87194  12.56738
5     Italy 2020-01-03       26              28         30                 4                 0                  0 41.87194  12.56738
6     Italy 2020-01-04       29              31         33                 4                 0                  0 41.87194  12.56738
7     Italy 2020-01-05       32              34         36                 5                 0                  0 41.87194  12.56738
8     Italy 2020-01-06       35              38         41                 5                 0                  0 41.87194  12.56738
9     Italy 2020-01-07       38              41         44                 6                 0                  0 41.87194  12.56738
10    Italy 2020-01-08       43              46         49                 7                 0                  0 41.87194  12.56738
11    Italy 2020-01-09       48              51         54                 7                 0                  0 41.87194  12.56738
12    Italy 2020-01-10       52              56         60                 8                 0                  0 41.87194  12.56738
13    Italy 2020-01-11       58              62         66                 9                 0                  0 41.87194  12.56738
14    Italy 2020-01-12       64              68         72                10                 0                  0 41.87194  12.56738
15    Italy 2020-01-13       70              75         80                11                 0                  0 41.87194  12.56738
16    Italy 2020-01-14       78              83         88                12                 0                  0 41.87194  12.56738
17    Italy 2020-01-15       86              92         98                13                 0                  0 41.87194  12.56738
18    Italy 2020-01-16       94             101        108                14                 0                  0 41.87194  12.56738
19    Italy 2020-01-17      105             112        119                16                 0                  0 41.87194  12.56738
20    Italy 2020-01-18      116             124        132                18                 0                  0 41.87194  12.56738
21    Italy 2020-01-19      128             137        146                19                 0                  0 41.87194  12.56738
22    Italy 2020-01-20      141             151        161                21                 0                  0 41.87194  12.56738
23    Italy 2020-01-21      156             167        178                24                 0                  0 41.87194  12.56738
24    Italy 2020-01-22      172             184        196                26                 0                  0 41.87194  12.56738
25    Italy 2020-01-23      190             203        216                29                 0                  0 41.87194  12.56738
26    Italy 2020-01-24      209             224        239                32                 0                  0 41.87194  12.56738
27    Italy 2020-01-25      232             248        264                35                 0                  0 41.87194  12.56738
28    Italy 2020-01-26      256             274        292                39                 0                  0 41.87194  12.56738
29    Italy 2020-01-27      282             302        322                43                 0                  0 41.87194  12.56738
30    Italy 2020-01-28      312             334        356                47                 0                  0 41.87194  12.56738
31    Italy 2020-01-29      345             369        393                52                 0                  0 41.87194  12.56738
32    Italy 2020-01-30      380             407        434                58                 3                  0 41.87194  12.56738
33    Italy 2020-01-31      419             449        479                64                 3                  0 41.87194  12.56738
34    Italy 2020-02-01      463             496        529                70                 3                  0 41.87194  12.56738
35    Italy 2020-02-02      512             548        584                78                 3                  0 41.87194  12.56738
36    Italy 2020-02-03      565             605        645                86                 3                  0 41.87194  12.56738
37    Italy 2020-02-04      624             668        712                95                 3                  0 41.87194  12.56738
38    Italy 2020-02-05      689             738        787               105                 3                  0 41.87194  12.56738
39    Italy 2020-02-06      761             815        869               116                 3                  0 41.87194  12.56738
40    Italy 2020-02-07      840             899        958               128                 3                  0 41.87194  12.56738
41    Italy 2020-02-08      927             993       1059               141                 3                  0 41.87194  12.56738
42    Italy 2020-02-09     1024            1096       1168               156                 3                  0 41.87194  12.56738
43    Italy 2020-02-10     1130            1210       1290               172                 3                  0 41.87194  12.56738
44    Italy 2020-02-11     1248            1336       1424               190                 3                  0 41.87194  12.56738
45    Italy 2020-02-12     1377            1474       1571               209                 3                  0 41.87194  12.56738
46    Italy 2020-02-13     1519            1627       1735               231                 3                  0 41.87194  12.56738
47    Italy 2020-02-14     1677            1796       1915               255                 3                  0 41.87194  12.56738
48    Italy 2020-02-15     1851            1982       2113               281                 3                  0 41.87194  12.56738
49    Italy 2020-02-16     2042            2187       2332               310                 3                  0 41.87194  12.56738
50    Italy 2020-02-17     2253            2413       2573               342                 3                  0 41.87194  12.56738
51    Italy 2020-02-18     2486            2662       2838               378                 3                  0 41.87194  12.56738
52    Italy 2020-02-19     2742            2936       3130               417                 3                  0 41.87194  12.56738
53    Italy 2020-02-20     3025            3239       3453               460                 3                  0 41.87194  12.56738
54    Italy 2020-02-21     3336            3572       3808               507                17                  2 41.87194  12.56738
55    Italy 2020-02-22     3678            3938       4198               559                79                  2 41.87194  12.56738
56    Italy 2020-02-23     4054            4341       4628               616               132                  6 41.87194  12.56738
57    Italy 2020-02-24     4469            4785       5101               679               229                 11 41.87194  12.56738
58    Italy 2020-02-25     4924            5273       5622               748               322                 12 41.87194  12.56738
59    Italy 2020-02-26     5426            5810       6194               824               400                 17 41.87194  12.56738
60    Italy 2020-02-27     5976            6399       6822               908               650                 21 41.87194  12.56738
61    Italy 2020-02-28     6581            7047       7513              1000               888                 29 41.87194  12.56738
62    Italy 2020-02-29     7244            7757       8270              1101              1128                 35 41.87194  12.56738
63    Italy 2020-03-01     7971            8536       9101              1211              1689                 52 41.87194  12.56738
64    Italy 2020-03-02     8769            9390      10011              1332              2036                 80 41.87194  12.56738
65    Italy 2020-03-03     9643           10326      11009              1465              2502                107 41.87194  12.56738
66    Italy 2020-03-04    10598           11349      12100              1610              3089                148 41.87194  12.56738
67    Italy 2020-03-05    11643           12468      13293              1769              3858                197 41.87194  12.56738
68    Italy 2020-03-06    12785           13690      14595              1943              4636                233 41.87194  12.56738
69    Italy 2020-03-07    14029           15023      16017              2132              5883                366 41.87194  12.56738
70    Italy 2020-03-08    15386           16476      17566              2338              7375                464 41.87194  12.56738
71    Italy 2020-03-09    16863           18057      19251              2562              9172                631 41.87194  12.56738
72    Italy 2020-03-10    18467           19775      21083              2806             10149                827 41.87194  12.56738
73    Italy 2020-03-11    20208           21639      23070              3071             12462               1016 41.87194  12.56738
74    Italy 2020-03-12    22093           23658      25223              3357             15113               1268 41.87194  12.56738
75    Italy 2020-03-13    24132           25841      27550              3667             17660               1441 41.87194  12.56738
76    Italy 2020-03-14    26331           28196      30061              4001             21157               1811 41.87194  12.56738
77    Italy 2020-03-15    28701           30733      32765              4361             23980               2158 41.87194  12.56738
78    Italy 2020-03-16    31245           33458      35671              4748             27980               2505 41.87194  12.56738
79    Italy 2020-03-17    33972           36378      38784              5162             31506               2978 41.87194  12.56738
80    Italy 2020-03-18    36888           39500      42112              5605             35713               3407 41.87194  12.56738
81    Italy 2020-03-19    39996           42828      45660              6077             41035               4032 41.87194  12.56738
82    Italy 2020-03-20    43298           46364      49430              6579             47021               4827 41.87194  12.56738
83    Italy 2020-03-21    46796           50110      53424              7111             53578               5476 41.87194  12.56738
84    Italy 2020-03-22    50490           54066      57642              7672             59138               6077 41.87194  12.56738
85    Italy 2020-03-23    54376           58227      62078              8263             63927               6820 41.87194  12.56738
86    Italy 2020-03-24    58449           62588      66727              8881             69176               7505 41.87194  12.56738
87    Italy 2020-03-25    62701           67141      71581              9527             74386               8165 41.87194  12.56738
88    Italy 2020-03-26    67123           71876      76629             10199             80539               9136 41.87194  12.56738
89    Italy 2020-03-27    71699           76777      81855             10895             86498              10023 41.87194  12.56738
90    Italy 2020-03-28    76418           81830      87242             11612             92472              10781 41.87194  12.56738
91    Italy 2020-03-29    81260           87015      92770             12348             97689              11591 41.87194  12.56738
92    Italy 2020-03-30    86205           92310      98415             13099            101739              12430 41.87194  12.56738
93    Italy 2020-03-31    91231           97692     104153             13863            105792              13157 41.87194  12.56738
94    Italy 2020-04-01    96317          103138     109959             14635            110574              13917 41.87194  12.56738
95    Italy 2020-04-02   101436          108619     115802             15413            115242              14681 41.87194  12.56738
96    Italy 2020-04-03   106564          114110     121656             16192            119827              15362 41.87194  12.56738
97    Italy 2020-04-04   111675          119583     127491             16969            124632              15889 41.87194  12.56738
98    Italy 2020-04-05   116745          125012     133279             17739            128948              16525 41.87194  12.56738
99    Italy 2020-04-06   121748          130370     138992             18500            132547              17129 41.87194  12.56738
100   Italy 2020-04-07   126665          135635     144605             19247            135586              17669 41.87194  12.56738
101   Italy 2020-04-08   131471          140781     150091             19977            139422              18281 41.87194  12.56738
102   Italy 2020-04-09   136148          145790     155432             20688            143626              18851 41.87194  12.56738
103   Italy 2020-04-10   140680          150642     160604             21376            147577              19470 41.87194  12.56738
104   Italy 2020-04-11   145051          155323     165595             22041            152271              19901 41.87194  12.56738
105   Italy 2020-04-12   149250          159819     170388             22679            156363              20465 41.87194  12.56738
106   Italy 2020-04-13   153266          164120     174974             23289            159516              21069 41.87194  12.56738
107   Italy 2020-04-14   157094          168219     179344             23871            162488              21647 41.87194  12.56738
108   Italy 2020-04-15   160729          172111     183493             24423            165155              22172 41.87194  12.56738
109   Italy 2020-04-16   164168          175794     187420             24945            168941              22747 41.87194  12.56738
110   Italy 2020-04-17   167412          179267     191122             25438            172434              23227 41.87194  12.56738
111   Italy 2020-04-18   170460          182531     194602             25901            175925              23660 41.87194  12.56738
112   Italy 2020-04-19   173318          185592     197866             26336            178972              24114 41.87194  12.56738
113   Italy 2020-04-20   175989          188452     200915             26742            181228              24648 41.87194  12.56738
114   Italy 2020-04-21   178480          191119     203758             27120            183957              25085 41.87194  12.56738
115   Italy 2020-04-22   180797          193600     206403             27472            187327              25549 41.87194  12.56738
116   Italy 2020-04-23   182946          195902     208858             27799            189973              25969 41.87194  12.56738
117   Italy 2020-04-24   184937          198034     211131             28101            192994              26384 41.87194  12.56738
118   Italy 2020-04-25   186778          200005     213232             28381            195351              26644 41.87194  12.56738
119   Italy 2020-04-26   188477          201824     215171             28639            197675              26977 41.87194  12.56738
120   Italy 2020-04-27   190041          203499     216957             28877            199414              27359 41.87194  12.56738
121   Italy 2020-04-28   191480          205040     218600             29096            201505              27682 41.87194  12.56738
122   Italy 2020-04-29   192802          206456     220110             29296            203591              27967 41.87194  12.56738
123   Italy 2020-04-30   194015          207754     221493             29481            205463              28236 41.87194  12.56738
124   Italy 2020-05-01   195126          208944     222762             29650            207428              28710 41.87194  12.56738
125   Italy 2020-05-02   196143          210033     223923             29804            209328              28884 41.87194  12.56738
126   Italy 2020-05-03   197073          211029     224985             29945            210717              29079 41.87194  12.56738
127   Italy 2020-05-04   197923          211939     225955             30075            211938              29315 41.87194  12.56738
128   Italy 2020-05-05   198699          212770     226841             30192            213013              29684 41.87194  12.56738
129   Italy 2020-05-06   199407          213528     227649             30300            214457              29958 41.87194  12.56738
130   Italy 2020-05-07   200051          214218     228385             30398            215858              30201 41.87194  12.56738
131   Italy 2020-05-08   200639          214848     229057             30487            217185              30395 41.87194  12.56738
132   Italy 2020-05-09   201174          215420     229666             30568            218268              30560 41.87194  12.56738
133   Italy 2020-05-10   201661          215942     230223             30643            219070              30739 41.87194  12.56738
134   Italy 2020-05-11   202104          216416     230728             30710            219814              30911 41.87194  12.56738
135   Italy 2020-05-12   202506          216847     231188             30771            221216              31106 41.87194  12.56738
136   Italy 2020-05-13   202872          217239     231606             30827            222104              31368 41.87194  12.56738
137   Italy 2020-05-14   203205          217595     231985             30877            223096              31610 41.87194  12.56738
138   Italy 2020-05-15   203506          217918     232330             30923            223885              31763 41.87194  12.56738
139   Italy 2020-05-16   203781          218212     232643             30965            224760              31908 41.87194  12.56738
140   Italy 2020-05-17   204029          218478     232927             31002            225435              32007 41.87194  12.56738
141   Italy 2020-05-18   204255          218720     233185             31037            225886              32169 41.87194  12.56738
142   Italy 2020-05-19   204461          218940     233419             31068            226699              32169 41.87194  12.56738
143   Italy 2020-05-20   204647          219139     233631             31096                NA                 NA 41.87194  12.56738
144   Italy 2020-05-21   204815          219319     233823             31122                NA                 NA 41.87194  12.56738
145   Italy 2020-05-22   204968          219483     233998             31145                NA                 NA 41.87194  12.56738
146   Italy 2020-05-23   205106          219631     234156             31166                NA                 NA 41.87194  12.56738
147   Italy 2020-05-24   205232          219766     234300             31185                NA                 NA 41.87194  12.56738
148   Italy 2020-05-25   205346          219888     234430             31203                NA                 NA 41.87194  12.56738
149   Italy 2020-05-26   205449          219998     234547             31218                NA                 NA 41.87194  12.56738

Fontes:
	OMS - https://ourworldindata.org/coronavirus-source-data
	Worldometers - https://www.worldometers.info/coronavirus