
 Brazil 
Projecao:  10  dias
Gerado em:  2020-08-03 20:41:52
RMSE(%):  5.7 , BIAS(%): 1.55

Taxa de Mortalidade 3.44 %

    country       dias otimista casos_estimados pessimista estimativa_mortes casos_confirmados mortes_confirmadas latitude longitude
209  Brazil 2020-07-25  2253030         2389981    2526932             82254           2394513              87004        0         0
210  Brazil 2020-07-26  2285452         2424374    2563296             83438           2419091              87618        0         0
211  Brazil 2020-07-27  2317242         2458096    2598950             84598           2442375              88539        0         0
212  Brazil 2020-07-28  2348381         2491128    2633875             85735           2483191              90134        0         0
213  Brazil 2020-07-29  2378855         2523454    2668053             86848           2552265              91263        0         0
214  Brazil 2020-07-30  2408650         2555061    2701472             87936           2610102              92475        0         0
215  Brazil 2020-07-31  2437758         2585938    2734118             88998           2662485              93563        0         0
216  Brazil 2020-08-01  2466169         2616076    2765983             90036           2707877              94104        0         0
217  Brazil 2020-08-02  2493876         2645467    2797058             91047           2733677              94702        0         0
218  Brazil 2020-08-03  2520875         2674107    2827339             92033           2751665              94702        0         0
219  Brazil 2020-08-04  2547163         2701993    2856823             92992                NA                 NA        0         0
220  Brazil 2020-08-05  2572738         2729123    2885508             93926                NA                 NA        0         0
221  Brazil 2020-08-06  2597602         2755498    2913394             94834                NA                 NA        0         0
222  Brazil 2020-08-07  2621757         2781121    2940485             95716                NA                 NA        0         0
223  Brazil 2020-08-08  2645204         2805994    2966784             96572                NA                 NA        0         0
224  Brazil 2020-08-09  2667951         2830123    2992295             97402                NA                 NA        0         0
225  Brazil 2020-08-10  2690001         2853514    3017027             98207                NA                 NA        0         0
226  Brazil 2020-08-11  2711365         2876176    3040987             98987                NA                 NA        0         0
227  Brazil 2020-08-12  2732049         2898117    3064185             99742                NA                 NA        0         0
228  Brazil 2020-08-13  2752062         2919347    3086632            100473                NA                 NA        0         0

Total de casos no mundo:  18433121 5707869 4285550 4523351 2923462 972061 20107 721 18433121

Estimados a partir dos dados da OMS:
    day       date       x    xest
1     1 2019-12-30       0     376
2     2 2019-12-31       0     394
3     3 2020-01-01       0     413
4     4 2020-01-02       0     434
5     5 2020-01-03       0     455
6     6 2020-01-04       0     477
7     7 2020-01-05       0     501
8     8 2020-01-06       0     525
9     9 2020-01-07       0     551
10   10 2020-01-08       0     578
11   11 2020-01-09       0     606
12   12 2020-01-10       0     636
13   13 2020-01-11       0     667
14   14 2020-01-12       0     700
15   15 2020-01-13       0     734
16   16 2020-01-14       0     770
17   17 2020-01-15       0     808
18   18 2020-01-16       0     847
19   19 2020-01-17       0     889
20   20 2020-01-18       0     932
21   21 2020-01-19       0     978
22   22 2020-01-20       0    1026
23   23 2020-01-21       0    1076
24   24 2020-01-22       0    1129
25   25 2020-01-23       0    1184
26   26 2020-01-24       0    1242
27   27 2020-01-25       0    1303
28   28 2020-01-26       0    1367
29   29 2020-01-27       0    1433
30   30 2020-01-28       0    1504
31   31 2020-01-29       0    1577
32   32 2020-01-30       0    1655
33   33 2020-01-31       0    1736
34   34 2020-02-01       0    1821
35   35 2020-02-02       0    1910
36   36 2020-02-03       0    2003
37   37 2020-02-04       0    2101
38   38 2020-02-05       0    2204
39   39 2020-02-06       0    2312
40   40 2020-02-07       0    2425
41   41 2020-02-08       0    2544
42   42 2020-02-09       0    2669
43   43 2020-02-10       0    2799
44   44 2020-02-11       0    2936
45   45 2020-02-12       0    3080
46   46 2020-02-13       0    3231
47   47 2020-02-14       0    3389
48   48 2020-02-15       0    3555
49   49 2020-02-16       0    3729
50   50 2020-02-17       0    3911
51   51 2020-02-18       0    4103
52   52 2020-02-19       0    4304
53   53 2020-02-20       0    4514
54   54 2020-02-21       0    4735
55   55 2020-02-22       0    4967
56   56 2020-02-23       0    5210
57   57 2020-02-24       0    5465
58   58 2020-02-25       1    5732
59   59 2020-02-26       1    6012
60   60 2020-02-27       1    6306
61   61 2020-02-28       1    6615
62   62 2020-02-29       2    6938
63   63 2020-03-01       2    7277
64   64 2020-03-02       2    7633
65   65 2020-03-03       2    8006
66   66 2020-03-04       3    8398
67   67 2020-03-05       8    8808
68   68 2020-03-06      13    9238
69   69 2020-03-07      13    9690
70   70 2020-03-08      25   10163
71   71 2020-03-09      25   10659
72   72 2020-03-10      34   11180
73   73 2020-03-11      52   11726
74   74 2020-03-12      77   12298
75   75 2020-03-13      98   12899
76   76 2020-03-14     121   13528
77   77 2020-03-15     200   14188
78   78 2020-03-16     234   14880
79   79 2020-03-17     291   15606
80   80 2020-03-18     428   16367
81   81 2020-03-19     621   17165
82   82 2020-03-20     904   18002
83   83 2020-03-21    1128   18879
84   84 2020-03-22    1546   19799
85   85 2020-03-23    1891   20763
86   86 2020-03-24    2201   21774
87   87 2020-03-25    2433   22833
88   88 2020-03-26    2915   23944
89   89 2020-03-27    3417   25109
90   90 2020-03-28    3904   26330
91   91 2020-03-29    4256   27610
92   92 2020-03-30    4579   28951
93   93 2020-03-31    5717   30357
94   94 2020-04-01    6836   31830
95   95 2020-04-02    7910   33375
96   96 2020-04-03    9056   34993
97   97 2020-04-04   10278   36690
98   98 2020-04-05   11130   38467
99   99 2020-04-06   12056   40330
100 100 2020-04-07   13717   42282
101 101 2020-04-08   15927   44326
102 102 2020-04-09   17857   46469
103 103 2020-04-10   19638   48713
104 104 2020-04-11   20727   51065
105 105 2020-04-12   22169   53528
106 106 2020-04-13   23430   56107
107 107 2020-04-14   25262   58809
108 108 2020-04-15   28320   61639
109 109 2020-04-16   30425   64602
110 110 2020-04-17   33682   67705
111 111 2020-04-18   36599   70954
112 112 2020-04-19   38654   74355
113 113 2020-04-20   40581   77916
114 114 2020-04-21   43079   81642
115 115 2020-04-22   45757   85543
116 116 2020-04-23   49492   89625
117 117 2020-04-24   52995   93896
118 118 2020-04-25   58509   98365
119 119 2020-04-26   61888  103040
120 120 2020-04-27   66501  107929
121 121 2020-04-28   71886  113043
122 122 2020-04-29   78162  118391
123 123 2020-04-30   85380  123982
124 124 2020-05-01   91589  129827
125 125 2020-05-02   96559  135937
126 126 2020-05-03  101147  142321
127 127 2020-05-04  107780  148991
128 128 2020-05-05  114715  155960
129 129 2020-05-06  125218  163238
130 130 2020-05-07  135106  170838
131 131 2020-05-08  145328  178772
132 132 2020-05-09  155939  187054
133 133 2020-05-10  162699  195697
134 134 2020-05-11  168331  204713
135 135 2020-05-12  177589  214118
136 136 2020-05-13  188974  223925
137 137 2020-05-14  202918  234148
138 138 2020-05-15  218223  244802
139 139 2020-05-16  233142  255902
140 140 2020-05-17  241080  267464
141 141 2020-05-18  254220  279501
142 142 2020-05-19  271628  292031
143 143 2020-05-20  291579  305068
144 144 2020-05-21  310087  318627
145 145 2020-05-22  330890  332726
146 146 2020-05-23  347398  347378
147 147 2020-05-24  363211  362601
148 148 2020-05-25  374898  378408
149 149 2020-05-26  391222  394816
150 150 2020-05-27  411821  411840
151 151 2020-05-28  438238  429494
152 152 2020-05-29  465166  447792
153 153 2020-05-30  498440  466749
154 154 2020-05-31  514849  486378
155 155 2020-06-01  526447  506691
156 156 2020-06-02  555383  527701
157 157 2020-06-03  584016  549418
158 158 2020-06-04  614932  571853
159 159 2020-06-05  645762  595014
160 160 2020-06-06  672837  618912
161 161 2020-06-07  691758  643551
162 162 2020-06-08  707412  668937
163 163 2020-06-09  739503  695076
164 164 2020-06-10  772416  721969
165 165 2020-06-11  802828  749618
166 166 2020-06-12  828810  778022
167 167 2020-06-13  850514  807178
168 168 2020-06-14  867624  837083
169 169 2020-06-15  888271  867729
170 170 2020-06-16  923189  899108
171 171 2020-06-17  955377  931210
172 172 2020-06-18  978142  964022
173 173 2020-06-19 1032913  997529
174 174 2020-06-20 1067579 1031715
175 175 2020-06-21 1085038 1066558
176 176 2020-06-22 1106470 1102038
177 177 2020-06-23 1145906 1138131
178 178 2020-06-24 1188631 1174809
179 179 2020-06-25 1228114 1212046
180 180 2020-06-26 1274974 1249809
181 181 2020-06-27 1313667 1288067
182 182 2020-06-28 1344143 1326783
183 183 2020-06-29 1368195 1365922
184 184 2020-06-30 1402041 1405445
185 185 2020-07-01 1448753 1445312
186 186 2020-07-02 1496858 1485481
187 187 2020-07-03 1539081 1525910
188 188 2020-07-04 1577004 1566553
189 189 2020-07-05 1603055 1607366
190 190 2020-07-06 1623284 1648303
191 191 2020-07-07 1668589 1689318
192 192 2020-07-08 1713160 1730364
193 193 2020-07-09 1755779 1771393
194 194 2020-07-10 1800827 1812360
195 195 2020-07-11 1839850 1853217
196 196 2020-07-12 1864681 1893918
197 197 2020-07-13 1884967 1934419
198 198 2020-07-14 1926824 1974674
199 199 2020-07-15 1966748 2014640
200 200 2020-07-16 2012151 2054275
201 201 2020-07-17 2046328 2093539
202 202 2020-07-18 2074860 2132392
203 203 2020-07-19 2098389 2170797
204 204 2020-07-20 2118646 2208719
205 205 2020-07-21 2159654 2246124
206 206 2020-07-22 2227514 2282981
207 207 2020-07-23 2287475 2319260
208 208 2020-07-24 2343366 2354935
209 209 2020-07-25 2394513 2389981
210 210 2020-07-26 2419091 2424374
211 211 2020-07-27 2442375 2458096
212 212 2020-07-28 2483191 2491128
213 213 2020-07-29 2552265 2523454
214 214 2020-07-30 2610102 2555061
215 215 2020-07-31 2662485 2585938
216 216 2020-08-01 2707877 2616076
217 217 2020-08-02 2733677 2645467
218 218 2020-08-03 2751665 2674107

Intervalo de Confianca
              2.5%         97.5%
Asym 3352351.02395 3518960.42823
xmid     190.50298     192.87633
scal      20.46632      21.35566


Formula: x ~ SSlogis(day, Asym, xmid, scal)

Parameters:
         Estimate   Std. Error t value            Pr(>|t|)    
Asym 3432550.5350   41944.1430   81.84 <0.0000000000000002 ***
xmid     191.6568       0.5972  320.90 <0.0000000000000002 ***
scal      20.9056       0.2321   90.07 <0.0000000000000002 ***
---
Signif. codes:  0 ‘***’ 0.001 ‘**’ 0.01 ‘*’ 0.05 ‘.’ 0.1 ‘ ’ 1

Residual standard error: 28590 on 215 degrees of freedom

Number of iterations to convergence: 7 
Achieved convergence tolerance: 0.0000000149


Brazil: o primeiro caso foi registrado em 25/02/2020 na data 03/08/2020 temos 160 dias desde o primeiro caso. A data de pico prevista pelo modelo logístico é 04/09/2020 (dia 192 desde os primeiros casos relatados).
Em 04/09/2020 o modelo estima 3432551+/-41944 casos. De acordo com o modelo ajustado temos 32 de infecçao pela frente.

Todos os dados gerados
    country       dias otimista casos_estimados pessimista estimativa_mortes casos_confirmados mortes_confirmadas latitude longitude
1    Brazil 2019-12-30      354             376        398                13                 0                  0        0         0
2    Brazil 2019-12-31      371             394        417                14                 0                  0        0         0
3    Brazil 2020-01-01      389             413        437                14                 0                  0        0         0
4    Brazil 2020-01-02      409             434        459                15                 0                  0        0         0
5    Brazil 2020-01-03      429             455        481                16                 0                  0        0         0
6    Brazil 2020-01-04      450             477        504                16                 0                  0        0         0
7    Brazil 2020-01-05      472             501        530                17                 0                  0        0         0
8    Brazil 2020-01-06      495             525        555                18                 0                  0        0         0
9    Brazil 2020-01-07      519             551        583                19                 0                  0        0         0
10   Brazil 2020-01-08      545             578        611                20                 0                  0        0         0
11   Brazil 2020-01-09      571             606        641                21                 0                  0        0         0
12   Brazil 2020-01-10      600             636        672                22                 0                  0        0         0
13   Brazil 2020-01-11      629             667        705                23                 0                  0        0         0
14   Brazil 2020-01-12      660             700        740                24                 0                  0        0         0
15   Brazil 2020-01-13      692             734        776                25                 0                  0        0         0
16   Brazil 2020-01-14      726             770        814                27                 0                  0        0         0
17   Brazil 2020-01-15      762             808        854                28                 0                  0        0         0
18   Brazil 2020-01-16      798             847        896                29                 0                  0        0         0
19   Brazil 2020-01-17      838             889        940                31                 0                  0        0         0
20   Brazil 2020-01-18      879             932        985                32                 0                  0        0         0
21   Brazil 2020-01-19      922             978       1034                34                 0                  0        0         0
22   Brazil 2020-01-20      967            1026       1085                35                 0                  0        0         0
23   Brazil 2020-01-21     1014            1076       1138                37                 0                  0        0         0
24   Brazil 2020-01-22     1064            1129       1194                39                 0                  0        0         0
25   Brazil 2020-01-23     1116            1184       1252                41                 0                  0        0         0
26   Brazil 2020-01-24     1171            1242       1313                43                 0                  0        0         0
27   Brazil 2020-01-25     1228            1303       1378                45                 0                  0        0         0
28   Brazil 2020-01-26     1289            1367       1445                47                 0                  0        0         0
29   Brazil 2020-01-27     1351            1433       1515                49                 0                  0        0         0
30   Brazil 2020-01-28     1418            1504       1590                52                 0                  0        0         0
31   Brazil 2020-01-29     1487            1577       1667                54                 0                  0        0         0
32   Brazil 2020-01-30     1560            1655       1750                57                 0                  0        0         0
33   Brazil 2020-01-31     1637            1736       1835                60                 0                  0        0         0
34   Brazil 2020-02-01     1717            1821       1925                63                 0                  0        0         0
35   Brazil 2020-02-02     1801            1910       2019                66                 0                  0        0         0
36   Brazil 2020-02-03     1888            2003       2118                69                 0                  0        0         0
37   Brazil 2020-02-04     1981            2101       2221                72                 0                  0        0         0
38   Brazil 2020-02-05     2078            2204       2330                76                 0                  0        0         0
39   Brazil 2020-02-06     2180            2312       2444                80                 0                  0        0         0
40   Brazil 2020-02-07     2286            2425       2564                83                 0                  0        0         0
41   Brazil 2020-02-08     2398            2544       2690                88                 0                  0        0         0
42   Brazil 2020-02-09     2516            2669       2822                92                 0                  0        0         0
43   Brazil 2020-02-10     2639            2799       2959                96                 0                  0        0         0
44   Brazil 2020-02-11     2768            2936       3104               101                 0                  0        0         0
45   Brazil 2020-02-12     2904            3080       3256               106                 0                  0        0         0
46   Brazil 2020-02-13     3046            3231       3416               111                 0                  0        0         0
47   Brazil 2020-02-14     3195            3389       3583               117                 0                  0        0         0
48   Brazil 2020-02-15     3351            3555       3759               122                 0                  0        0         0
49   Brazil 2020-02-16     3515            3729       3943               128                 0                  0        0         0
50   Brazil 2020-02-17     3687            3911       4135               135                 0                  0        0         0
51   Brazil 2020-02-18     3868            4103       4338               141                 0                  0        0         0
52   Brazil 2020-02-19     4057            4304       4551               148                 0                  0        0         0
53   Brazil 2020-02-20     4255            4514       4773               155                 0                  0        0         0
54   Brazil 2020-02-21     4464            4735       5006               163                 0                  0        0         0
55   Brazil 2020-02-22     4682            4967       5252               171                 0                  0        0         0
56   Brazil 2020-02-23     4911            5210       5509               179                 0                  0        0         0
57   Brazil 2020-02-24     5152            5465       5778               188                 0                  0        0         0
58   Brazil 2020-02-25     5404            5732       6060               197                 1                  0        0         0
59   Brazil 2020-02-26     5667            6012       6357               207                 1                  0        0         0
60   Brazil 2020-02-27     5945            6306       6667               217                 1                  0        0         0
61   Brazil 2020-02-28     6236            6615       6994               228                 1                  0        0         0
62   Brazil 2020-02-29     6540            6938       7336               239                 2                  0        0         0
63   Brazil 2020-03-01     6860            7277       7694               250                 2                  0        0         0
64   Brazil 2020-03-02     7196            7633       8070               263                 2                  0        0         0
65   Brazil 2020-03-03     7547            8006       8465               276                 2                  0        0         0
66   Brazil 2020-03-04     7917            8398       8879               289                 3                  0        0         0
67   Brazil 2020-03-05     8303            8808       9313               303                 8                  0        0         0
68   Brazil 2020-03-06     8709            9238       9767               318                13                  0        0         0
69   Brazil 2020-03-07     9135            9690      10245               333                13                  0        0         0
70   Brazil 2020-03-08     9581           10163      10745               350                25                  0        0         0
71   Brazil 2020-03-09    10048           10659      11270               367                25                  0        0         0
72   Brazil 2020-03-10    10539           11180      11821               385                34                  0        0         0
73   Brazil 2020-03-11    11054           11726      12398               404                52                  0        0         0
74   Brazil 2020-03-12    11593           12298      13003               423                77                  0        0         0
75   Brazil 2020-03-13    12160           12899      13638               444                98                  0        0         0
76   Brazil 2020-03-14    12753           13528      14303               466               121                  0        0         0
77   Brazil 2020-03-15    13375           14188      15001               488               200                  0        0         0
78   Brazil 2020-03-16    14027           14880      15733               512               234                  1        0         0
79   Brazil 2020-03-17    14712           15606      16500               537               291                  4        0         0
80   Brazil 2020-03-18    15429           16367      17305               563               428                  6        0         0
81   Brazil 2020-03-19    16181           17165      18149               591               621                 11        0         0
82   Brazil 2020-03-20    16970           18002      19034               620               904                 18        0         0
83   Brazil 2020-03-21    17797           18879      19961               650              1128                 25        0         0
84   Brazil 2020-03-22    18664           19799      20934               681              1546                 34        0         0
85   Brazil 2020-03-23    19573           20763      21953               715              1891                 46        0         0
86   Brazil 2020-03-24    20526           21774      23022               749              2201                 57        0         0
87   Brazil 2020-03-25    21525           22833      24141               786              2433                 77        0         0
88   Brazil 2020-03-26    22572           23944      25316               824              2915                 92        0         0
89   Brazil 2020-03-27    23670           25109      26548               864              3417                114        0         0
90   Brazil 2020-03-28    24821           26330      27839               906              3904                136        0         0
91   Brazil 2020-03-29    26028           27610      29192               950              4256                159        0         0
92   Brazil 2020-03-30    27292           28951      30610               996              4579                201        0         0
93   Brazil 2020-03-31    28617           30357      32097              1045              5717                241        0         0
94   Brazil 2020-04-01    30006           31830      33654              1095              6836                299        0         0
95   Brazil 2020-04-02    31463           33375      35287              1149              7910                359        0         0
96   Brazil 2020-04-03    32988           34993      36998              1204              9056                432        0         0
97   Brazil 2020-04-04    34588           36690      38792              1263             10278                486        0         0
98   Brazil 2020-04-05    36263           38467      40671              1324             11130                553        0         0
99   Brazil 2020-04-06    38019           40330      42641              1388             12056                667        0         0
100  Brazil 2020-04-07    39859           42282      44705              1455             13717                800        0         0
101  Brazil 2020-04-08    41786           44326      46866              1526             15927                941        0         0
102  Brazil 2020-04-09    43806           46469      49132              1599             17857               1056        0         0
103  Brazil 2020-04-10    45922           48713      51504              1677             19638               1124        0         0
104  Brazil 2020-04-11    48139           51065      53991              1757             20727               1223        0         0
105  Brazil 2020-04-12    50461           53528      56595              1842             22169               1328        0         0
106  Brazil 2020-04-13    52892           56107      59322              1931             23430               1532        0         0
107  Brazil 2020-04-14    55439           58809      62179              2024             25262               1736        0         0
108  Brazil 2020-04-15    58107           61639      65171              2121             28320               1924        0         0
109  Brazil 2020-04-16    60900           64602      68304              2223             30425               2141        0         0
110  Brazil 2020-04-17    63825           67705      71585              2330             33682               2347        0         0
111  Brazil 2020-04-18    66888           70954      75020              2442             36599               2462        0         0
112  Brazil 2020-04-19    70094           74355      78616              2559             38654               2575        0         0
113  Brazil 2020-04-20    73451           77916      82381              2682             40581               2741        0         0
114  Brazil 2020-04-21    76964           81642      86320              2810             43079               2906        0         0
115  Brazil 2020-04-22    80641           85543      90445              2944             45757               3313        0         0
116  Brazil 2020-04-23    84489           89625      94761              3085             49492               3670        0         0
117  Brazil 2020-04-24    88516           93896      99276              3232             52995               4016        0         0
118  Brazil 2020-04-25    92728           98365     104002              3385             58509               4205        0         0
119  Brazil 2020-04-26    97136          103040     108944              3546             61888               4543        0         0
120  Brazil 2020-04-27   101744          107929     114114              3715             66501               5017        0         0
121  Brazil 2020-04-28   106565          113043     119521              3891             71886               5466        0         0
122  Brazil 2020-04-29   111607          118391     125175              4075             78162               5901        0         0
123  Brazil 2020-04-30   116878          123982     131086              4267             85380               6329        0         0
124  Brazil 2020-05-01   122388          129827     137266              4468             91589               6750        0         0
125  Brazil 2020-05-02   128148          135937     143726              4678             96559               7025        0         0
126  Brazil 2020-05-03   134166          142321     150476              4898            101147               7321        0         0
127  Brazil 2020-05-04   140453          148991     157529              5128            107780               7921        0         0
128  Brazil 2020-05-05   147023          155960     164897              5368            114715               8536        0         0
129  Brazil 2020-05-06   153884          163238     172592              5618            125218               9146        0         0
130  Brazil 2020-05-07   161049          170838     180627              5880            135106               9897        0         0
131  Brazil 2020-05-08   168528          178772     189016              6153            145328              10627        0         0
132  Brazil 2020-05-09   176335          187054     197773              6438            155939              11123        0         0
133  Brazil 2020-05-10   184483          195697     206911              6735            162699              11519        0         0
134  Brazil 2020-05-11   192982          204713     216444              7045            168331              12400        0         0
135  Brazil 2020-05-12   201849          214118     226387              7369            177589              13149        0         0
136  Brazil 2020-05-13   211094          223925     236756              7707            188974              13993        0         0
137  Brazil 2020-05-14   220731          234148     247565              8058            202918              14817        0         0
138  Brazil 2020-05-15   230774          244802     258830              8425            218223              15633        0         0
139  Brazil 2020-05-16   241238          255902     270566              8807            233142              16118        0         0
140  Brazil 2020-05-17   252138          267464     282790              9205            241080              16792        0         0
141  Brazil 2020-05-18   263485          279501     295517              9619            254220              17971        0         0
142  Brazil 2020-05-19   275297          292031     308765             10051            271628              18859        0         0
143  Brazil 2020-05-20   287587          305068     322549             10499            291579              20047        0         0
144  Brazil 2020-05-21   300369          318627     336885             10966            310087              21048        0         0
145  Brazil 2020-05-22   313660          332726     351792             11451            330890              22013        0         0
146  Brazil 2020-05-23   327472          347378     367284             11955            347398              22666        0         0
147  Brazil 2020-05-24   341823          362601     383379             12479            363211              23473        0         0
148  Brazil 2020-05-25   356724          378408     400092             13023            374898              24512        0         0
149  Brazil 2020-05-26   372192          394816     417440             13588            391222              25598        0         0
150  Brazil 2020-05-27   388241          411840     435439             14174            411821              26754        0         0
151  Brazil 2020-05-28   404883          429494     454105             14782            438238              27878        0         0
152  Brazil 2020-05-29   422133          447792     473451             15411            465166              28834        0         0
153  Brazil 2020-05-30   440003          466749     493495             16064            498440              29314        0         0
154  Brazil 2020-05-31   458507          486378     514249             16739            514849              29937        0         0
155  Brazil 2020-06-01   477656          506691     535726             17438            526447              31199        0         0
156  Brazil 2020-06-02   497463          527701     557939             18161            555383              32548        0         0
157  Brazil 2020-06-03   517935          549418     580901             18909            584016              34021        0         0
158  Brazil 2020-06-04   539085          571853     604621             19681            614932              35026        0         0
159  Brazil 2020-06-05   560918          595014     629110             20478            645762              35930        0         0
160  Brazil 2020-06-06   583447          618912     654377             21301            672837              36455        0         0
161  Brazil 2020-06-07   606674          643551     680428             22149            691758              37134        0         0
162  Brazil 2020-06-08   630605          668937     707269             23022            707412              38406        0         0
163  Brazil 2020-06-09   655247          695076     734905             23922            739503              39680        0         0
164  Brazil 2020-06-10   680599          721969     763339             24847            772416              40919        0         0
165  Brazil 2020-06-11   706663          749618     792573             25799            802828              41828        0         0
166  Brazil 2020-06-12   733440          778022     822604             26777            828810              42720        0         0
167  Brazil 2020-06-13   760925          807178     853431             27780            850514              43332        0         0
168  Brazil 2020-06-14   789116          837083     885050             28809            867624              43959        0         0
169  Brazil 2020-06-15   818006          867729     917452             29864            888271              45241        0         0
170  Brazil 2020-06-16   847587          899108     950629             30944            923189              46510        0         0
171  Brazil 2020-06-17   877850          931210     984570             32049            955377              47748        0         0
172  Brazil 2020-06-18   908781          964022    1019263             33178            978142              48954        0         0
173  Brazil 2020-06-19   940368          997529    1054690             34331           1032913              49976        0         0
174  Brazil 2020-06-20   972595         1031715    1090835             35508           1067579              50617        0         0
175  Brazil 2020-06-21  1005442         1066558    1127674             36707           1085038              51271        0         0
176  Brazil 2020-06-22  1038889         1102038    1165187             37928           1106470              52645        0         0
177  Brazil 2020-06-23  1072914         1138131    1203348             39170           1145906              53830        0         0
178  Brazil 2020-06-24  1107490         1174809    1242128             40433           1188631              54971        0         0
179  Brazil 2020-06-25  1142593         1212046    1281499             41714           1228114              55961        0         0
180  Brazil 2020-06-26  1178192         1249809    1321426             43014           1274974              57070        0         0
181  Brazil 2020-06-27  1214258         1288067    1361876             44330           1313667              57622        0         0
182  Brazil 2020-06-28  1250755         1326783    1402811             45663           1344143              58314        0         0
183  Brazil 2020-06-29  1287652         1365922    1444192             47010           1368195              59594        0         0
184  Brazil 2020-06-30  1324910         1405445    1485980             48370           1402041              60632        0         0
185  Brazil 2020-07-01  1362492         1445312    1528132             49742           1448753              61884        0         0
186  Brazil 2020-07-02  1400360         1485481    1570602             51125           1496858              63174        0         0
187  Brazil 2020-07-03  1438472         1525910    1613348             52516           1539081              64265        0         0
188  Brazil 2020-07-04  1476786         1566553    1656320             53915           1577004              64867        0         0
189  Brazil 2020-07-05  1515260         1607366    1699472             55320           1603055              65487        0         0
190  Brazil 2020-07-06  1553852         1648303    1742754             56728           1623284              66741        0         0
191  Brazil 2020-07-07  1592516         1689318    1786120             58140           1668589              67964        0         0
192  Brazil 2020-07-08  1631210         1730364    1829518             59553           1713160              69184        0         0
193  Brazil 2020-07-09  1669888         1771393    1872898             60965           1755779              70398        0         0
194  Brazil 2020-07-10  1708508         1812360    1916212             62375           1800827              71469        0         0
195  Brazil 2020-07-11  1747024         1853217    1959410             63781           1839850              72100        0         0
196  Brazil 2020-07-12  1785392         1893918    2002444             65182           1864681              72833        0         0
197  Brazil 2020-07-13  1823573         1934419    2045265             66575           1884967              74133        0         0
198  Brazil 2020-07-14  1861521         1974674    2087827             67961           1926824              75366        0         0
199  Brazil 2020-07-15  1899197         2014640    2130083             69336           1966748              76688        0         0
200  Brazil 2020-07-16  1936561         2054275    2171989             70700           2012151              77851        0         0
201  Brazil 2020-07-17  1973575         2093539    2213503             72052           2046328              78772        0         0
202  Brazil 2020-07-18  2010201         2132392    2254583             73389           2074860              79488        0         0
203  Brazil 2020-07-19  2046406         2170797    2295188             74711           2098389              80120        0         0
204  Brazil 2020-07-20  2082155         2208719    2335283             76016           2118646              81487        0         0
205  Brazil 2020-07-21  2117416         2246124    2374832             77303           2159654              82771        0         0
206  Brazil 2020-07-22  2152161         2282981    2413801             78572           2227514              84082        0         0
207  Brazil 2020-07-23  2186361         2319260    2452159             79820           2287475              85238        0         0
208  Brazil 2020-07-24  2219992         2354935    2489878             81048           2343366              86449        0         0
209  Brazil 2020-07-25  2253030         2389981    2526932             82254           2394513              87004        0         0
210  Brazil 2020-07-26  2285452         2424374    2563296             83438           2419091              87618        0         0
211  Brazil 2020-07-27  2317242         2458096    2598950             84598           2442375              88539        0         0
212  Brazil 2020-07-28  2348381         2491128    2633875             85735           2483191              90134        0         0
213  Brazil 2020-07-29  2378855         2523454    2668053             86848           2552265              91263        0         0
214  Brazil 2020-07-30  2408650         2555061    2701472             87936           2610102              92475        0         0
215  Brazil 2020-07-31  2437758         2585938    2734118             88998           2662485              93563        0         0
216  Brazil 2020-08-01  2466169         2616076    2765983             90036           2707877              94104        0         0
217  Brazil 2020-08-02  2493876         2645467    2797058             91047           2733677              94702        0         0
218  Brazil 2020-08-03  2520875         2674107    2827339             92033           2751665              94702        0         0
219  Brazil 2020-08-04  2547163         2701993    2856823             92992                NA                 NA        0         0
220  Brazil 2020-08-05  2572738         2729123    2885508             93926                NA                 NA        0         0
221  Brazil 2020-08-06  2597602         2755498    2913394             94834                NA                 NA        0         0
222  Brazil 2020-08-07  2621757         2781121    2940485             95716                NA                 NA        0         0
223  Brazil 2020-08-08  2645204         2805994    2966784             96572                NA                 NA        0         0
224  Brazil 2020-08-09  2667951         2830123    2992295             97402                NA                 NA        0         0
225  Brazil 2020-08-10  2690001         2853514    3017027             98207                NA                 NA        0         0
226  Brazil 2020-08-11  2711365         2876176    3040987             98987                NA                 NA        0         0
227  Brazil 2020-08-12  2732049         2898117    3064185             99742                NA                 NA        0         0
228  Brazil 2020-08-13  2752062         2919347    3086632            100473                NA                 NA        0         0

Fontes:
	OMS - https://ourworldindata.org/coronavirus-source-data
	Worldometers - https://www.worldometers.info/coronavirus