
 Brazil 
Projecao:  7  dias
Gerado em:  2020-05-22 08:27:42
RMSE(%):  5.2 , BIAS(%): 1.26

Taxa de Mortalidade 6.46 %

    country       dias otimista casos_estimados pessimista estimativa_mortes casos_confirmados mortes_confirmadas latitude longitude
133  Brazil 2020-05-10   153112          161575     170038             10436            162699              11519        0         0
134  Brazil 2020-05-11   163000          172010     181020             11110            168331              12400        0         0
135  Brazil 2020-05-12   173342          182923     192504             11815            177589              13149        0         0
136  Brazil 2020-05-13   184135          194313     204491             12550            188974              13993        0         0
137  Brazil 2020-05-14   195374          206173     216972             13316            202918              14817        0         0
138  Brazil 2020-05-15   207049          218493     229937             14112            218223              15633        0         0
139  Brazil 2020-05-16   219146          231259     243372             14937            233142              16118        0         0
140  Brazil 2020-05-17   231650          244454     257258             15789            241080              16792        0         0
141  Brazil 2020-05-18   244540          258057     271574             16668            254220              17971        0         0
142  Brazil 2020-05-19   257793          272042     286291             17571            271628              18859        0         0
143  Brazil 2020-05-20   271379          286379     301379             18497            291579              20047        0         0
144  Brazil 2020-05-21   285269          301037     316805             19444            310087              20082        0         0
145  Brazil 2020-05-22   299427          315977     332527             20409            310921              20082        0         0
146  Brazil 2020-05-23   313815          331161     348507             21389                NA                 NA        0         0
147  Brazil 2020-05-24   328394          346545     364696             22383                NA                 NA        0         0
148  Brazil 2020-05-25   343120          362085     381050             23387                NA                 NA        0         0
149  Brazil 2020-05-26   357948          377733     397518             24397                NA                 NA        0         0
150  Brazil 2020-05-27   372834          393442     414050             25412                NA                 NA        0         0
151  Brazil 2020-05-28   387730          409161     430592             26427                NA                 NA        0         0
152  Brazil 2020-05-29   402589          424842     447095             27440                NA                 NA        0         0

Total de casos no mundo:  5218711 1799116 1859580 548892 899428 102271 8703 721 5218711

Estimados a partir dos dados da OMS:
    day       date      x   xest
1     1 2019-12-30      0      6
2     2 2019-12-31      0      6
3     3 2020-01-01      0      7
4     4 2020-01-02      0      7
5     5 2020-01-03      0      8
6     6 2020-01-04      0      9
7     7 2020-01-05      0      9
8     8 2020-01-06      0     10
9     9 2020-01-07      0     11
10   10 2020-01-08      0     12
11   11 2020-01-09      0     13
12   12 2020-01-10      0     14
13   13 2020-01-11      0     15
14   14 2020-01-12      0     16
15   15 2020-01-13      0     18
16   16 2020-01-14      0     19
17   17 2020-01-15      0     21
18   18 2020-01-16      0     22
19   19 2020-01-17      0     24
20   20 2020-01-18      0     26
21   21 2020-01-19      0     28
22   22 2020-01-20      0     31
23   23 2020-01-21      0     33
24   24 2020-01-22      0     36
25   25 2020-01-23      0     39
26   26 2020-01-24      0     42
27   27 2020-01-25      0     46
28   28 2020-01-26      0     49
29   29 2020-01-27      0     54
30   30 2020-01-28      0     58
31   31 2020-01-29      0     63
32   32 2020-01-30      0     68
33   33 2020-01-31      0     74
34   34 2020-02-01      0     80
35   35 2020-02-02      0     86
36   36 2020-02-03      0     93
37   37 2020-02-04      0    101
38   38 2020-02-05      0    109
39   39 2020-02-06      0    118
40   40 2020-02-07      0    128
41   41 2020-02-08      0    139
42   42 2020-02-09      0    150
43   43 2020-02-10      0    162
44   44 2020-02-11      0    176
45   45 2020-02-12      0    190
46   46 2020-02-13      0    206
47   47 2020-02-14      0    223
48   48 2020-02-15      0    241
49   49 2020-02-16      0    261
50   50 2020-02-17      0    283
51   51 2020-02-18      0    306
52   52 2020-02-19      0    331
53   53 2020-02-20      0    359
54   54 2020-02-21      0    388
55   55 2020-02-22      0    420
56   56 2020-02-23      0    455
57   57 2020-02-24      0    492
58   58 2020-02-25      1    533
59   59 2020-02-26      1    577
60   60 2020-02-27      1    624
61   61 2020-02-28      1    675
62   62 2020-02-29      2    731
63   63 2020-03-01      2    791
64   64 2020-03-02      2    857
65   65 2020-03-03      2    927
66   66 2020-03-04      3   1003
67   67 2020-03-05      8   1086
68   68 2020-03-06     13   1175
69   69 2020-03-07     13   1272
70   70 2020-03-08     25   1377
71   71 2020-03-09     25   1490
72   72 2020-03-10     34   1613
73   73 2020-03-11     52   1745
74   74 2020-03-12     77   1889
75   75 2020-03-13     98   2044
76   76 2020-03-14    121   2212
77   77 2020-03-15    200   2394
78   78 2020-03-16    234   2591
79   79 2020-03-17    291   2804
80   80 2020-03-18    428   3034
81   81 2020-03-19    621   3283
82   82 2020-03-20    904   3553
83   83 2020-03-21   1128   3844
84   84 2020-03-22   1546   4159
85   85 2020-03-23   1891   4500
86   86 2020-03-24   2201   4869
87   87 2020-03-25   2433   5268
88   88 2020-03-26   2915   5699
89   89 2020-03-27   3417   6165
90   90 2020-03-28   3904   6669
91   91 2020-03-29   4256   7214
92   92 2020-03-30   4579   7803
93   93 2020-03-31   5717   8440
94   94 2020-04-01   6836   9128
95   95 2020-04-02   7910   9871
96   96 2020-04-03   9056  10674
97   97 2020-04-04  10278  11541
98   98 2020-04-05  11130  12477
99   99 2020-04-06  12056  13489
100 100 2020-04-07  13717  14580
101 101 2020-04-08  15927  15758
102 102 2020-04-09  17857  17030
103 103 2020-04-10  19638  18401
104 104 2020-04-11  20727  19880
105 105 2020-04-12  22169  21475
106 106 2020-04-13  23430  23194
107 107 2020-04-14  25262  25046
108 108 2020-04-15  28320  27040
109 109 2020-04-16  30425  29188
110 110 2020-04-17  33682  31498
111 111 2020-04-18  36599  33984
112 112 2020-04-19  38654  36657
113 113 2020-04-20  40581  39528
114 114 2020-04-21  43079  42612
115 115 2020-04-22  45757  45922
116 116 2020-04-23  49492  49472
117 117 2020-04-24  52995  53277
118 118 2020-04-25  58509  57352
119 119 2020-04-26  61888  61713
120 120 2020-04-27  66501  66376
121 121 2020-04-28  71886  71356
122 122 2020-04-29  78162  76671
123 123 2020-04-30  85380  82336
124 124 2020-05-01  91589  88369
125 125 2020-05-02  96559  94785
126 126 2020-05-03 101147 101599
127 127 2020-05-04 107780 108827
128 128 2020-05-05 114715 116483
129 129 2020-05-06 125218 124579
130 130 2020-05-07 135106 133128
131 131 2020-05-08 145328 142138
132 132 2020-05-09 155939 151619
133 133 2020-05-10 162699 161575
134 134 2020-05-11 168331 172010
135 135 2020-05-12 177589 182923
136 136 2020-05-13 188974 194313
137 137 2020-05-14 202918 206173
138 138 2020-05-15 218223 218493
139 139 2020-05-16 233142 231259
140 140 2020-05-17 241080 244454
141 141 2020-05-18 254220 258057
142 142 2020-05-19 271628 272042
143 143 2020-05-20 291579 286379
144 144 2020-05-21 310087 301037
145 145 2020-05-22 310921 315977

Intervalo de Confianca
            2.5%        97.5%
Asym 735738.7020 864305.82576
xmid    148.6223    151.99879
scal     12.3568     12.89571


Formula: x ~ SSlogis(day, Asym, xmid, scal)

Parameters:
        Estimate  Std. Error t value            Pr(>|t|)    
Asym 793877.0455  32851.9554   24.16 <0.0000000000000002 ***
xmid    150.2224      0.8702  172.64 <0.0000000000000002 ***
scal     12.6227      0.1406   89.80 <0.0000000000000002 ***
---
Signif. codes:  0 ‘***’ 0.001 ‘**’ 0.01 ‘*’ 0.05 ‘.’ 0.1 ‘ ’ 1

Residual standard error: 1891 on 142 degrees of freedom

Number of iterations to convergence: 9 
Achieved convergence tolerance: 0.0000000149


Brazil: o primeiro caso foi registrado em 25/02/2020 na data 22/05/2020 temos 87 dias desde o primeiro caso. A data de pico prevista pelo modelo logístico é 24/07/2020 (dia 150 desde os primeiros casos relatados).
Em 24/07/2020 o modelo estima 793877+/-32852 casos. De acordo com o modelo ajustado temos 63 de infecçao pela frente.

Todos os dados gerados
    country       dias otimista casos_estimados pessimista estimativa_mortes casos_confirmados mortes_confirmadas latitude longitude
1    Brazil 2019-12-30        6               6          6                 0                 0                  0        0         0
2    Brazil 2019-12-31        6               6          6                 0                 0                  0        0         0
3    Brazil 2020-01-01        7               7          7                 0                 0                  0        0         0
4    Brazil 2020-01-02        7               7          7                 0                 0                  0        0         0
5    Brazil 2020-01-03        8               8          8                 1                 0                  0        0         0
6    Brazil 2020-01-04        9               9          9                 1                 0                  0        0         0
7    Brazil 2020-01-05        9               9          9                 1                 0                  0        0         0
8    Brazil 2020-01-06        9              10         11                 1                 0                  0        0         0
9    Brazil 2020-01-07       10              11         12                 1                 0                  0        0         0
10   Brazil 2020-01-08       11              12         13                 1                 0                  0        0         0
11   Brazil 2020-01-09       12              13         14                 1                 0                  0        0         0
12   Brazil 2020-01-10       13              14         15                 1                 0                  0        0         0
13   Brazil 2020-01-11       14              15         16                 1                 0                  0        0         0
14   Brazil 2020-01-12       15              16         17                 1                 0                  0        0         0
15   Brazil 2020-01-13       17              18         19                 1                 0                  0        0         0
16   Brazil 2020-01-14       18              19         20                 1                 0                  0        0         0
17   Brazil 2020-01-15       20              21         22                 1                 0                  0        0         0
18   Brazil 2020-01-16       21              22         23                 1                 0                  0        0         0
19   Brazil 2020-01-17       23              24         25                 2                 0                  0        0         0
20   Brazil 2020-01-18       25              26         27                 2                 0                  0        0         0
21   Brazil 2020-01-19       27              28         29                 2                 0                  0        0         0
22   Brazil 2020-01-20       29              31         33                 2                 0                  0        0         0
23   Brazil 2020-01-21       31              33         35                 2                 0                  0        0         0
24   Brazil 2020-01-22       34              36         38                 2                 0                  0        0         0
25   Brazil 2020-01-23       37              39         41                 3                 0                  0        0         0
26   Brazil 2020-01-24       40              42         44                 3                 0                  0        0         0
27   Brazil 2020-01-25       44              46         48                 3                 0                  0        0         0
28   Brazil 2020-01-26       46              49         52                 3                 0                  0        0         0
29   Brazil 2020-01-27       51              54         57                 3                 0                  0        0         0
30   Brazil 2020-01-28       55              58         61                 4                 0                  0        0         0
31   Brazil 2020-01-29       60              63         66                 4                 0                  0        0         0
32   Brazil 2020-01-30       64              68         72                 4                 0                  0        0         0
33   Brazil 2020-01-31       70              74         78                 5                 0                  0        0         0
34   Brazil 2020-02-01       76              80         84                 5                 0                  0        0         0
35   Brazil 2020-02-02       81              86         91                 6                 0                  0        0         0
36   Brazil 2020-02-03       88              93         98                 6                 0                  0        0         0
37   Brazil 2020-02-04       96             101        106                 7                 0                  0        0         0
38   Brazil 2020-02-05      103             109        115                 7                 0                  0        0         0
39   Brazil 2020-02-06      112             118        124                 8                 0                  0        0         0
40   Brazil 2020-02-07      121             128        135                 8                 0                  0        0         0
41   Brazil 2020-02-08      132             139        146                 9                 0                  0        0         0
42   Brazil 2020-02-09      142             150        158                10                 0                  0        0         0
43   Brazil 2020-02-10      154             162        170                10                 0                  0        0         0
44   Brazil 2020-02-11      167             176        185                11                 0                  0        0         0
45   Brazil 2020-02-12      180             190        200                12                 0                  0        0         0
46   Brazil 2020-02-13      195             206        217                13                 0                  0        0         0
47   Brazil 2020-02-14      211             223        235                14                 0                  0        0         0
48   Brazil 2020-02-15      228             241        254                16                 0                  0        0         0
49   Brazil 2020-02-16      247             261        275                17                 0                  0        0         0
50   Brazil 2020-02-17      268             283        298                18                 0                  0        0         0
51   Brazil 2020-02-18      290             306        322                20                 0                  0        0         0
52   Brazil 2020-02-19      314             331        348                21                 0                  0        0         0
53   Brazil 2020-02-20      340             359        378                23                 0                  0        0         0
54   Brazil 2020-02-21      368             388        408                25                 0                  0        0         0
55   Brazil 2020-02-22      398             420        442                27                 0                  0        0         0
56   Brazil 2020-02-23      431             455        479                29                 0                  0        0         0
57   Brazil 2020-02-24      466             492        518                32                 0                  0        0         0
58   Brazil 2020-02-25      505             533        561                34                 1                  0        0         0
59   Brazil 2020-02-26      547             577        607                37                 1                  0        0         0
60   Brazil 2020-02-27      591             624        657                40                 1                  0        0         0
61   Brazil 2020-02-28      640             675        710                44                 1                  0        0         0
62   Brazil 2020-02-29      693             731        769                47                 2                  0        0         0
63   Brazil 2020-03-01      750             791        832                51                 2                  0        0         0
64   Brazil 2020-03-02      812             857        902                55                 2                  0        0         0
65   Brazil 2020-03-03      878             927        976                60                 2                  0        0         0
66   Brazil 2020-03-04      950            1003       1056                65                 3                  0        0         0
67   Brazil 2020-03-05     1029            1086       1143                70                 8                  0        0         0
68   Brazil 2020-03-06     1113            1175       1237                76                13                  0        0         0
69   Brazil 2020-03-07     1205            1272       1339                82                13                  0        0         0
70   Brazil 2020-03-08     1305            1377       1449                89                25                  0        0         0
71   Brazil 2020-03-09     1412            1490       1568                96                25                  0        0         0
72   Brazil 2020-03-10     1529            1613       1697               104                34                  0        0         0
73   Brazil 2020-03-11     1654            1745       1836               113                52                  0        0         0
74   Brazil 2020-03-12     1790            1889       1988               122                77                  0        0         0
75   Brazil 2020-03-13     1937            2044       2151               132                98                  0        0         0
76   Brazil 2020-03-14     2096            2212       2328               143               121                  0        0         0
77   Brazil 2020-03-15     2269            2394       2519               155               200                  0        0         0
78   Brazil 2020-03-16     2455            2591       2727               167               234                  1        0         0
79   Brazil 2020-03-17     2657            2804       2951               181               291                  4        0         0
80   Brazil 2020-03-18     2875            3034       3193               196               428                  6        0         0
81   Brazil 2020-03-19     3111            3283       3455               212               621                 11        0         0
82   Brazil 2020-03-20     3367            3553       3739               229               904                 18        0         0
83   Brazil 2020-03-21     3643            3844       4045               248              1128                 25        0         0
84   Brazil 2020-03-22     3941            4159       4377               269              1546                 34        0         0
85   Brazil 2020-03-23     4264            4500       4736               291              1891                 46        0         0
86   Brazil 2020-03-24     4614            4869       5124               314              2201                 57        0         0
87   Brazil 2020-03-25     4992            5268       5544               340              2433                 77        0         0
88   Brazil 2020-03-26     5400            5699       5998               368              2915                 92        0         0
89   Brazil 2020-03-27     5842            6165       6488               398              3417                114        0         0
90   Brazil 2020-03-28     6320            6669       7018               431              3904                136        0         0
91   Brazil 2020-03-29     6836            7214       7592               466              4256                159        0         0
92   Brazil 2020-03-30     7394            7803       8212               504              4579                201        0         0
93   Brazil 2020-03-31     7998            8440       8882               545              5717                241        0         0
94   Brazil 2020-04-01     8650            9128       9606               590              6836                299        0         0
95   Brazil 2020-04-02     9354            9871      10388               638              7910                359        0         0
96   Brazil 2020-04-03    10115           10674      11233               689              9056                432        0         0
97   Brazil 2020-04-04    10937           11541      12145               745             10278                486        0         0
98   Brazil 2020-04-05    11823           12477      13131               806             11130                553        0         0
99   Brazil 2020-04-06    12782           13489      14196               871             12056                667        0         0
100  Brazil 2020-04-07    13816           14580      15344               942             13717                800        0         0
101  Brazil 2020-04-08    14933           15758      16583              1018             15927                941        0         0
102  Brazil 2020-04-09    16138           17030      17922              1100             17857               1056        0         0
103  Brazil 2020-04-10    17437           18401      19365              1188             19638               1124        0         0
104  Brazil 2020-04-11    18839           19880      20921              1284             20727               1223        0         0
105  Brazil 2020-04-12    20350           21475      22600              1387             22169               1328        0         0
106  Brazil 2020-04-13    21979           23194      24409              1498             23430               1532        0         0
107  Brazil 2020-04-14    23734           25046      26358              1618             25262               1736        0         0
108  Brazil 2020-04-15    25624           27040      28456              1746             28320               1924        0         0
109  Brazil 2020-04-16    27659           29188      30717              1885             30425               2141        0         0
110  Brazil 2020-04-17    29848           31498      33148              2034             33682               2347        0         0
111  Brazil 2020-04-18    32204           33984      35764              2195             36599               2462        0         0
112  Brazil 2020-04-19    34737           36657      38577              2368             38654               2575        0         0
113  Brazil 2020-04-20    37458           39528      41598              2553             40581               2741        0         0
114  Brazil 2020-04-21    40380           42612      44844              2752             43079               2906        0         0
115  Brazil 2020-04-22    43517           45922      48327              2966             45757               3313        0         0
116  Brazil 2020-04-23    46881           49472      52063              3195             49492               3670        0         0
117  Brazil 2020-04-24    50486           53277      56068              3441             52995               4016        0         0
118  Brazil 2020-04-25    54348           57352      60356              3704             58509               4205        0         0
119  Brazil 2020-04-26    58481           61713      64945              3986             61888               4543        0         0
120  Brazil 2020-04-27    62899           66376      69853              4287             66501               5017        0         0
121  Brazil 2020-04-28    67618           71356      75094              4609             71886               5466        0         0
122  Brazil 2020-04-29    72655           76671      80687              4952             78162               5901        0         0
123  Brazil 2020-04-30    78023           82336      86649              5318             85380               6329        0         0
124  Brazil 2020-05-01    83740           88369      92998              5708             91589               6750        0         0
125  Brazil 2020-05-02    89820           94785      99750              6122             96559               7025        0         0
126  Brazil 2020-05-03    96277          101599     106921              6562            101147               7321        0         0
127  Brazil 2020-05-04   103127          108827     114527              7029            107780               7921        0         0
128  Brazil 2020-05-05   110382          116483     122584              7523            114715               8536        0         0
129  Brazil 2020-05-06   118054          124579     131104              8046            125218               9146        0         0
130  Brazil 2020-05-07   126155          133128     140101              8599            135106               9897        0         0
131  Brazil 2020-05-08   134693          142138     149583              9181            145328              10627        0         0
132  Brazil 2020-05-09   143677          151619     159561              9793            155939              11123        0         0
133  Brazil 2020-05-10   153112          161575     170038             10436            162699              11519        0         0
134  Brazil 2020-05-11   163000          172010     181020             11110            168331              12400        0         0
135  Brazil 2020-05-12   173342          182923     192504             11815            177589              13149        0         0
136  Brazil 2020-05-13   184135          194313     204491             12550            188974              13993        0         0
137  Brazil 2020-05-14   195374          206173     216972             13316            202918              14817        0         0
138  Brazil 2020-05-15   207049          218493     229937             14112            218223              15633        0         0
139  Brazil 2020-05-16   219146          231259     243372             14937            233142              16118        0         0
140  Brazil 2020-05-17   231650          244454     257258             15789            241080              16792        0         0
141  Brazil 2020-05-18   244540          258057     271574             16668            254220              17971        0         0
142  Brazil 2020-05-19   257793          272042     286291             17571            271628              18859        0         0
143  Brazil 2020-05-20   271379          286379     301379             18497            291579              20047        0         0
144  Brazil 2020-05-21   285269          301037     316805             19444            310087              20082        0         0
145  Brazil 2020-05-22   299427          315977     332527             20409            310921              20082        0         0
146  Brazil 2020-05-23   313815          331161     348507             21389                NA                 NA        0         0
147  Brazil 2020-05-24   328394          346545     364696             22383                NA                 NA        0         0
148  Brazil 2020-05-25   343120          362085     381050             23387                NA                 NA        0         0
149  Brazil 2020-05-26   357948          377733     397518             24397                NA                 NA        0         0
150  Brazil 2020-05-27   372834          393442     414050             25412                NA                 NA        0         0
151  Brazil 2020-05-28   387730          409161     430592             26427                NA                 NA        0         0
152  Brazil 2020-05-29   402589          424842     447095             27440                NA                 NA        0         0

Fontes:
	OMS - https://ourworldindata.org/coronavirus-source-data
	Worldometers - https://www.worldometers.info/coronavirus