
 Brazil 
Projecao:  7  dias
Gerado em:  2020-03-29 16:41:19
RMSE(%):  11.1 , BIAS(%): 0.59

Taxa de Mortalidade 2.9 %

   country       dias otimista casos_estimados pessimista estimativa_mortes casos_confirmados   latitude longitude
79  Brazil 2020-03-17      326             367        408                11               291 -14.235004 -51.92528
80  Brazil 2020-03-18      438             492        546                14               428 -14.235004 -51.92528
81  Brazil 2020-03-19      582             655        728                19               621 -14.235004 -51.92528
82  Brazil 2020-03-20      767             862        957                25               904 -14.235004 -51.92528
83  Brazil 2020-03-21      994            1118       1242                32              1128 -14.235004 -51.92528
84  Brazil 2020-03-22     1268            1426       1584                41              1546 -14.235004 -51.92528
85  Brazil 2020-03-23     1585            1782       1979                52              1891 -14.235004 -51.92528
86  Brazil 2020-03-24     1936            2177       2418                63              2201 -14.235004 -51.92528
87  Brazil 2020-03-25     2308            2595       2882                75              2433 -14.235004 -51.92528
88  Brazil 2020-03-26     2680            3014       3348                87              2915 -14.235004 -51.92528
89  Brazil 2020-03-27     3037            3415       3793                99              3417 -14.235004 -51.92528
90  Brazil 2020-03-28     3361            3779       4197               110              3904 -14.235004 -51.92528
91  Brazil 2020-03-29     3643            4096       4549               119              4065 -14.235004 -51.92528
92  Brazil 2020-03-30     3879            4362       4845               127                NA -14.235004 -51.92528
93  Brazil 2020-03-31     4071            4578       5085               133                NA -14.235004 -51.92528
94  Brazil 2020-04-01     4222            4748       5274               138                NA -14.235004 -51.92528
95  Brazil 2020-04-02     4340            4880       5420               142                NA -14.235004 -51.92528
96  Brazil 2020-04-03     4429            4980       5531               145                NA -14.235004 -51.92528
97  Brazil 2020-04-04     4496            5056       5616               147                NA -14.235004 -51.92528
98  Brazil 2020-04-05     4546            5112       5678               148                NA -14.235004 -51.92528

Total de casos no mundo:  712995

Estimados a partir dos dados da OMS:
   day       date    x xest
1    1 2019-12-30    0    0
2    2 2019-12-31    0    0
3    3 2020-01-01    0    0
4    4 2020-01-02    0    0
5    5 2020-01-03    0    0
6    6 2020-01-04    0    0
7    7 2020-01-05    0    0
8    8 2020-01-06    0    0
9    9 2020-01-07    0    0
10  10 2020-01-08    0    0
11  11 2020-01-09    0    0
12  12 2020-01-10    0    0
13  13 2020-01-11    0    0
14  14 2020-01-12    0    0
15  15 2020-01-13    0    0
16  16 2020-01-14    0    0
17  17 2020-01-15    0    0
18  18 2020-01-16    0    0
19  19 2020-01-17    0    0
20  20 2020-01-18    0    0
21  21 2020-01-19    0    0
22  22 2020-01-20    0    0
23  23 2020-01-21    0    0
24  24 2020-01-22    0    0
25  25 2020-01-23    0    0
26  26 2020-01-24    0    0
27  27 2020-01-25    0    0
28  28 2020-01-26    0    0
29  29 2020-01-27    0    0
30  30 2020-01-28    0    0
31  31 2020-01-29    0    0
32  32 2020-01-30    0    0
33  33 2020-01-31    0    0
34  34 2020-02-01    0    0
35  35 2020-02-02    0    0
36  36 2020-02-03    0    0
37  37 2020-02-04    0    0
38  38 2020-02-05    0    0
39  39 2020-02-06    0    0
40  40 2020-02-07    0    0
41  41 2020-02-08    0    0
42  42 2020-02-09    0    0
43  43 2020-02-10    0    0
44  44 2020-02-11    0    0
45  45 2020-02-12    0    0
46  46 2020-02-13    0    0
47  47 2020-02-14    0    0
48  48 2020-02-15    0    0
49  49 2020-02-16    0    0
50  50 2020-02-17    0    0
51  51 2020-02-18    0    0
52  52 2020-02-19    0    0
53  53 2020-02-20    0    0
54  54 2020-02-21    0    0
55  55 2020-02-22    0    0
56  56 2020-02-23    0    0
57  57 2020-02-24    0    0
58  58 2020-02-25    1    0
59  59 2020-02-26    1    1
60  60 2020-02-27    1    1
61  61 2020-02-28    1    1
62  62 2020-02-29    2    2
63  63 2020-03-01    2    2
64  64 2020-03-02    0    3
65  65 2020-03-03    0    4
66  66 2020-03-04    3    6
67  67 2020-03-05    8    8
68  68 2020-03-06   13   12
69  69 2020-03-07   13   16
70  70 2020-03-08   25   22
71  71 2020-03-09    0   30
72  72 2020-03-10   34   41
73  73 2020-03-11   52   57
74  74 2020-03-12   77   78
75  75 2020-03-13   98  107
76  76 2020-03-14  121  146
77  77 2020-03-15  200  200
78  78 2020-03-16  234  271
79  79 2020-03-17  291  367
80  80 2020-03-18  428  492
81  81 2020-03-19  621  655
82  82 2020-03-20  904  862
83  83 2020-03-21 1128 1118
84  84 2020-03-22 1546 1426
85  85 2020-03-23 1891 1782
86  86 2020-03-24 2201 2177
87  87 2020-03-25 2433 2595
88  88 2020-03-26 2915 3014
89  89 2020-03-27 3417 3415
90  90 2020-03-28 3904 3779
91  91 2020-03-29 4065 4096


Todos os dados gerados
   country       dias otimista casos_estimados pessimista estimativa_mortes casos_confirmados   latitude longitude
1   Brazil 2019-12-30        0               0          0                 0                 0 -14.235004 -51.92528
2   Brazil 2019-12-31        0               0          0                 0                 0 -14.235004 -51.92528
3   Brazil 2020-01-01        0               0          0                 0                 0 -14.235004 -51.92528
4   Brazil 2020-01-02        0               0          0                 0                 0 -14.235004 -51.92528
5   Brazil 2020-01-03        0               0          0                 0                 0 -14.235004 -51.92528
6   Brazil 2020-01-04        0               0          0                 0                 0 -14.235004 -51.92528
7   Brazil 2020-01-05        0               0          0                 0                 0 -14.235004 -51.92528
8   Brazil 2020-01-06        0               0          0                 0                 0 -14.235004 -51.92528
9   Brazil 2020-01-07        0               0          0                 0                 0 -14.235004 -51.92528
10  Brazil 2020-01-08        0               0          0                 0                 0 -14.235004 -51.92528
11  Brazil 2020-01-09        0               0          0                 0                 0 -14.235004 -51.92528
12  Brazil 2020-01-10        0               0          0                 0                 0 -14.235004 -51.92528
13  Brazil 2020-01-11        0               0          0                 0                 0 -14.235004 -51.92528
14  Brazil 2020-01-12        0               0          0                 0                 0 -14.235004 -51.92528
15  Brazil 2020-01-13        0               0          0                 0                 0 -14.235004 -51.92528
16  Brazil 2020-01-14        0               0          0                 0                 0 -14.235004 -51.92528
17  Brazil 2020-01-15        0               0          0                 0                 0 -14.235004 -51.92528
18  Brazil 2020-01-16        0               0          0                 0                 0 -14.235004 -51.92528
19  Brazil 2020-01-17        0               0          0                 0                 0 -14.235004 -51.92528
20  Brazil 2020-01-18        0               0          0                 0                 0 -14.235004 -51.92528
21  Brazil 2020-01-19        0               0          0                 0                 0 -14.235004 -51.92528
22  Brazil 2020-01-20        0               0          0                 0                 0 -14.235004 -51.92528
23  Brazil 2020-01-21        0               0          0                 0                 0 -14.235004 -51.92528
24  Brazil 2020-01-22        0               0          0                 0                 0 -14.235004 -51.92528
25  Brazil 2020-01-23        0               0          0                 0                 0 -14.235004 -51.92528
26  Brazil 2020-01-24        0               0          0                 0                 0 -14.235004 -51.92528
27  Brazil 2020-01-25        0               0          0                 0                 0 -14.235004 -51.92528
28  Brazil 2020-01-26        0               0          0                 0                 0 -14.235004 -51.92528
29  Brazil 2020-01-27        0               0          0                 0                 0 -14.235004 -51.92528
30  Brazil 2020-01-28        0               0          0                 0                 0 -14.235004 -51.92528
31  Brazil 2020-01-29        0               0          0                 0                 0 -14.235004 -51.92528
32  Brazil 2020-01-30        0               0          0                 0                 0 -14.235004 -51.92528
33  Brazil 2020-01-31        0               0          0                 0                 0 -14.235004 -51.92528
34  Brazil 2020-02-01        0               0          0                 0                 0 -14.235004 -51.92528
35  Brazil 2020-02-02        0               0          0                 0                 0 -14.235004 -51.92528
36  Brazil 2020-02-03        0               0          0                 0                 0 -14.235004 -51.92528
37  Brazil 2020-02-04        0               0          0                 0                 0 -14.235004 -51.92528
38  Brazil 2020-02-05        0               0          0                 0                 0 -14.235004 -51.92528
39  Brazil 2020-02-06        0               0          0                 0                 0 -14.235004 -51.92528
40  Brazil 2020-02-07        0               0          0                 0                 0 -14.235004 -51.92528
41  Brazil 2020-02-08        0               0          0                 0                 0 -14.235004 -51.92528
42  Brazil 2020-02-09        0               0          0                 0                 0 -14.235004 -51.92528
43  Brazil 2020-02-10        0               0          0                 0                 0 -14.235004 -51.92528
44  Brazil 2020-02-11        0               0          0                 0                 0 -14.235004 -51.92528
45  Brazil 2020-02-12        0               0          0                 0                 0 -14.235004 -51.92528
46  Brazil 2020-02-13        0               0          0                 0                 0 -14.235004 -51.92528
47  Brazil 2020-02-14        0               0          0                 0                 0 -14.235004 -51.92528
48  Brazil 2020-02-15        0               0          0                 0                 0 -14.235004 -51.92528
49  Brazil 2020-02-16        0               0          0                 0                 0 -14.235004 -51.92528
50  Brazil 2020-02-17        0               0          0                 0                 0 -14.235004 -51.92528
51  Brazil 2020-02-18        0               0          0                 0                 0 -14.235004 -51.92528
52  Brazil 2020-02-19        0               0          0                 0                 0 -14.235004 -51.92528
53  Brazil 2020-02-20        0               0          0                 0                 0 -14.235004 -51.92528
54  Brazil 2020-02-21        0               0          0                 0                 0 -14.235004 -51.92528
55  Brazil 2020-02-22        0               0          0                 0                 0 -14.235004 -51.92528
56  Brazil 2020-02-23        0               0          0                 0                 0 -14.235004 -51.92528
57  Brazil 2020-02-24        0               0          0                 0                 0 -14.235004 -51.92528
58  Brazil 2020-02-25        0               0          0                 0                 1 -14.235004 -51.92528
59  Brazil 2020-02-26        1               1          1                 0                 1 -14.235004 -51.92528
60  Brazil 2020-02-27        1               1          1                 0                 1 -14.235004 -51.92528
61  Brazil 2020-02-28        1               1          1                 0                 1 -14.235004 -51.92528
62  Brazil 2020-02-29        2               2          2                 0                 2 -14.235004 -51.92528
63  Brazil 2020-03-01        2               2          2                 0                 2 -14.235004 -51.92528
64  Brazil 2020-03-02        3               3          3                 0                 0 -14.235004 -51.92528
65  Brazil 2020-03-03        4               4          4                 0                 0 -14.235004 -51.92528
66  Brazil 2020-03-04        5               6          7                 0                 3 -14.235004 -51.92528
67  Brazil 2020-03-05        7               8          9                 0                 8 -14.235004 -51.92528
68  Brazil 2020-03-06       11              12         13                 0                13 -14.235004 -51.92528
69  Brazil 2020-03-07       14              16         18                 0                13 -14.235004 -51.92528
70  Brazil 2020-03-08       20              22         24                 1                25 -14.235004 -51.92528
71  Brazil 2020-03-09       27              30         33                 1                 0 -14.235004 -51.92528
72  Brazil 2020-03-10       36              41         46                 1                34 -14.235004 -51.92528
73  Brazil 2020-03-11       51              57         63                 2                52 -14.235004 -51.92528
74  Brazil 2020-03-12       69              78         87                 2                77 -14.235004 -51.92528
75  Brazil 2020-03-13       95             107        119                 3                98 -14.235004 -51.92528
76  Brazil 2020-03-14      130             146        162                 4               121 -14.235004 -51.92528
77  Brazil 2020-03-15      178             200        222                 6               200 -14.235004 -51.92528
78  Brazil 2020-03-16      241             271        301                 8               234 -14.235004 -51.92528
79  Brazil 2020-03-17      326             367        408                11               291 -14.235004 -51.92528
80  Brazil 2020-03-18      438             492        546                14               428 -14.235004 -51.92528
81  Brazil 2020-03-19      582             655        728                19               621 -14.235004 -51.92528
82  Brazil 2020-03-20      767             862        957                25               904 -14.235004 -51.92528
83  Brazil 2020-03-21      994            1118       1242                32              1128 -14.235004 -51.92528
84  Brazil 2020-03-22     1268            1426       1584                41              1546 -14.235004 -51.92528
85  Brazil 2020-03-23     1585            1782       1979                52              1891 -14.235004 -51.92528
86  Brazil 2020-03-24     1936            2177       2418                63              2201 -14.235004 -51.92528
87  Brazil 2020-03-25     2308            2595       2882                75              2433 -14.235004 -51.92528
88  Brazil 2020-03-26     2680            3014       3348                87              2915 -14.235004 -51.92528
89  Brazil 2020-03-27     3037            3415       3793                99              3417 -14.235004 -51.92528
90  Brazil 2020-03-28     3361            3779       4197               110              3904 -14.235004 -51.92528
91  Brazil 2020-03-29     3643            4096       4549               119              4065 -14.235004 -51.92528
92  Brazil 2020-03-30     3879            4362       4845               127                NA -14.235004 -51.92528
93  Brazil 2020-03-31     4071            4578       5085               133                NA -14.235004 -51.92528
94  Brazil 2020-04-01     4222            4748       5274               138                NA -14.235004 -51.92528
95  Brazil 2020-04-02     4340            4880       5420               142                NA -14.235004 -51.92528
96  Brazil 2020-04-03     4429            4980       5531               145                NA -14.235004 -51.92528
97  Brazil 2020-04-04     4496            5056       5616               147                NA -14.235004 -51.92528
98  Brazil 2020-04-05     4546            5112       5678               148                NA -14.235004 -51.92528

Fontes:
	OMS - https://ourworldindata.org/coronavirus-source-data
	Worldometers - https://www.worldometers.info/coronavirus