
 Italy 
Projecao:  7  dias
Gerado em:  2020-05-24 10:27:45
RMSE(%):  6.3 , BIAS(%): 1.42

Taxa de Mortalidade 14.27 %

    country       dias otimista casos_estimados pessimista estimativa_mortes casos_confirmados mortes_confirmadas latitude longitude
135   Italy 2020-05-12   204960          218827     232694             31236            221216              31106 41.87194  12.56738
136   Italy 2020-05-13   205368          219262     233156             31298            222104              31368 41.87194  12.56738
137   Italy 2020-05-14   205740          219659     233578             31355            223096              31610 41.87194  12.56738
138   Italy 2020-05-15   206078          220020     233962             31406            223885              31763 41.87194  12.56738
139   Italy 2020-05-16   206386          220349     234312             31453            224760              31908 41.87194  12.56738
140   Italy 2020-05-17   206666          220648     234630             31496            225435              32007 41.87194  12.56738
141   Italy 2020-05-18   206921          220920     234919             31535            225886              32169 41.87194  12.56738
142   Italy 2020-05-19   207152          221167     235182             31570            226699              32330 41.87194  12.56738
143   Italy 2020-05-20   207363          221392     235421             31602            227364              32486 41.87194  12.56738
144   Italy 2020-05-21   207554          221596     235638             31631            228006              32616 41.87194  12.56738
145   Italy 2020-05-22   207728          221782     235836             31658            228658              32735 41.87194  12.56738
146   Italy 2020-05-23   207886          221951     236016             31682            229327              32735 41.87194  12.56738
147   Italy 2020-05-24   208030          222104     236178             31704            229327              32735 41.87194  12.56738
148   Italy 2020-05-25   208161          222244     236327             31724                NA                 NA 41.87194  12.56738
149   Italy 2020-05-26   208279          222370     236461             31742                NA                 NA 41.87194  12.56738
150   Italy 2020-05-27   208387          222485     236583             31758                NA                 NA 41.87194  12.56738
151   Italy 2020-05-28   208485          222590     236695             31773                NA                 NA 41.87194  12.56738
152   Italy 2020-05-29   208574          222685     236796             31787                NA                 NA 41.87194  12.56738
153   Italy 2020-05-30   208655          222771     236887             31799                NA                 NA 41.87194  12.56738
154   Italy 2020-05-31   208728          222849     236970             31810                NA                 NA 41.87194  12.56738

Total de casos no mundo:  5435423 1857014 607017 1897588 954088 110273 8722 721 5435423

Estimados a partir dos dados da OMS:
    day       date      x   xest
1     1 2019-12-30      0     22
2     2 2019-12-31      0     25
3     3 2020-01-01      0     27
4     4 2020-01-02      0     30
5     5 2020-01-03      0     33
6     6 2020-01-04      0     36
7     7 2020-01-05      0     40
8     8 2020-01-06      0     44
9     9 2020-01-07      0     49
10   10 2020-01-08      0     54
11   11 2020-01-09      0     59
12   12 2020-01-10      0     65
13   13 2020-01-11      0     72
14   14 2020-01-12      0     79
15   15 2020-01-13      0     87
16   16 2020-01-14      0     96
17   17 2020-01-15      0    106
18   18 2020-01-16      0    117
19   19 2020-01-17      0    129
20   20 2020-01-18      0    142
21   21 2020-01-19      0    156
22   22 2020-01-20      0    172
23   23 2020-01-21      0    190
24   24 2020-01-22      0    209
25   25 2020-01-23      0    230
26   26 2020-01-24      0    254
27   27 2020-01-25      0    280
28   28 2020-01-26      0    308
29   29 2020-01-27      0    340
30   30 2020-01-28      0    374
31   31 2020-01-29      0    412
32   32 2020-01-30      3    454
33   33 2020-01-31      3    501
34   34 2020-02-01      3    552
35   35 2020-02-02      3    608
36   36 2020-02-03      3    670
37   37 2020-02-04      3    738
38   38 2020-02-05      3    813
39   39 2020-02-06      3    896
40   40 2020-02-07      3    987
41   41 2020-02-08      3   1088
42   42 2020-02-09      3   1198
43   43 2020-02-10      3   1320
44   44 2020-02-11      3   1454
45   45 2020-02-12      3   1601
46   46 2020-02-13      3   1763
47   47 2020-02-14      3   1942
48   48 2020-02-15      3   2138
49   49 2020-02-16      3   2355
50   50 2020-02-17      3   2592
51   51 2020-02-18      3   2854
52   52 2020-02-19      3   3141
53   53 2020-02-20      3   3457
54   54 2020-02-21     17   3804
55   55 2020-02-22     79   4185
56   56 2020-02-23    132   4604
57   57 2020-02-24    229   5064
58   58 2020-02-25    322   5568
59   59 2020-02-26    400   6121
60   60 2020-02-27    650   6728
61   61 2020-02-28    888   7392
62   62 2020-02-29   1128   8120
63   63 2020-03-01   1689   8917
64   64 2020-03-02   2036   9788
65   65 2020-03-03   2502  10739
66   66 2020-03-04   3089  11779
67   67 2020-03-05   3858  12912
68   68 2020-03-06   4636  14148
69   69 2020-03-07   5883  15493
70   70 2020-03-08   7375  16955
71   71 2020-03-09   9172  18544
72   72 2020-03-10  10149  20266
73   73 2020-03-11  12462  22132
74   74 2020-03-12  15113  24148
75   75 2020-03-13  17660  26325
76   76 2020-03-14  21157  28669
77   77 2020-03-15  23980  31189
78   78 2020-03-16  27980  33892
79   79 2020-03-17  31506  36785
80   80 2020-03-18  35713  39872
81   81 2020-03-19  41035  43159
82   82 2020-03-20  47021  46648
83   83 2020-03-21  53578  50341
84   84 2020-03-22  59138  54236
85   85 2020-03-23  63927  58331
86   86 2020-03-24  69176  62621
87   87 2020-03-25  74386  67098
88   88 2020-03-26  80539  71753
89   89 2020-03-27  86498  76573
90   90 2020-03-28  92472  81542
91   91 2020-03-29  97689  86644
92   92 2020-03-30 101739  91859
93   93 2020-03-31 105792  97166
94   94 2020-04-01 110574 102540
95   95 2020-04-02 115242 107957
96   96 2020-04-03 119827 113393
97   97 2020-04-04 124632 118822
98   98 2020-04-05 128948 124217
99   99 2020-04-06 132547 129554
100 100 2020-04-07 135586 134810
101 101 2020-04-08 139422 139962
102 102 2020-04-09 143626 144989
103 103 2020-04-10 147577 149873
104 104 2020-04-11 152271 154599
105 105 2020-04-12 156363 159151
106 106 2020-04-13 159516 163520
107 107 2020-04-14 162488 167698
108 108 2020-04-15 165155 171676
109 109 2020-04-16 168941 175454
110 110 2020-04-17 172434 179028
111 111 2020-04-18 175925 182398
112 112 2020-04-19 178972 185569
113 113 2020-04-20 181228 188542
114 114 2020-04-21 183957 191324
115 115 2020-04-22 187327 193919
116 116 2020-04-23 189973 196336
117 117 2020-04-24 192994 198581
118 118 2020-04-25 195351 200664
119 119 2020-04-26 197675 202591
120 120 2020-04-27 199414 204372
121 121 2020-04-28 201505 206015
122 122 2020-04-29 203591 207529
123 123 2020-04-30 205463 208923
124 124 2020-05-01 207428 210203
125 125 2020-05-02 209328 211378
126 126 2020-05-03 210717 212456
127 127 2020-05-04 211938 213443
128 128 2020-05-05 213013 214347
129 129 2020-05-06 214457 215174
130 130 2020-05-07 215858 215930
131 131 2020-05-08 217185 216620
132 132 2020-05-09 218268 217250
133 133 2020-05-10 219070 217825
134 134 2020-05-11 219814 218349
135 135 2020-05-12 221216 218827
136 136 2020-05-13 222104 219262
137 137 2020-05-14 223096 219659
138 138 2020-05-15 223885 220020
139 139 2020-05-16 224760 220349
140 140 2020-05-17 225435 220648
141 141 2020-05-18 225886 220920
142 142 2020-05-19 226699 221167
143 143 2020-05-20 227364 221392
144 144 2020-05-21 228006 221596
145 145 2020-05-22 228658 221782
146 146 2020-05-23 229327 221951
147 147 2020-05-24 229327 222104

Intervalo de Confianca
              2.5%        97.5%
Asym 221131.445010 226175.53647
xmid     95.204962     96.22177
scal      9.903726     10.66965


Formula: x ~ SSlogis(day, Asym, xmid, scal)

Parameters:
        Estimate  Std. Error t value            Pr(>|t|)    
Asym 223617.8113   1229.8968  181.82 <0.0000000000000002 ***
xmid     95.7086      0.2422  395.10 <0.0000000000000002 ***
scal     10.2814      0.1965   52.32 <0.0000000000000002 ***
---
Signif. codes:  0 ‘***’ 0.001 ‘**’ 0.01 ‘*’ 0.05 ‘.’ 0.1 ‘ ’ 1

Residual standard error: 4980 on 144 degrees of freedom

Number of iterations to convergence: 9 
Achieved convergence tolerance: 0.0000000149


Italy: o primeiro caso foi registrado em 30/01/2020 na data 24/05/2020 temos 115 dias desde o primeiro caso. A data de pico prevista pelo modelo logístico foi 05/05/2020 (dia 96 desde os primeiros casos relatados).
Em 05/05/2020 o modelo estimou 223618+/-1230 casos.

Todos os dados gerados
    country       dias otimista casos_estimados pessimista estimativa_mortes casos_confirmados mortes_confirmadas latitude longitude
1     Italy 2019-12-30       21              22         23                 3                 0                  0 41.87194  12.56738
2     Italy 2019-12-31       23              25         27                 4                 0                  0 41.87194  12.56738
3     Italy 2020-01-01       25              27         29                 4                 0                  0 41.87194  12.56738
4     Italy 2020-01-02       28              30         32                 4                 0                  0 41.87194  12.56738
5     Italy 2020-01-03       31              33         35                 5                 0                  0 41.87194  12.56738
6     Italy 2020-01-04       34              36         38                 5                 0                  0 41.87194  12.56738
7     Italy 2020-01-05       37              40         43                 6                 0                  0 41.87194  12.56738
8     Italy 2020-01-06       41              44         47                 6                 0                  0 41.87194  12.56738
9     Italy 2020-01-07       46              49         52                 7                 0                  0 41.87194  12.56738
10    Italy 2020-01-08       51              54         57                 8                 0                  0 41.87194  12.56738
11    Italy 2020-01-09       55              59         63                 8                 0                  0 41.87194  12.56738
12    Italy 2020-01-10       61              65         69                 9                 0                  0 41.87194  12.56738
13    Italy 2020-01-11       67              72         77                10                 0                  0 41.87194  12.56738
14    Italy 2020-01-12       74              79         84                11                 0                  0 41.87194  12.56738
15    Italy 2020-01-13       81              87         93                12                 0                  0 41.87194  12.56738
16    Italy 2020-01-14       90              96        102                14                 0                  0 41.87194  12.56738
17    Italy 2020-01-15       99             106        113                15                 0                  0 41.87194  12.56738
18    Italy 2020-01-16      110             117        124                17                 0                  0 41.87194  12.56738
19    Italy 2020-01-17      121             129        137                18                 0                  0 41.87194  12.56738
20    Italy 2020-01-18      133             142        151                20                 0                  0 41.87194  12.56738
21    Italy 2020-01-19      146             156        166                22                 0                  0 41.87194  12.56738
22    Italy 2020-01-20      161             172        183                25                 0                  0 41.87194  12.56738
23    Italy 2020-01-21      178             190        202                27                 0                  0 41.87194  12.56738
24    Italy 2020-01-22      196             209        222                30                 0                  0 41.87194  12.56738
25    Italy 2020-01-23      215             230        245                33                 0                  0 41.87194  12.56738
26    Italy 2020-01-24      238             254        270                36                 0                  0 41.87194  12.56738
27    Italy 2020-01-25      262             280        298                40                 0                  0 41.87194  12.56738
28    Italy 2020-01-26      288             308        328                44                 0                  0 41.87194  12.56738
29    Italy 2020-01-27      318             340        362                49                 0                  0 41.87194  12.56738
30    Italy 2020-01-28      350             374        398                53                 0                  0 41.87194  12.56738
31    Italy 2020-01-29      386             412        438                59                 0                  0 41.87194  12.56738
32    Italy 2020-01-30      425             454        483                65                 3                  0 41.87194  12.56738
33    Italy 2020-01-31      469             501        533                72                 3                  0 41.87194  12.56738
34    Italy 2020-02-01      517             552        587                79                 3                  0 41.87194  12.56738
35    Italy 2020-02-02      569             608        647                87                 3                  0 41.87194  12.56738
36    Italy 2020-02-03      628             670        712                96                 3                  0 41.87194  12.56738
37    Italy 2020-02-04      691             738        785               105                 3                  0 41.87194  12.56738
38    Italy 2020-02-05      761             813        865               116                 3                  0 41.87194  12.56738
39    Italy 2020-02-06      839             896        953               128                 3                  0 41.87194  12.56738
40    Italy 2020-02-07      924             987       1050               141                 3                  0 41.87194  12.56738
41    Italy 2020-02-08     1019            1088       1157               155                 3                  0 41.87194  12.56738
42    Italy 2020-02-09     1122            1198       1274               171                 3                  0 41.87194  12.56738
43    Italy 2020-02-10     1236            1320       1404               188                 3                  0 41.87194  12.56738
44    Italy 2020-02-11     1362            1454       1546               208                 3                  0 41.87194  12.56738
45    Italy 2020-02-12     1500            1601       1702               229                 3                  0 41.87194  12.56738
46    Italy 2020-02-13     1651            1763       1875               252                 3                  0 41.87194  12.56738
47    Italy 2020-02-14     1819            1942       2065               277                 3                  0 41.87194  12.56738
48    Italy 2020-02-15     2003            2138       2273               305                 3                  0 41.87194  12.56738
49    Italy 2020-02-16     2206            2355       2504               336                 3                  0 41.87194  12.56738
50    Italy 2020-02-17     2428            2592       2756               370                 3                  0 41.87194  12.56738
51    Italy 2020-02-18     2673            2854       3035               407                 3                  0 41.87194  12.56738
52    Italy 2020-02-19     2942            3141       3340               448                 3                  0 41.87194  12.56738
53    Italy 2020-02-20     3238            3457       3676               493                 3                  0 41.87194  12.56738
54    Italy 2020-02-21     3563            3804       4045               543                17                  2 41.87194  12.56738
55    Italy 2020-02-22     3920            4185       4450               597                79                  2 41.87194  12.56738
56    Italy 2020-02-23     4312            4604       4896               657               132                  6 41.87194  12.56738
57    Italy 2020-02-24     4743            5064       5385               723               229                 11 41.87194  12.56738
58    Italy 2020-02-25     5215            5568       5921               795               322                 12 41.87194  12.56738
59    Italy 2020-02-26     5733            6121       6509               874               400                 17 41.87194  12.56738
60    Italy 2020-02-27     6302            6728       7154               960               650                 21 41.87194  12.56738
61    Italy 2020-02-28     6924            7392       7860              1055               888                 29 41.87194  12.56738
62    Italy 2020-02-29     7605            8120       8635              1159              1128                 35 41.87194  12.56738
63    Italy 2020-03-01     8352            8917       9482              1273              1689                 52 41.87194  12.56738
64    Italy 2020-03-02     9168            9788      10408              1397              2036                 80 41.87194  12.56738
65    Italy 2020-03-03    10058           10739      11420              1533              2502                107 41.87194  12.56738
66    Italy 2020-03-04    11033           11779      12525              1681              3089                148 41.87194  12.56738
67    Italy 2020-03-05    12094           12912      13730              1843              3858                197 41.87194  12.56738
68    Italy 2020-03-06    13251           14148      15045              2020              4636                233 41.87194  12.56738
69    Italy 2020-03-07    14511           15493      16475              2212              5883                366 41.87194  12.56738
70    Italy 2020-03-08    15881           16955      18029              2420              7375                464 41.87194  12.56738
71    Italy 2020-03-09    17369           18544      19719              2647              9172                631 41.87194  12.56738
72    Italy 2020-03-10    18982           20266      21550              2893             10149                827 41.87194  12.56738
73    Italy 2020-03-11    20730           22132      23534              3159             12462               1016 41.87194  12.56738
74    Italy 2020-03-12    22618           24148      25678              3447             15113               1268 41.87194  12.56738
75    Italy 2020-03-13    24657           26325      27993              3758             17660               1441 41.87194  12.56738
76    Italy 2020-03-14    26852           28669      30486              4092             21157               1811 41.87194  12.56738
77    Italy 2020-03-15    29213           31189      33165              4452             23980               2158 41.87194  12.56738
78    Italy 2020-03-16    31744           33892      36040              4838             27980               2505 41.87194  12.56738
79    Italy 2020-03-17    34454           36785      39116              5251             31506               2978 41.87194  12.56738
80    Italy 2020-03-18    37345           39872      42399              5691             35713               3407 41.87194  12.56738
81    Italy 2020-03-19    40424           43159      45894              6161             41035               4032 41.87194  12.56738
82    Italy 2020-03-20    43692           46648      49604              6659             47021               4827 41.87194  12.56738
83    Italy 2020-03-21    47151           50341      53531              7186             53578               5476 41.87194  12.56738
84    Italy 2020-03-22    50799           54236      57673              7742             59138               6077 41.87194  12.56738
85    Italy 2020-03-23    54635           58331      62027              8326             63927               6820 41.87194  12.56738
86    Italy 2020-03-24    58653           62621      66589              8939             69176               7505 41.87194  12.56738
87    Italy 2020-03-25    62846           67098      71350              9578             74386               8165 41.87194  12.56738
88    Italy 2020-03-26    67206           71753      76300             10242             80539               9136 41.87194  12.56738
89    Italy 2020-03-27    71721           76573      81425             10930             86498              10023 41.87194  12.56738
90    Italy 2020-03-28    76375           81542      86709             11640             92472              10781 41.87194  12.56738
91    Italy 2020-03-29    81154           86644      92134             12368             97689              11591 41.87194  12.56738
92    Italy 2020-03-30    86038           91859      97680             13112            101739              12430 41.87194  12.56738
93    Italy 2020-03-31    91009           97166     103323             13870            105792              13157 41.87194  12.56738
94    Italy 2020-04-01    96042          102540     109038             14637            110574              13917 41.87194  12.56738
95    Italy 2020-04-02   101116          107957     114798             15410            115242              14681 41.87194  12.56738
96    Italy 2020-04-03   106208          113393     120578             16186            119827              15362 41.87194  12.56738
97    Italy 2020-04-04   111293          118822     126351             16961            124632              15889 41.87194  12.56738
98    Italy 2020-04-05   116346          124217     132088             17731            128948              16525 41.87194  12.56738
99    Italy 2020-04-06   121344          129554     137764             18493            132547              17129 41.87194  12.56738
100   Italy 2020-04-07   126267          134810     143353             19243            135586              17669 41.87194  12.56738
101   Italy 2020-04-08   131093          139962     148831             19979            139422              18281 41.87194  12.56738
102   Italy 2020-04-09   135801          144989     154177             20696            143626              18851 41.87194  12.56738
103   Italy 2020-04-10   140376          149873     159370             21393            147577              19470 41.87194  12.56738
104   Italy 2020-04-11   144802          154599     164396             22068            152271              19901 41.87194  12.56738
105   Italy 2020-04-12   149066          159151     169236             22718            156363              20465 41.87194  12.56738
106   Italy 2020-04-13   153158          163520     173882             23341            159516              21069 41.87194  12.56738
107   Italy 2020-04-14   157071          167698     178325             23938            162488              21647 41.87194  12.56738
108   Italy 2020-04-15   160797          171676     182555             24506            165155              22172 41.87194  12.56738
109   Italy 2020-04-16   164336          175454     186572             25045            168941              22747 41.87194  12.56738
110   Italy 2020-04-17   167683          179028     190373             25555            172434              23227 41.87194  12.56738
111   Italy 2020-04-18   170840          182398     193956             26036            175925              23660 41.87194  12.56738
112   Italy 2020-04-19   173810          185569     197328             26489            178972              24114 41.87194  12.56738
113   Italy 2020-04-20   176595          188542     200489             26913            181228              24648 41.87194  12.56738
114   Italy 2020-04-21   179200          191324     203448             27310            183957              25085 41.87194  12.56738
115   Italy 2020-04-22   181631          193919     206207             27681            187327              25549 41.87194  12.56738
116   Italy 2020-04-23   183895          196336     208777             28026            189973              25969 41.87194  12.56738
117   Italy 2020-04-24   185997          198581     211165             28346            192994              26384 41.87194  12.56738
118   Italy 2020-04-25   187948          200664     213380             28644            195351              26644 41.87194  12.56738
119   Italy 2020-04-26   189753          202591     215429             28919            197675              26977 41.87194  12.56738
120   Italy 2020-04-27   191421          204372     217323             29173            199414              27359 41.87194  12.56738
121   Italy 2020-04-28   192960          206015     219070             29407            201505              27682 41.87194  12.56738
122   Italy 2020-04-29   194378          207529     220680             29623            203591              27967 41.87194  12.56738
123   Italy 2020-04-30   195684          208923     222162             29822            205463              28236 41.87194  12.56738
124   Italy 2020-05-01   196883          210203     223523             30005            207428              28710 41.87194  12.56738
125   Italy 2020-05-02   197983          211378     224773             30173            209328              28884 41.87194  12.56738
126   Italy 2020-05-03   198993          212456     225919             30327            210717              29079 41.87194  12.56738
127   Italy 2020-05-04   199918          213443     226968             30468            211938              29315 41.87194  12.56738
128   Italy 2020-05-05   200764          214347     227930             30597            213013              29684 41.87194  12.56738
129   Italy 2020-05-06   201539          215174     228809             30715            214457              29958 41.87194  12.56738
130   Italy 2020-05-07   202247          215930     229613             30823            215858              30201 41.87194  12.56738
131   Italy 2020-05-08   202893          216620     230347             30921            217185              30395 41.87194  12.56738
132   Italy 2020-05-09   203483          217250     231017             31011            218268              30560 41.87194  12.56738
133   Italy 2020-05-10   204022          217825     231628             31093            219070              30739 41.87194  12.56738
134   Italy 2020-05-11   204513          218349     232185             31168            219814              30911 41.87194  12.56738
135   Italy 2020-05-12   204960          218827     232694             31236            221216              31106 41.87194  12.56738
136   Italy 2020-05-13   205368          219262     233156             31298            222104              31368 41.87194  12.56738
137   Italy 2020-05-14   205740          219659     233578             31355            223096              31610 41.87194  12.56738
138   Italy 2020-05-15   206078          220020     233962             31406            223885              31763 41.87194  12.56738
139   Italy 2020-05-16   206386          220349     234312             31453            224760              31908 41.87194  12.56738
140   Italy 2020-05-17   206666          220648     234630             31496            225435              32007 41.87194  12.56738
141   Italy 2020-05-18   206921          220920     234919             31535            225886              32169 41.87194  12.56738
142   Italy 2020-05-19   207152          221167     235182             31570            226699              32330 41.87194  12.56738
143   Italy 2020-05-20   207363          221392     235421             31602            227364              32486 41.87194  12.56738
144   Italy 2020-05-21   207554          221596     235638             31631            228006              32616 41.87194  12.56738
145   Italy 2020-05-22   207728          221782     235836             31658            228658              32735 41.87194  12.56738
146   Italy 2020-05-23   207886          221951     236016             31682            229327              32735 41.87194  12.56738
147   Italy 2020-05-24   208030          222104     236178             31704            229327              32735 41.87194  12.56738
148   Italy 2020-05-25   208161          222244     236327             31724                NA                 NA 41.87194  12.56738
149   Italy 2020-05-26   208279          222370     236461             31742                NA                 NA 41.87194  12.56738
150   Italy 2020-05-27   208387          222485     236583             31758                NA                 NA 41.87194  12.56738
151   Italy 2020-05-28   208485          222590     236695             31773                NA                 NA 41.87194  12.56738
152   Italy 2020-05-29   208574          222685     236796             31787                NA                 NA 41.87194  12.56738
153   Italy 2020-05-30   208655          222771     236887             31799                NA                 NA 41.87194  12.56738
154   Italy 2020-05-31   208728          222849     236970             31810                NA                 NA 41.87194  12.56738

Fontes:
	OMS - https://ourworldindata.org/coronavirus-source-data
	Worldometers - https://www.worldometers.info/coronavirus