
 Italy 
Projecao:  7  dias
Gerado em:  2020-05-10 16:53:48
RMSE(%):  7.2 , BIAS(%): 1.59

Taxa de Mortalidade 13.95 %

    country       dias otimista casos_estimados pessimista estimativa_mortes casos_confirmados mortes_confirmadas latitude longitude
121   Italy 2020-04-28   187563          202025     216487             28182            201505              27682 41.87194  12.56738
122   Italy 2020-04-29   188664          203211     217758             28348            203591              27967 41.87194  12.56738
123   Italy 2020-04-30   189667          204292     218917             28498            205463              28236 41.87194  12.56738
124   Italy 2020-05-01   190580          205275     219970             28636            207428              28710 41.87194  12.56738
125   Italy 2020-05-02   191409          206168     220927             28760            209328              28884 41.87194  12.56738
126   Italy 2020-05-03   192163          206980     221797             28873            210717              29079 41.87194  12.56738
127   Italy 2020-05-04   192846          207716     222586             28976            211938              29315 41.87194  12.56738
128   Italy 2020-05-05   193466          208384     223302             29069            213013              29684 41.87194  12.56738
129   Italy 2020-05-06   194028          208989     223950             29154            214457              29958 41.87194  12.56738
130   Italy 2020-05-07   194537          209537     224537             29230            215858              30201 41.87194  12.56738
131   Italy 2020-05-08   194997          210033     225069             29299            217185              30395 41.87194  12.56738
132   Italy 2020-05-09   195414          210482     225550             29362            218268              30560 41.87194  12.56738
133   Italy 2020-05-10   195791          210888     225985             29419            219070              30560 41.87194  12.56738
134   Italy 2020-05-11   196132          211255     226378             29470                NA                 NA 41.87194  12.56738
135   Italy 2020-05-12   196440          211587     226734             29516                NA                 NA 41.87194  12.56738
136   Italy 2020-05-13   196718          211886     227054             29558                NA                 NA 41.87194  12.56738
137   Italy 2020-05-14   196969          212157     227345             29596                NA                 NA 41.87194  12.56738
138   Italy 2020-05-15   197196          212401     227606             29630                NA                 NA 41.87194  12.56738
139   Italy 2020-05-16   197401          212622     227843             29661                NA                 NA 41.87194  12.56738
140   Italy 2020-05-17   197586          212821     228056             29688                NA                 NA 41.87194  12.56738

Total de casos no mundo:  4159950 1488759 1628131 301067 668588 64145 8539 721 4159950

Estimados a partir dos dados da OMS:
    day       date      x   xest
1     1 2019-12-30      0     12
2     2 2019-12-31      0     14
3     3 2020-01-01      0     15
4     4 2020-01-02      0     17
5     5 2020-01-03      0     19
6     6 2020-01-04      0     21
7     7 2020-01-05      0     23
8     8 2020-01-06      0     25
9     9 2020-01-07      0     28
10   10 2020-01-08      0     31
11   11 2020-01-09      0     35
12   12 2020-01-10      0     39
13   13 2020-01-11      0     43
14   14 2020-01-12      0     48
15   15 2020-01-13      0     53
16   16 2020-01-14      0     59
17   17 2020-01-15      0     65
18   18 2020-01-16      0     72
19   19 2020-01-17      0     80
20   20 2020-01-18      0     89
21   21 2020-01-19      0     99
22   22 2020-01-20      0    110
23   23 2020-01-21      0    122
24   24 2020-01-22      0    135
25   25 2020-01-23      0    150
26   26 2020-01-24      0    167
27   27 2020-01-25      0    185
28   28 2020-01-26      0    205
29   29 2020-01-27      0    228
30   30 2020-01-28      0    253
31   31 2020-01-29      0    281
32   32 2020-01-30      3    312
33   33 2020-01-31      3    346
34   34 2020-02-01      3    384
35   35 2020-02-02      3    426
36   36 2020-02-03      3    473
37   37 2020-02-04      3    525
38   38 2020-02-05      3    583
39   39 2020-02-06      3    647
40   40 2020-02-07      3    718
41   41 2020-02-08      3    797
42   42 2020-02-09      3    885
43   43 2020-02-10      3    982
44   44 2020-02-11      3   1089
45   45 2020-02-12      3   1209
46   46 2020-02-13      3   1341
47   47 2020-02-14      3   1488
48   48 2020-02-15      3   1651
49   49 2020-02-16      3   1831
50   50 2020-02-17      3   2031
51   51 2020-02-18      3   2253
52   52 2020-02-19      3   2498
53   53 2020-02-20      3   2770
54   54 2020-02-21     17   3071
55   55 2020-02-22     79   3404
56   56 2020-02-23    132   3772
57   57 2020-02-24    229   4180
58   58 2020-02-25    322   4631
59   59 2020-02-26    400   5129
60   60 2020-02-27    650   5680
61   61 2020-02-28    888   6287
62   62 2020-02-29   1128   6958
63   63 2020-03-01   1689   7697
64   64 2020-03-02   2036   8512
65   65 2020-03-03   2502   9409
66   66 2020-03-04   3089  10396
67   67 2020-03-05   3858  11481
68   68 2020-03-06   4636  12672
69   69 2020-03-07   5883  13978
70   70 2020-03-08   7375  15408
71   71 2020-03-09   9172  16972
72   72 2020-03-10  10149  18680
73   73 2020-03-11  12462  20542
74   74 2020-03-12  15113  22568
75   75 2020-03-13  17660  24769
76   76 2020-03-14  21157  27153
77   77 2020-03-15  23980  29732
78   78 2020-03-16  27980  32513
79   79 2020-03-17  31506  35504
80   80 2020-03-18  35713  38711
81   81 2020-03-19  41035  42141
82   82 2020-03-20  47021  45795
83   83 2020-03-21  53578  49674
84   84 2020-03-22  59138  53778
85   85 2020-03-23  63927  58101
86   86 2020-03-24  69176  62637
87   87 2020-03-25  74386  67374
88   88 2020-03-26  80539  72299
89   89 2020-03-27  86498  77395
90   90 2020-03-28  92472  82641
91   91 2020-03-29  97689  88015
92   92 2020-03-30 101739  93491
93   93 2020-03-31 105792  99042
94   94 2020-04-01 110574 104637
95   95 2020-04-02 115242 110247
96   96 2020-04-03 119827 115840
97   97 2020-04-04 124632 121388
98   98 2020-04-05 128948 126860
99   99 2020-04-06 132547 132229
100 100 2020-04-07 135586 137470
101 101 2020-04-08 139422 142559
102 102 2020-04-09 143626 147476
103 103 2020-04-10 147577 152205
104 104 2020-04-11 152271 156732
105 105 2020-04-12 156363 161046
106 106 2020-04-13 159516 165140
107 107 2020-04-14 162488 169010
108 108 2020-04-15 165155 172654
109 109 2020-04-16 168941 176074
110 110 2020-04-17 172434 179272
111 111 2020-04-18 175925 182254
112 112 2020-04-19 178972 185026
113 113 2020-04-20 181228 187596
114 114 2020-04-21 183957 189973
115 115 2020-04-22 187327 192166
116 116 2020-04-23 189973 194185
117 117 2020-04-24 192994 196040
118 118 2020-04-25 195351 197742
119 119 2020-04-26 197675 199300
120 120 2020-04-27 199414 200725
121 121 2020-04-28 201505 202025
122 122 2020-04-29 203591 203211
123 123 2020-04-30 205463 204292
124 124 2020-05-01 207428 205275
125 125 2020-05-02 209328 206168
126 126 2020-05-03 210717 206980
127 127 2020-05-04 211938 207716
128 128 2020-05-05 213013 208384
129 129 2020-05-06 214457 208989
130 130 2020-05-07 215858 209537
131 131 2020-05-08 217185 210033
132 132 2020-05-09 218268 210482
133 133 2020-05-10 219070 210888

Intervalo de Confianca
              2.5%         97.5%
Asym 211522.341873 217907.907467
xmid     93.945606     95.028975
scal      9.187866      9.951438


Formula: x ~ SSlogis(day, Asym, xmid, scal)

Parameters:
        Estimate  Std. Error t value            Pr(>|t|)    
Asym 214643.9752   1548.1190  138.65 <0.0000000000000002 ***
xmid     94.4787      0.2562  368.78 <0.0000000000000002 ***
scal      9.5634      0.1959   48.83 <0.0000000000000002 ***
---
Signif. codes:  0 ‘***’ 0.001 ‘**’ 0.01 ‘*’ 0.05 ‘.’ 0.1 ‘ ’ 1

Residual standard error: 4507 on 130 degrees of freedom

Number of iterations to convergence: 9 
Achieved convergence tolerance: 0.0000000149


Italy: o primeiro caso foi registrado em 30/01/2020 na data 10/05/2020 temos 101 dias desde o primeiro caso. A data de pico prevista pelo modelo logístico foi 03/05/2020 (dia 94 desde os primeiros casos relatados).
Em 03/05/2020 o modelo estimou 214644+/-1548 casos.

Todos os dados gerados
    country       dias otimista casos_estimados pessimista estimativa_mortes casos_confirmados mortes_confirmadas latitude longitude
1     Italy 2019-12-30       11              12         13                 2                 0                  0 41.87194  12.56738
2     Italy 2019-12-31       13              14         15                 2                 0                  0 41.87194  12.56738
3     Italy 2020-01-01       14              15         16                 2                 0                  0 41.87194  12.56738
4     Italy 2020-01-02       16              17         18                 2                 0                  0 41.87194  12.56738
5     Italy 2020-01-03       18              19         20                 3                 0                  0 41.87194  12.56738
6     Italy 2020-01-04       19              21         23                 3                 0                  0 41.87194  12.56738
7     Italy 2020-01-05       21              23         25                 3                 0                  0 41.87194  12.56738
8     Italy 2020-01-06       23              25         27                 3                 0                  0 41.87194  12.56738
9     Italy 2020-01-07       26              28         30                 4                 0                  0 41.87194  12.56738
10    Italy 2020-01-08       29              31         33                 4                 0                  0 41.87194  12.56738
11    Italy 2020-01-09       32              35         38                 5                 0                  0 41.87194  12.56738
12    Italy 2020-01-10       36              39         42                 5                 0                  0 41.87194  12.56738
13    Italy 2020-01-11       40              43         46                 6                 0                  0 41.87194  12.56738
14    Italy 2020-01-12       45              48         51                 7                 0                  0 41.87194  12.56738
15    Italy 2020-01-13       49              53         57                 7                 0                  0 41.87194  12.56738
16    Italy 2020-01-14       55              59         63                 8                 0                  0 41.87194  12.56738
17    Italy 2020-01-15       60              65         70                 9                 0                  0 41.87194  12.56738
18    Italy 2020-01-16       67              72         77                10                 0                  0 41.87194  12.56738
19    Italy 2020-01-17       74              80         86                11                 0                  0 41.87194  12.56738
20    Italy 2020-01-18       83              89         95                12                 0                  0 41.87194  12.56738
21    Italy 2020-01-19       92              99        106                14                 0                  0 41.87194  12.56738
22    Italy 2020-01-20      102             110        118                15                 0                  0 41.87194  12.56738
23    Italy 2020-01-21      113             122        131                17                 0                  0 41.87194  12.56738
24    Italy 2020-01-22      125             135        145                19                 0                  0 41.87194  12.56738
25    Italy 2020-01-23      139             150        161                21                 0                  0 41.87194  12.56738
26    Italy 2020-01-24      155             167        179                23                 0                  0 41.87194  12.56738
27    Italy 2020-01-25      172             185        198                26                 0                  0 41.87194  12.56738
28    Italy 2020-01-26      190             205        220                29                 0                  0 41.87194  12.56738
29    Italy 2020-01-27      212             228        244                32                 0                  0 41.87194  12.56738
30    Italy 2020-01-28      235             253        271                35                 0                  0 41.87194  12.56738
31    Italy 2020-01-29      261             281        301                39                 0                  0 41.87194  12.56738
32    Italy 2020-01-30      290             312        334                44                 3                  0 41.87194  12.56738
33    Italy 2020-01-31      321             346        371                48                 3                  0 41.87194  12.56738
34    Italy 2020-02-01      357             384        411                54                 3                  0 41.87194  12.56738
35    Italy 2020-02-02      396             426        456                59                 3                  0 41.87194  12.56738
36    Italy 2020-02-03      439             473        507                66                 3                  0 41.87194  12.56738
37    Italy 2020-02-04      487             525        563                73                 3                  0 41.87194  12.56738
38    Italy 2020-02-05      541             583        625                81                 3                  0 41.87194  12.56738
39    Italy 2020-02-06      601             647        693                90                 3                  0 41.87194  12.56738
40    Italy 2020-02-07      667             718        769               100                 3                  0 41.87194  12.56738
41    Italy 2020-02-08      740             797        854               111                 3                  0 41.87194  12.56738
42    Italy 2020-02-09      822             885        948               123                 3                  0 41.87194  12.56738
43    Italy 2020-02-10      912             982       1052               137                 3                  0 41.87194  12.56738
44    Italy 2020-02-11     1011            1089       1167               152                 3                  0 41.87194  12.56738
45    Italy 2020-02-12     1122            1209       1296               169                 3                  0 41.87194  12.56738
46    Italy 2020-02-13     1245            1341       1437               187                 3                  0 41.87194  12.56738
47    Italy 2020-02-14     1381            1488       1595               208                 3                  0 41.87194  12.56738
48    Italy 2020-02-15     1533            1651       1769               230                 3                  0 41.87194  12.56738
49    Italy 2020-02-16     1700            1831       1962               255                 3                  0 41.87194  12.56738
50    Italy 2020-02-17     1886            2031       2176               283                 3                  0 41.87194  12.56738
51    Italy 2020-02-18     2092            2253       2414               314                 3                  0 41.87194  12.56738
52    Italy 2020-02-19     2319            2498       2677               348                 3                  0 41.87194  12.56738
53    Italy 2020-02-20     2572            2770       2968               386                 3                  0 41.87194  12.56738
54    Italy 2020-02-21     2851            3071       3291               428                17                  2 41.87194  12.56738
55    Italy 2020-02-22     3160            3404       3648               475                79                  2 41.87194  12.56738
56    Italy 2020-02-23     3502            3772       4042               526               132                  6 41.87194  12.56738
57    Italy 2020-02-24     3881            4180       4479               583               229                 11 41.87194  12.56738
58    Italy 2020-02-25     4299            4631       4963               646               322                 12 41.87194  12.56738
59    Italy 2020-02-26     4762            5129       5496               715               400                 17 41.87194  12.56738
60    Italy 2020-02-27     5273            5680       6087               792               650                 21 41.87194  12.56738
61    Italy 2020-02-28     5837            6287       6737               877               888                 29 41.87194  12.56738
62    Italy 2020-02-29     6460            6958       7456               971              1128                 35 41.87194  12.56738
63    Italy 2020-03-01     7146            7697       8248              1074              1689                 52 41.87194  12.56738
64    Italy 2020-03-02     7903            8512       9121              1187              2036                 80 41.87194  12.56738
65    Italy 2020-03-03     8735            9409      10083              1313              2502                107 41.87194  12.56738
66    Italy 2020-03-04     9652           10396      11140              1450              3089                148 41.87194  12.56738
67    Italy 2020-03-05    10659           11481      12303              1602              3858                197 41.87194  12.56738
68    Italy 2020-03-06    11765           12672      13579              1768              4636                233 41.87194  12.56738
69    Italy 2020-03-07    12977           13978      14979              1950              5883                366 41.87194  12.56738
70    Italy 2020-03-08    14305           15408      16511              2149              7375                464 41.87194  12.56738
71    Italy 2020-03-09    15757           16972      18187              2368              9172                631 41.87194  12.56738
72    Italy 2020-03-10    17343           18680      20017              2606             10149                827 41.87194  12.56738
73    Italy 2020-03-11    19071           20542      22013              2866             12462               1016 41.87194  12.56738
74    Italy 2020-03-12    20952           22568      24184              3148             15113               1268 41.87194  12.56738
75    Italy 2020-03-13    22996           24769      26542              3455             17660               1441 41.87194  12.56738
76    Italy 2020-03-14    25209           27153      29097              3788             21157               1811 41.87194  12.56738
77    Italy 2020-03-15    27604           29732      31860              4148             23980               2158 41.87194  12.56738
78    Italy 2020-03-16    30185           32513      34841              4536             27980               2505 41.87194  12.56738
79    Italy 2020-03-17    32962           35504      38046              4953             31506               2978 41.87194  12.56738
80    Italy 2020-03-18    35940           38711      41482              5400             35713               3407 41.87194  12.56738
81    Italy 2020-03-19    39124           42141      45158              5879             41035               4032 41.87194  12.56738
82    Italy 2020-03-20    42517           45795      49073              6388             47021               4827 41.87194  12.56738
83    Italy 2020-03-21    46118           49674      53230              6929             53578               5476 41.87194  12.56738
84    Italy 2020-03-22    49928           53778      57628              7502             59138               6077 41.87194  12.56738
85    Italy 2020-03-23    53942           58101      62260              8105             63927               6820 41.87194  12.56738
86    Italy 2020-03-24    58153           62637      67121              8738             69176               7505 41.87194  12.56738
87    Italy 2020-03-25    62551           67374      72197              9399             74386               8165 41.87194  12.56738
88    Italy 2020-03-26    67123           72299      77475             10086             80539               9136 41.87194  12.56738
89    Italy 2020-03-27    71855           77395      82935             10797             86498              10023 41.87194  12.56738
90    Italy 2020-03-28    76725           82641      88557             11528             92472              10781 41.87194  12.56738
91    Italy 2020-03-29    81714           88015      94316             12278             97689              11591 41.87194  12.56738
92    Italy 2020-03-30    86798           93491     100184             13042            101739              12430 41.87194  12.56738
93    Italy 2020-03-31    91952           99042     106132             13816            105792              13157 41.87194  12.56738
94    Italy 2020-04-01    97146          104637     112128             14597            110574              13917 41.87194  12.56738
95    Italy 2020-04-02   102355          110247     118139             15379            115242              14681 41.87194  12.56738
96    Italy 2020-04-03   107547          115840     124133             16160            119827              15362 41.87194  12.56738
97    Italy 2020-04-04   112698          121388     130078             16933            124632              15889 41.87194  12.56738
98    Italy 2020-04-05   117779          126860     135941             17697            128948              16525 41.87194  12.56738
99    Italy 2020-04-06   122763          132229     141695             18446            132547              17129 41.87194  12.56738
100   Italy 2020-04-07   127629          137470     147311             19177            135586              17669 41.87194  12.56738
101   Italy 2020-04-08   132354          142559     152764             19887            139422              18281 41.87194  12.56738
102   Italy 2020-04-09   136919          147476     158033             20573            143626              18851 41.87194  12.56738
103   Italy 2020-04-10   141309          152205     163101             21232            147577              19470 41.87194  12.56738
104   Italy 2020-04-11   145512          156732     167952             21864            152271              19901 41.87194  12.56738
105   Italy 2020-04-12   149517          161046     172575             22466            156363              20465 41.87194  12.56738
106   Italy 2020-04-13   153318          165140     176962             23037            159516              21069 41.87194  12.56738
107   Italy 2020-04-14   156911          169010     181109             23577            162488              21647 41.87194  12.56738
108   Italy 2020-04-15   160294          172654     185014             24085            165155              22172 41.87194  12.56738
109   Italy 2020-04-16   163469          176074     188679             24562            168941              22747 41.87194  12.56738
110   Italy 2020-04-17   166438          179272     192106             25008            172434              23227 41.87194  12.56738
111   Italy 2020-04-18   169207          182254     195301             25424            175925              23660 41.87194  12.56738
112   Italy 2020-04-19   171781          185026     198271             25811            178972              24114 41.87194  12.56738
113   Italy 2020-04-20   174167          187596     201025             26169            181228              24648 41.87194  12.56738
114   Italy 2020-04-21   176373          189973     203573             26501            183957              25085 41.87194  12.56738
115   Italy 2020-04-22   178409          192166     205923             26807            187327              25549 41.87194  12.56738
116   Italy 2020-04-23   180284          194185     208086             27089            189973              25969 41.87194  12.56738
117   Italy 2020-04-24   182006          196040     210074             27347            192994              26384 41.87194  12.56738
118   Italy 2020-04-25   183586          197742     211898             27585            195351              26644 41.87194  12.56738
119   Italy 2020-04-26   185033          199300     213567             27802            197675              26977 41.87194  12.56738
120   Italy 2020-04-27   186356          200725     215094             28001            199414              27359 41.87194  12.56738
121   Italy 2020-04-28   187563          202025     216487             28182            201505              27682 41.87194  12.56738
122   Italy 2020-04-29   188664          203211     217758             28348            203591              27967 41.87194  12.56738
123   Italy 2020-04-30   189667          204292     218917             28498            205463              28236 41.87194  12.56738
124   Italy 2020-05-01   190580          205275     219970             28636            207428              28710 41.87194  12.56738
125   Italy 2020-05-02   191409          206168     220927             28760            209328              28884 41.87194  12.56738
126   Italy 2020-05-03   192163          206980     221797             28873            210717              29079 41.87194  12.56738
127   Italy 2020-05-04   192846          207716     222586             28976            211938              29315 41.87194  12.56738
128   Italy 2020-05-05   193466          208384     223302             29069            213013              29684 41.87194  12.56738
129   Italy 2020-05-06   194028          208989     223950             29154            214457              29958 41.87194  12.56738
130   Italy 2020-05-07   194537          209537     224537             29230            215858              30201 41.87194  12.56738
131   Italy 2020-05-08   194997          210033     225069             29299            217185              30395 41.87194  12.56738
132   Italy 2020-05-09   195414          210482     225550             29362            218268              30560 41.87194  12.56738
133   Italy 2020-05-10   195791          210888     225985             29419            219070              30560 41.87194  12.56738
134   Italy 2020-05-11   196132          211255     226378             29470                NA                 NA 41.87194  12.56738
135   Italy 2020-05-12   196440          211587     226734             29516                NA                 NA 41.87194  12.56738
136   Italy 2020-05-13   196718          211886     227054             29558                NA                 NA 41.87194  12.56738
137   Italy 2020-05-14   196969          212157     227345             29596                NA                 NA 41.87194  12.56738
138   Italy 2020-05-15   197196          212401     227606             29630                NA                 NA 41.87194  12.56738
139   Italy 2020-05-16   197401          212622     227843             29661                NA                 NA 41.87194  12.56738
140   Italy 2020-05-17   197586          212821     228056             29688                NA                 NA 41.87194  12.56738

Fontes:
	OMS - https://ourworldindata.org/coronavirus-source-data
	Worldometers - https://www.worldometers.info/coronavirus