
 Brazil 
Projecao:  7  dias
Gerado em:  2020-06-12 20:24:59
RMSE(%):  3.1 , BIAS(%): 0.82

Taxa de Mortalidade 5.05 %

    country       dias otimista casos_estimados pessimista estimativa_mortes casos_confirmados mortes_confirmadas latitude longitude
154  Brazil 2020-05-31   497016          512884     528752             25895            514849              29937        0         0
155  Brazil 2020-06-01   520491          537109     553727             27118            526447              31199        0         0
156  Brazil 2020-06-02   544458          561841     579224             28367            555383              32548        0         0
157  Brazil 2020-06-03   568871          587034     605197             29639            584016              34021        0         0
158  Brazil 2020-06-04   593682          612637     631592             30931            614932              35026        0         0
159  Brazil 2020-06-05   618836          638594     658352             32242            645762              35930        0         0
160  Brazil 2020-06-06   644278          664848     685418             33568            672837              36455        0         0
161  Brazil 2020-06-07   669947          691337     712727             34905            691758              37134        0         0
162  Brazil 2020-06-08   695783          717998     740213             36251            707412              38406        0         0
163  Brazil 2020-06-09   721723          744766     767809             37603            739503              39680        0         0
164  Brazil 2020-06-10   747703          771575     795447             38956            772416              40919        0         0
165  Brazil 2020-06-11   773659          798360     823061             40308            802828              41901        0         0
166  Brazil 2020-06-12   799526          825053     850580             41656            829902              41901        0         0
167  Brazil 2020-06-13   825241          851589     877937             42996                NA                 NA        0         0
168  Brazil 2020-06-14   850742          877904     905066             44325                NA                 NA        0         0
169  Brazil 2020-06-15   875971          903938     931905             45639                NA                 NA        0         0
170  Brazil 2020-06-16   900869          929631     958393             46936                NA                 NA        0         0
171  Brazil 2020-06-17   925382          954927     984472             48213                NA                 NA        0         0
172  Brazil 2020-06-18   949461          979775    1010089             49468                NA                 NA        0         0
173  Brazil 2020-06-19   973059         1004126    1035193             50697                NA                 NA        0         0

Total de casos no mundo:  7724281 2419445 1355379 2173578 1538665 227592 8901 721 7724281

Estimados a partir dos dados da OMS:
    day       date      x   xest
1     1 2019-12-30      0     16
2     2 2019-12-31      0     17
3     3 2020-01-01      0     19
4     4 2020-01-02      0     20
5     5 2020-01-03      0     21
6     6 2020-01-04      0     23
7     7 2020-01-05      0     25
8     8 2020-01-06      0     26
9     9 2020-01-07      0     28
10   10 2020-01-08      0     30
11   11 2020-01-09      0     33
12   12 2020-01-10      0     35
13   13 2020-01-11      0     38
14   14 2020-01-12      0     40
15   15 2020-01-13      0     43
16   16 2020-01-14      0     46
17   17 2020-01-15      0     50
18   18 2020-01-16      0     54
19   19 2020-01-17      0     57
20   20 2020-01-18      0     62
21   21 2020-01-19      0     66
22   22 2020-01-20      0     71
23   23 2020-01-21      0     76
24   24 2020-01-22      0     82
25   25 2020-01-23      0     88
26   26 2020-01-24      0     94
27   27 2020-01-25      0    101
28   28 2020-01-26      0    108
29   29 2020-01-27      0    116
30   30 2020-01-28      0    125
31   31 2020-01-29      0    134
32   32 2020-01-30      0    143
33   33 2020-01-31      0    154
34   34 2020-02-01      0    165
35   35 2020-02-02      0    177
36   36 2020-02-03      0    190
37   37 2020-02-04      0    204
38   38 2020-02-05      0    219
39   39 2020-02-06      0    235
40   40 2020-02-07      0    252
41   41 2020-02-08      0    270
42   42 2020-02-09      0    290
43   43 2020-02-10      0    311
44   44 2020-02-11      0    334
45   45 2020-02-12      0    358
46   46 2020-02-13      0    384
47   47 2020-02-14      0    412
48   48 2020-02-15      0    443
49   49 2020-02-16      0    475
50   50 2020-02-17      0    509
51   51 2020-02-18      0    547
52   52 2020-02-19      0    586
53   53 2020-02-20      0    629
54   54 2020-02-21      0    675
55   55 2020-02-22      0    724
56   56 2020-02-23      0    777
57   57 2020-02-24      0    834
58   58 2020-02-25      1    895
59   59 2020-02-26      1    960
60   60 2020-02-27      1   1030
61   61 2020-02-28      1   1105
62   62 2020-02-29      2   1186
63   63 2020-03-01      2   1272
64   64 2020-03-02      2   1365
65   65 2020-03-03      2   1464
66   66 2020-03-04      3   1571
67   67 2020-03-05      8   1686
68   68 2020-03-06     13   1808
69   69 2020-03-07     13   1940
70   70 2020-03-08     25   2082
71   71 2020-03-09     25   2233
72   72 2020-03-10     34   2396
73   73 2020-03-11     52   2571
74   74 2020-03-12     77   2758
75   75 2020-03-13     98   2959
76   76 2020-03-14    121   3174
77   77 2020-03-15    200   3405
78   78 2020-03-16    234   3653
79   79 2020-03-17    291   3919
80   80 2020-03-18    428   4204
81   81 2020-03-19    621   4510
82   82 2020-03-20    904   4838
83   83 2020-03-21   1128   5190
84   84 2020-03-22   1546   5567
85   85 2020-03-23   1891   5972
86   86 2020-03-24   2201   6406
87   87 2020-03-25   2433   6871
88   88 2020-03-26   2915   7370
89   89 2020-03-27   3417   7905
90   90 2020-03-28   3904   8479
91   91 2020-03-29   4256   9094
92   92 2020-03-30   4579   9753
93   93 2020-03-31   5717  10460
94   94 2020-04-01   6836  11218
95   95 2020-04-02   7910  12030
96   96 2020-04-03   9056  12900
97   97 2020-04-04  10278  13833
98   98 2020-04-05  11130  14832
99   99 2020-04-06  12056  15903
100 100 2020-04-07  13717  17051
101 101 2020-04-08  15927  18280
102 102 2020-04-09  17857  19597
103 103 2020-04-10  19638  21007
104 104 2020-04-11  20727  22517
105 105 2020-04-12  22169  24134
106 106 2020-04-13  23430  25866
107 107 2020-04-14  25262  27719
108 108 2020-04-15  28320  29702
109 109 2020-04-16  30425  31824
110 110 2020-04-17  33682  34094
111 111 2020-04-18  36599  36522
112 112 2020-04-19  38654  39119
113 113 2020-04-20  40581  41895
114 114 2020-04-21  43079  44862
115 115 2020-04-22  45757  48032
116 116 2020-04-23  49492  51419
117 117 2020-04-24  52995  55035
118 118 2020-04-25  58509  58896
119 119 2020-04-26  61888  63016
120 120 2020-04-27  66501  67411
121 121 2020-04-28  71886  72097
122 122 2020-04-29  78162  77091
123 123 2020-04-30  85380  82412
124 124 2020-05-01  91589  88078
125 125 2020-05-02  96559  94108
126 126 2020-05-03 101147 100522
127 127 2020-05-04 107780 107340
128 128 2020-05-05 114715 114583
129 129 2020-05-06 125218 122273
130 130 2020-05-07 135106 130431
131 131 2020-05-08 145328 139080
132 132 2020-05-09 155939 148240
133 133 2020-05-10 162699 157936
134 134 2020-05-11 168331 168188
135 135 2020-05-12 177589 179018
136 136 2020-05-13 188974 190447
137 137 2020-05-14 202918 202496
138 138 2020-05-15 218223 215184
139 139 2020-05-16 233142 228530
140 140 2020-05-17 241080 242550
141 141 2020-05-18 254220 257258
142 142 2020-05-19 271628 272669
143 143 2020-05-20 291579 288793
144 144 2020-05-21 310087 305637
145 145 2020-05-22 330890 323206
146 146 2020-05-23 347398 341501
147 147 2020-05-24 363211 360521
148 148 2020-05-25 374898 380259
149 149 2020-05-26 391222 400705
150 150 2020-05-27 411821 421845
151 151 2020-05-28 438238 443659
152 152 2020-05-29 465166 466123
153 153 2020-05-30 498440 489209
154 154 2020-05-31 514849 512884
155 155 2020-06-01 526447 537109
156 156 2020-06-02 555383 561841
157 157 2020-06-03 584016 587034
158 158 2020-06-04 614932 612637
159 159 2020-06-05 645762 638594
160 160 2020-06-06 672837 664848
161 161 2020-06-07 691758 691337
162 162 2020-06-08 707412 717998
163 163 2020-06-09 739503 744766
164 164 2020-06-10 772416 771575
165 165 2020-06-11 802828 798360
166 166 2020-06-12 829902 825053

Intervalo de Confianca
              2.5%         97.5%
Asym 1481334.05200 1567364.02790
xmid     162.88170     164.39218
scal      14.02864      14.37034


Formula: x ~ SSlogis(day, Asym, xmid, scal)

Parameters:
          Estimate    Std. Error t value            Pr(>|t|)    
Asym 1522775.31694   21999.87234   69.22 <0.0000000000000002 ***
xmid     163.62001       0.38707  422.71 <0.0000000000000002 ***
scal      14.19826       0.08812  161.13 <0.0000000000000002 ***
---
Signif. codes:  0 ‘***’ 0.001 ‘**’ 0.01 ‘*’ 0.05 ‘.’ 0.1 ‘ ’ 1

Residual standard error: 3225 on 163 degrees of freedom

Number of iterations to convergence: 9 
Achieved convergence tolerance: 0.0000000149


Brazil: o primeiro caso foi registrado em 25/02/2020 na data 12/06/2020 temos 108 dias desde o primeiro caso. A data de pico prevista pelo modelo logístico é 07/08/2020 (dia 164 desde os primeiros casos relatados).
Em 07/08/2020 o modelo estima 1522775+/-22000 casos. De acordo com o modelo ajustado temos 56 de infecçao pela frente.

Todos os dados gerados
    country       dias otimista casos_estimados pessimista estimativa_mortes casos_confirmados mortes_confirmadas latitude longitude
1    Brazil 2019-12-30       16              16         16                 1                 0                  0        0         0
2    Brazil 2019-12-31       16              17         18                 1                 0                  0        0         0
3    Brazil 2020-01-01       18              19         20                 1                 0                  0        0         0
4    Brazil 2020-01-02       19              20         21                 1                 0                  0        0         0
5    Brazil 2020-01-03       20              21         22                 1                 0                  0        0         0
6    Brazil 2020-01-04       22              23         24                 1                 0                  0        0         0
7    Brazil 2020-01-05       24              25         26                 1                 0                  0        0         0
8    Brazil 2020-01-06       25              26         27                 1                 0                  0        0         0
9    Brazil 2020-01-07       27              28         29                 1                 0                  0        0         0
10   Brazil 2020-01-08       29              30         31                 2                 0                  0        0         0
11   Brazil 2020-01-09       32              33         34                 2                 0                  0        0         0
12   Brazil 2020-01-10       34              35         36                 2                 0                  0        0         0
13   Brazil 2020-01-11       37              38         39                 2                 0                  0        0         0
14   Brazil 2020-01-12       39              40         41                 2                 0                  0        0         0
15   Brazil 2020-01-13       42              43         44                 2                 0                  0        0         0
16   Brazil 2020-01-14       45              46         47                 2                 0                  0        0         0
17   Brazil 2020-01-15       48              50         52                 3                 0                  0        0         0
18   Brazil 2020-01-16       52              54         56                 3                 0                  0        0         0
19   Brazil 2020-01-17       55              57         59                 3                 0                  0        0         0
20   Brazil 2020-01-18       60              62         64                 3                 0                  0        0         0
21   Brazil 2020-01-19       64              66         68                 3                 0                  0        0         0
22   Brazil 2020-01-20       69              71         73                 4                 0                  0        0         0
23   Brazil 2020-01-21       74              76         78                 4                 0                  0        0         0
24   Brazil 2020-01-22       79              82         85                 4                 0                  0        0         0
25   Brazil 2020-01-23       85              88         91                 4                 0                  0        0         0
26   Brazil 2020-01-24       91              94         97                 5                 0                  0        0         0
27   Brazil 2020-01-25       98             101        104                 5                 0                  0        0         0
28   Brazil 2020-01-26      105             108        111                 5                 0                  0        0         0
29   Brazil 2020-01-27      112             116        120                 6                 0                  0        0         0
30   Brazil 2020-01-28      121             125        129                 6                 0                  0        0         0
31   Brazil 2020-01-29      130             134        138                 7                 0                  0        0         0
32   Brazil 2020-01-30      139             143        147                 7                 0                  0        0         0
33   Brazil 2020-01-31      149             154        159                 8                 0                  0        0         0
34   Brazil 2020-02-01      160             165        170                 8                 0                  0        0         0
35   Brazil 2020-02-02      172             177        182                 9                 0                  0        0         0
36   Brazil 2020-02-03      184             190        196                10                 0                  0        0         0
37   Brazil 2020-02-04      198             204        210                10                 0                  0        0         0
38   Brazil 2020-02-05      212             219        226                11                 0                  0        0         0
39   Brazil 2020-02-06      228             235        242                12                 0                  0        0         0
40   Brazil 2020-02-07      244             252        260                13                 0                  0        0         0
41   Brazil 2020-02-08      262             270        278                14                 0                  0        0         0
42   Brazil 2020-02-09      281             290        299                15                 0                  0        0         0
43   Brazil 2020-02-10      301             311        321                16                 0                  0        0         0
44   Brazil 2020-02-11      324             334        344                17                 0                  0        0         0
45   Brazil 2020-02-12      347             358        369                18                 0                  0        0         0
46   Brazil 2020-02-13      372             384        396                19                 0                  0        0         0
47   Brazil 2020-02-14      399             412        425                21                 0                  0        0         0
48   Brazil 2020-02-15      429             443        457                22                 0                  0        0         0
49   Brazil 2020-02-16      460             475        490                24                 0                  0        0         0
50   Brazil 2020-02-17      493             509        525                26                 0                  0        0         0
51   Brazil 2020-02-18      530             547        564                28                 0                  0        0         0
52   Brazil 2020-02-19      568             586        604                30                 0                  0        0         0
53   Brazil 2020-02-20      610             629        648                32                 0                  0        0         0
54   Brazil 2020-02-21      654             675        696                34                 0                  0        0         0
55   Brazil 2020-02-22      702             724        746                37                 0                  0        0         0
56   Brazil 2020-02-23      753             777        801                39                 0                  0        0         0
57   Brazil 2020-02-24      808             834        860                42                 0                  0        0         0
58   Brazil 2020-02-25      867             895        923                45                 1                  0        0         0
59   Brazil 2020-02-26      930             960        990                48                 1                  0        0         0
60   Brazil 2020-02-27      998            1030       1062                52                 1                  0        0         0
61   Brazil 2020-02-28     1071            1105       1139                56                 1                  0        0         0
62   Brazil 2020-02-29     1149            1186       1223                60                 2                  0        0         0
63   Brazil 2020-03-01     1233            1272       1311                64                 2                  0        0         0
64   Brazil 2020-03-02     1323            1365       1407                69                 2                  0        0         0
65   Brazil 2020-03-03     1419            1464       1509                74                 2                  0        0         0
66   Brazil 2020-03-04     1522            1571       1620                79                 3                  0        0         0
67   Brazil 2020-03-05     1634            1686       1738                85                 8                  0        0         0
68   Brazil 2020-03-06     1752            1808       1864                91                13                  0        0         0
69   Brazil 2020-03-07     1880            1940       2000                98                13                  0        0         0
70   Brazil 2020-03-08     2018            2082       2146               105                25                  0        0         0
71   Brazil 2020-03-09     2164            2233       2302               113                25                  0        0         0
72   Brazil 2020-03-10     2322            2396       2470               121                34                  0        0         0
73   Brazil 2020-03-11     2491            2571       2651               130                52                  0        0         0
74   Brazil 2020-03-12     2673            2758       2843               139                77                  0        0         0
75   Brazil 2020-03-13     2867            2959       3051               149                98                  0        0         0
76   Brazil 2020-03-14     3076            3174       3272               160               121                  0        0         0
77   Brazil 2020-03-15     3300            3405       3510               172               200                  0        0         0
78   Brazil 2020-03-16     3540            3653       3766               184               234                  1        0         0
79   Brazil 2020-03-17     3798            3919       4040               198               291                  4        0         0
80   Brazil 2020-03-18     4074            4204       4334               212               428                  6        0         0
81   Brazil 2020-03-19     4370            4510       4650               228               621                 11        0         0
82   Brazil 2020-03-20     4688            4838       4988               244               904                 18        0         0
83   Brazil 2020-03-21     5029            5190       5351               262              1128                 25        0         0
84   Brazil 2020-03-22     5395            5567       5739               281              1546                 34        0         0
85   Brazil 2020-03-23     5787            5972       6157               302              1891                 46        0         0
86   Brazil 2020-03-24     6208            6406       6604               323              2201                 57        0         0
87   Brazil 2020-03-25     6658            6871       7084               347              2433                 77        0         0
88   Brazil 2020-03-26     7142            7370       7598               372              2915                 92        0         0
89   Brazil 2020-03-27     7660            7905       8150               399              3417                114        0         0
90   Brazil 2020-03-28     8217            8479       8741               428              3904                136        0         0
91   Brazil 2020-03-29     8813            9094       9375               459              4256                159        0         0
92   Brazil 2020-03-30     9451            9753      10055               492              4579                201        0         0
93   Brazil 2020-03-31    10136           10460      10784               528              5717                241        0         0
94   Brazil 2020-04-01    10871           11218      11565               566              6836                299        0         0
95   Brazil 2020-04-02    11658           12030      12402               607              7910                359        0         0
96   Brazil 2020-04-03    12501           12900      13299               651              9056                432        0         0
97   Brazil 2020-04-04    13405           13833      14261               698             10278                486        0         0
98   Brazil 2020-04-05    14373           14832      15291               749             11130                553        0         0
99   Brazil 2020-04-06    15411           15903      16395               803             12056                667        0         0
100  Brazil 2020-04-07    16523           17051      17579               861             13717                800        0         0
101  Brazil 2020-04-08    17714           18280      18846               923             15927                941        0         0
102  Brazil 2020-04-09    18991           19597      20203               989             17857               1056        0         0
103  Brazil 2020-04-10    20357           21007      21657              1061             19638               1124        0         0
104  Brazil 2020-04-11    21820           22517      23214              1137             20727               1223        0         0
105  Brazil 2020-04-12    23387           24134      24881              1219             22169               1328        0         0
106  Brazil 2020-04-13    25066           25866      26666              1306             23430               1532        0         0
107  Brazil 2020-04-14    26861           27719      28577              1400             25262               1736        0         0
108  Brazil 2020-04-15    28783           29702      30621              1500             28320               1924        0         0
109  Brazil 2020-04-16    30839           31824      32809              1607             30425               2141        0         0
110  Brazil 2020-04-17    33039           34094      35149              1721             33682               2347        0         0
111  Brazil 2020-04-18    35392           36522      37652              1844             36599               2462        0         0
112  Brazil 2020-04-19    37909           39119      40329              1975             38654               2575        0         0
113  Brazil 2020-04-20    40599           41895      43191              2115             40581               2741        0         0
114  Brazil 2020-04-21    43474           44862      46250              2265             43079               2906        0         0
115  Brazil 2020-04-22    46546           48032      49518              2425             45757               3313        0         0
116  Brazil 2020-04-23    49828           51419      53010              2596             49492               3670        0         0
117  Brazil 2020-04-24    53332           55035      56738              2779             52995               4016        0         0
118  Brazil 2020-04-25    57074           58896      60718              2974             58509               4205        0         0
119  Brazil 2020-04-26    61066           63016      64966              3182             61888               4543        0         0
120  Brazil 2020-04-27    65325           67411      69497              3404             66501               5017        0         0
121  Brazil 2020-04-28    69866           72097      74328              3640             71886               5466        0         0
122  Brazil 2020-04-29    74706           77091      79476              3892             78162               5901        0         0
123  Brazil 2020-04-30    79862           82412      84962              4161             85380               6329        0         0
124  Brazil 2020-05-01    85353           88078      90803              4447             91589               6750        0         0
125  Brazil 2020-05-02    91196           94108      97020              4751             96559               7025        0         0
126  Brazil 2020-05-03    97412          100522     103632              5075            101147               7321        0         0
127  Brazil 2020-05-04   104019          107340     110661              5419            107780               7921        0         0
128  Brazil 2020-05-05   111038          114583     118128              5785            114715               8536        0         0
129  Brazil 2020-05-06   118490          122273     126056              6173            125218               9146        0         0
130  Brazil 2020-05-07   126396          130431     134466              6585            135106               9897        0         0
131  Brazil 2020-05-08   134777          139080     143383              7022            145328              10627        0         0
132  Brazil 2020-05-09   143654          148240     152826              7485            155939              11123        0         0
133  Brazil 2020-05-10   153050          157936     162822              7974            162699              11519        0         0
134  Brazil 2020-05-11   162984          168188     173392              8492            168331              12400        0         0
135  Brazil 2020-05-12   173479          179018     184557              9038            177589              13149        0         0
136  Brazil 2020-05-13   184555          190447     196339              9615            188974              13993        0         0
137  Brazil 2020-05-14   196231          202496     208761             10224            202918              14817        0         0
138  Brazil 2020-05-15   208526          215184     221842             10864            218223              15633        0         0
139  Brazil 2020-05-16   221459          228530     235601             11538            233142              16118        0         0
140  Brazil 2020-05-17   235046          242550     250054             12246            241080              16792        0         0
141  Brazil 2020-05-18   249299          257258     265217             12989            254220              17971        0         0
142  Brazil 2020-05-19   264233          272669     281105             13767            271628              18859        0         0
143  Brazil 2020-05-20   279858          288793     297728             14581            291579              20047        0         0
144  Brazil 2020-05-21   296181          305637     315093             15431            310087              21048        0         0
145  Brazil 2020-05-22   313206          323206     333206             16318            330890              22013        0         0
146  Brazil 2020-05-23   330935          341501     352067             17242            347398              22666        0         0
147  Brazil 2020-05-24   349367          360521     371675             18202            363211              23473        0         0
148  Brazil 2020-05-25   368494          380259     392024             19199            374898              24512        0         0
149  Brazil 2020-05-26   388307          400705     413103             20231            391222              25598        0         0
150  Brazil 2020-05-27   408793          421845     434897             21299            411821              26754        0         0
151  Brazil 2020-05-28   429932          443659     457386             22400            438238              27878        0         0
152  Brazil 2020-05-29   451701          466123     480545             23534            465166              28834        0         0
153  Brazil 2020-05-30   474073          489209     504345             24700            498440              29314        0         0
154  Brazil 2020-05-31   497016          512884     528752             25895            514849              29937        0         0
155  Brazil 2020-06-01   520491          537109     553727             27118            526447              31199        0         0
156  Brazil 2020-06-02   544458          561841     579224             28367            555383              32548        0         0
157  Brazil 2020-06-03   568871          587034     605197             29639            584016              34021        0         0
158  Brazil 2020-06-04   593682          612637     631592             30931            614932              35026        0         0
159  Brazil 2020-06-05   618836          638594     658352             32242            645762              35930        0         0
160  Brazil 2020-06-06   644278          664848     685418             33568            672837              36455        0         0
161  Brazil 2020-06-07   669947          691337     712727             34905            691758              37134        0         0
162  Brazil 2020-06-08   695783          717998     740213             36251            707412              38406        0         0
163  Brazil 2020-06-09   721723          744766     767809             37603            739503              39680        0         0
164  Brazil 2020-06-10   747703          771575     795447             38956            772416              40919        0         0
165  Brazil 2020-06-11   773659          798360     823061             40308            802828              41901        0         0
166  Brazil 2020-06-12   799526          825053     850580             41656            829902              41901        0         0
167  Brazil 2020-06-13   825241          851589     877937             42996                NA                 NA        0         0
168  Brazil 2020-06-14   850742          877904     905066             44325                NA                 NA        0         0
169  Brazil 2020-06-15   875971          903938     931905             45639                NA                 NA        0         0
170  Brazil 2020-06-16   900869          929631     958393             46936                NA                 NA        0         0
171  Brazil 2020-06-17   925382          954927     984472             48213                NA                 NA        0         0
172  Brazil 2020-06-18   949461          979775    1010089             49468                NA                 NA        0         0
173  Brazil 2020-06-19   973059         1004126    1035193             50697                NA                 NA        0         0

Fontes:
	OMS - https://ourworldindata.org/coronavirus-source-data
	Worldometers - https://www.worldometers.info/coronavirus