
 Brazil 
Projecao:  10  dias
Gerado em:  2020-09-22 19:41:49
RMSE(%):  4.8 , BIAS(%): 1.49

Taxa de Mortalidade 3.01 %

    country       dias otimista casos_estimados pessimista estimativa_mortes casos_confirmados mortes_confirmadas latitude longitude
259  Brazil 2020-09-13  4097596         4302711    4507826            129419           4330455             132006        0         0
260  Brazil 2020-09-14  4119717         4325939    4532161            130117           4345610             133119        0         0
261  Brazil 2020-09-15  4141256         4348556    4555856            130798           4382263             134106        0         0
262  Brazil 2020-09-16  4162221         4370571    4578921            131460           4419083             134935        0         0
263  Brazil 2020-09-17  4182621         4391992    4601363            132104           4455386             135793        0         0
264  Brazil 2020-09-18  4202466         4412830    4623194            132731           4495183             136532        0         0
265  Brazil 2020-09-19  4221763         4433093    4644423            133340           4528240             136895        0         0
266  Brazil 2020-09-20  4240523         4452792    4665061            133933           4544629             137272        0         0
267  Brazil 2020-09-21  4258755         4471937    4685119            134509           4558068             138108        0         0
268  Brazil 2020-09-22  4276469         4490538    4704607            135068           4591604             138108        0         0
269  Brazil 2020-09-23  4293676         4508606    4723536            135612                NA                 NA        0         0
270  Brazil 2020-09-24  4310385         4526151    4741917            136139                NA                 NA        0         0
271  Brazil 2020-09-25  4326606         4543184    4759762            136652                NA                 NA        0         0
272  Brazil 2020-09-26  4342350         4559716    4777082            137149                NA                 NA        0         0
273  Brazil 2020-09-27  4357626         4575757    4793888            137631                NA                 NA        0         0
274  Brazil 2020-09-28  4372446         4591319    4810192            138099                NA                 NA        0         0
275  Brazil 2020-09-29  4386820         4606412    4826004            138553                NA                 NA        0         0
276  Brazil 2020-09-30  4400757         4621047    4841337            138994                NA                 NA        0         0
277  Brazil 2020-10-01  4414270         4635236    4856202            139420                NA                 NA        0         0
278  Brazil 2020-10-02  4427366         4648988    4870610            139834                NA                 NA        0         0

Total de casos no mundo:  31741602 8455136 9682956 7609901 4534579 1427583 30726 721 31741602

Estimados a partir dos dados da OMS:
    day       date       x    xest
1     1 2019-12-30       0    1959
2     2 2019-12-31       0    2034
3     3 2020-01-01       0    2111
4     4 2020-01-02       0    2191
5     5 2020-01-03       0    2274
6     6 2020-01-04       0    2360
7     7 2020-01-05       0    2450
8     8 2020-01-06       0    2543
9     9 2020-01-07       0    2639
10   10 2020-01-08       0    2739
11   11 2020-01-09       0    2843
12   12 2020-01-10       0    2951
13   13 2020-01-11       0    3063
14   14 2020-01-12       0    3179
15   15 2020-01-13       0    3300
16   16 2020-01-14       0    3425
17   17 2020-01-15       0    3555
18   18 2020-01-16       0    3690
19   19 2020-01-17       0    3830
20   20 2020-01-18       0    3975
21   21 2020-01-19       0    4126
22   22 2020-01-20       0    4283
23   23 2020-01-21       0    4445
24   24 2020-01-22       0    4614
25   25 2020-01-23       0    4789
26   26 2020-01-24       0    4970
27   27 2020-01-25       0    5159
28   28 2020-01-26       0    5354
29   29 2020-01-27       0    5557
30   30 2020-01-28       0    5768
31   31 2020-01-29       0    5987
32   32 2020-01-30       0    6214
33   33 2020-01-31       0    6449
34   34 2020-02-01       0    6694
35   35 2020-02-02       0    6948
36   36 2020-02-03       0    7211
37   37 2020-02-04       0    7484
38   38 2020-02-05       0    7768
39   39 2020-02-06       0    8062
40   40 2020-02-07       0    8368
41   41 2020-02-08       0    8685
42   42 2020-02-09       0    9014
43   43 2020-02-10       0    9356
44   44 2020-02-11       0    9710
45   45 2020-02-12       0   10078
46   46 2020-02-13       0   10460
47   47 2020-02-14       0   10856
48   48 2020-02-15       0   11267
49   49 2020-02-16       0   11694
50   50 2020-02-17       0   12137
51   51 2020-02-18       0   12596
52   52 2020-02-19       0   13073
53   53 2020-02-20       0   13568
54   54 2020-02-21       0   14082
55   55 2020-02-22       0   14615
56   56 2020-02-23       0   15168
57   57 2020-02-24       0   15742
58   58 2020-02-25       1   16337
59   59 2020-02-26       1   16955
60   60 2020-02-27       1   17597
61   61 2020-02-28       1   18262
62   62 2020-02-29       2   18953
63   63 2020-03-01       2   19670
64   64 2020-03-02       2   20413
65   65 2020-03-03       2   21185
66   66 2020-03-04       3   21986
67   67 2020-03-05       8   22817
68   68 2020-03-06      13   23679
69   69 2020-03-07      13   24573
70   70 2020-03-08      25   25501
71   71 2020-03-09      25   26464
72   72 2020-03-10      34   27463
73   73 2020-03-11      52   28500
74   74 2020-03-12      77   29575
75   75 2020-03-13      98   30691
76   76 2020-03-14     121   31849
77   77 2020-03-15     200   33050
78   78 2020-03-16     234   34296
79   79 2020-03-17     291   35589
80   80 2020-03-18     428   36930
81   81 2020-03-19     621   38321
82   82 2020-03-20     904   39765
83   83 2020-03-21    1128   41262
84   84 2020-03-22    1546   42815
85   85 2020-03-23    1891   44426
86   86 2020-03-24    2201   46097
87   87 2020-03-25    2433   47830
88   88 2020-03-26    2915   49628
89   89 2020-03-27    3417   51492
90   90 2020-03-28    3904   53426
91   91 2020-03-29    4256   55432
92   92 2020-03-30    4579   57513
93   93 2020-03-31    5717   59670
94   94 2020-04-01    6836   61907
95   95 2020-04-02    7910   64227
96   96 2020-04-03    9056   66633
97   97 2020-04-04   10278   69128
98   98 2020-04-05   11130   71715
99   99 2020-04-06   12056   74397
100 100 2020-04-07   13717   77178
101 101 2020-04-08   15927   80061
102 102 2020-04-09   17857   83050
103 103 2020-04-10   19638   86149
104 104 2020-04-11   20727   89361
105 105 2020-04-12   22169   92691
106 106 2020-04-13   23430   96143
107 107 2020-04-14   25262   99720
108 108 2020-04-15   28320  103428
109 109 2020-04-16   30425  107271
110 110 2020-04-17   33682  111253
111 111 2020-04-18   36599  115380
112 112 2020-04-19   38654  119656
113 113 2020-04-20   40581  124086
114 114 2020-04-21   43079  128677
115 115 2020-04-22   45757  133432
116 116 2020-04-23   49492  138358
117 117 2020-04-24   52995  143461
118 118 2020-04-25   58509  148746
119 119 2020-04-26   61888  154220
120 120 2020-04-27   66501  159889
121 121 2020-04-28   71886  165759
122 122 2020-04-29   78162  171837
123 123 2020-04-30   85380  178129
124 124 2020-05-01   91589  184644
125 125 2020-05-02   96559  191387
126 126 2020-05-03  101147  198366
127 127 2020-05-04  107780  205590
128 128 2020-05-05  114715  213064
129 129 2020-05-06  125218  220798
130 130 2020-05-07  135106  228800
131 131 2020-05-08  145328  237077
132 132 2020-05-09  155939  245638
133 133 2020-05-10  162699  254492
134 134 2020-05-11  168331  263648
135 135 2020-05-12  177589  273114
136 136 2020-05-13  188974  282900
137 137 2020-05-14  202918  293015
138 138 2020-05-15  218223  303469
139 139 2020-05-16  233142  314271
140 140 2020-05-17  241080  325431
141 141 2020-05-18  254220  336959
142 142 2020-05-19  271628  348866
143 143 2020-05-20  291579  361161
144 144 2020-05-21  310087  373854
145 145 2020-05-22  330890  386957
146 146 2020-05-23  347398  400480
147 147 2020-05-24  363211  414433
148 148 2020-05-25  374898  428827
149 149 2020-05-26  391222  443674
150 150 2020-05-27  411821  458983
151 151 2020-05-28  438238  474766
152 152 2020-05-29  465166  491034
153 153 2020-05-30  498440  507797
154 154 2020-05-31  514849  525067
155 155 2020-06-01  526447  542853
156 156 2020-06-02  555383  561167
157 157 2020-06-03  584016  580020
158 158 2020-06-04  614932  599421
159 159 2020-06-05  645762  619380
160 160 2020-06-06  672837  639909
161 161 2020-06-07  691758  661017
162 162 2020-06-08  707412  682713
163 163 2020-06-09  739503  705006
164 164 2020-06-10  772416  727906
165 165 2020-06-11  802828  751420
166 166 2020-06-12  828810  775558
167 167 2020-06-13  850514  800327
168 168 2020-06-14  867624  825734
169 169 2020-06-15  888271  851785
170 170 2020-06-16  923189  878487
171 171 2020-06-17  955377  905845
172 172 2020-06-18  978142  933864
173 173 2020-06-19 1032913  962548
174 174 2020-06-20 1067579  991900
175 175 2020-06-21 1085038 1021924
176 176 2020-06-22 1106470 1052620
177 177 2020-06-23 1145906 1083989
178 178 2020-06-24 1188631 1116032
179 179 2020-06-25 1228114 1148748
180 180 2020-06-26 1274974 1182133
181 181 2020-06-27 1313667 1216186
182 182 2020-06-28 1344143 1250902
183 183 2020-06-29 1368195 1286276
184 184 2020-06-30 1402041 1322301
185 185 2020-07-01 1448753 1358971
186 186 2020-07-02 1496858 1396276
187 187 2020-07-03 1539081 1434206
188 188 2020-07-04 1577004 1472750
189 189 2020-07-05 1603055 1511896
190 190 2020-07-06 1623284 1551631
191 191 2020-07-07 1668589 1591939
192 192 2020-07-08 1713160 1632805
193 193 2020-07-09 1755779 1674210
194 194 2020-07-10 1800827 1716138
195 195 2020-07-11 1839850 1758567
196 196 2020-07-12 1864681 1801477
197 197 2020-07-13 1884967 1844846
198 198 2020-07-14 1926824 1888651
199 199 2020-07-15 1966748 1932868
200 200 2020-07-16 2012151 1977470
201 201 2020-07-17 2046328 2022433
202 202 2020-07-18 2074860 2067729
203 203 2020-07-19 2098389 2113329
204 204 2020-07-20 2118646 2159205
205 205 2020-07-21 2159654 2205327
206 206 2020-07-22 2227514 2251666
207 207 2020-07-23 2287475 2298189
208 208 2020-07-24 2343366 2344867
209 209 2020-07-25 2394513 2391666
210 210 2020-07-26 2419091 2438555
211 211 2020-07-27 2442375 2485502
212 212 2020-07-28 2483191 2532474
213 213 2020-07-29 2552265 2579438
214 214 2020-07-30 2610102 2626362
215 215 2020-07-31 2662485 2673213
216 216 2020-08-01 2707877 2719960
217 217 2020-08-02 2733677 2766570
218 218 2020-08-03 2750318 2813011
219 219 2020-08-04 2801921 2859253
220 220 2020-08-05 2859073 2905265
221 221 2020-08-06 2912212 2951016
222 222 2020-08-07 2962442 2996479
223 223 2020-08-08 3012412 3041623
224 224 2020-08-09 3035422 3086422
225 225 2020-08-10 3057470 3130849
226 226 2020-08-11 3109630 3174877
227 227 2020-08-12 3164785 3218483
228 228 2020-08-13 3224876 3261641
229 229 2020-08-14 3275520 3304331
230 230 2020-08-15 3317096 3346530
231 231 2020-08-16 3340197 3388217
232 232 2020-08-17 3359570 3429374
233 233 2020-08-18 3407354 3469983
234 234 2020-08-19 3456652 3510027
235 235 2020-08-20 3501975 3549490
236 236 2020-08-21 3532330 3588359
237 237 2020-08-22 3582362 3626619
238 238 2020-08-23 3605783 3664260
239 239 2020-08-24 3622861 3701271
240 240 2020-08-25 3669995 3737643
241 241 2020-08-26 3717156 3773366
242 242 2020-08-27 3761391 3808435
243 243 2020-08-28 3804803 3842844
244 244 2020-08-29 3846153 3876588
245 245 2020-08-30 3862311 3909662
246 246 2020-08-31 3908272 3942065
247 247 2020-09-01 3950931 3973796
248 248 2020-09-02 3997865 4004853
249 249 2020-09-03 4041638 4035236
250 250 2020-09-04 4092832 4064948
251 251 2020-09-05 4123000 4093989
252 252 2020-09-06 4137521 4122364
253 253 2020-09-07 4147794 4150076
254 254 2020-09-08 4162073 4177129
255 255 2020-09-09 4197889 4203528
256 256 2020-09-10 4238446 4229279
257 257 2020-09-11 4282164 4254388
258 258 2020-09-12 4315687 4278863
259 259 2020-09-13 4330455 4302711
260 260 2020-09-14 4345610 4325939
261 261 2020-09-15 4382263 4348556
262 262 2020-09-16 4419083 4370571
263 263 2020-09-17 4455386 4391992
264 264 2020-09-18 4495183 4412830
265 265 2020-09-19 4528240 4433093
266 266 2020-09-20 4544629 4452792
267 267 2020-09-21 4558068 4471937
268 268 2020-09-22 4591604 4490538

Intervalo de Confianca
              2.5%         97.5%
Asym 4981205.79011 5107725.93109
xmid     210.86887     212.69760
scal      26.38209      27.30604


Formula: x ~ SSlogis(day, Asym, xmid, scal)

Parameters:
         Estimate   Std. Error t value            Pr(>|t|)    
Asym 5043135.2713   32156.1102   156.8 <0.0000000000000002 ***
xmid     211.7678       0.4613   459.0 <0.0000000000000002 ***
scal      26.8399       0.2439   110.0 <0.0000000000000002 ***
---
Signif. codes:  0 ‘***’ 0.001 ‘**’ 0.01 ‘*’ 0.05 ‘.’ 0.1 ‘ ’ 1

Residual standard error: 53140 on 265 degrees of freedom

Number of iterations to convergence: 7 
Achieved convergence tolerance: 0.0000000149


Brazil: o primeiro caso foi registrado em 25/02/2020 na data 22/09/2020 temos 210 dias desde o primeiro caso. A data de pico prevista pelo modelo logístico é 24/09/2020 (dia 212 desde os primeiros casos relatados).
Em 24/09/2020 o modelo estima 5043135+/-32156 casos. De acordo com o modelo ajustado temos 2 de infecçao pela frente.

Todos os dados gerados
    country       dias otimista casos_estimados pessimista estimativa_mortes casos_confirmados mortes_confirmadas latitude longitude
1    Brazil 2019-12-30     1866            1959       2052                59                 0                  0        0         0
2    Brazil 2019-12-31     1937            2034       2131                61                 0                  0        0         0
3    Brazil 2020-01-01     2010            2111       2212                63                 0                  0        0         0
4    Brazil 2020-01-02     2087            2191       2295                66                 0                  0        0         0
5    Brazil 2020-01-03     2166            2274       2382                68                 0                  0        0         0
6    Brazil 2020-01-04     2247            2360       2473                71                 0                  0        0         0
7    Brazil 2020-01-05     2333            2450       2567                74                 0                  0        0         0
8    Brazil 2020-01-06     2422            2543       2664                76                 0                  0        0         0
9    Brazil 2020-01-07     2513            2639       2765                79                 0                  0        0         0
10   Brazil 2020-01-08     2608            2739       2870                82                 0                  0        0         0
11   Brazil 2020-01-09     2707            2843       2979                86                 0                  0        0         0
12   Brazil 2020-01-10     2810            2951       3092                89                 0                  0        0         0
13   Brazil 2020-01-11     2917            3063       3209                92                 0                  0        0         0
14   Brazil 2020-01-12     3027            3179       3331                96                 0                  0        0         0
15   Brazil 2020-01-13     3143            3300       3457                99                 0                  0        0         0
16   Brazil 2020-01-14     3262            3425       3588               103                 0                  0        0         0
17   Brazil 2020-01-15     3386            3555       3724               107                 0                  0        0         0
18   Brazil 2020-01-16     3514            3690       3866               111                 0                  0        0         0
19   Brazil 2020-01-17     3647            3830       4013               115                 0                  0        0         0
20   Brazil 2020-01-18     3786            3975       4164               120                 0                  0        0         0
21   Brazil 2020-01-19     3929            4126       4323               124                 0                  0        0         0
22   Brazil 2020-01-20     4079            4283       4487               129                 0                  0        0         0
23   Brazil 2020-01-21     4233            4445       4657               134                 0                  0        0         0
24   Brazil 2020-01-22     4394            4614       4834               139                 0                  0        0         0
25   Brazil 2020-01-23     4561            4789       5017               144                 0                  0        0         0
26   Brazil 2020-01-24     4733            4970       5207               149                 0                  0        0         0
27   Brazil 2020-01-25     4913            5159       5405               155                 0                  0        0         0
28   Brazil 2020-01-26     5099            5354       5609               161                 0                  0        0         0
29   Brazil 2020-01-27     5292            5557       5822               167                 0                  0        0         0
30   Brazil 2020-01-28     5493            5768       6043               173                 0                  0        0         0
31   Brazil 2020-01-29     5702            5987       6272               180                 0                  0        0         0
32   Brazil 2020-01-30     5918            6214       6510               187                 0                  0        0         0
33   Brazil 2020-01-31     6142            6449       6756               194                 0                  0        0         0
34   Brazil 2020-02-01     6375            6694       7013               201                 0                  0        0         0
35   Brazil 2020-02-02     6617            6948       7279               209                 0                  0        0         0
36   Brazil 2020-02-03     6867            7211       7555               217                 0                  0        0         0
37   Brazil 2020-02-04     7127            7484       7841               225                 0                  0        0         0
38   Brazil 2020-02-05     7398            7768       8138               234                 0                  0        0         0
39   Brazil 2020-02-06     7678            8062       8446               242                 0                  0        0         0
40   Brazil 2020-02-07     7969            8368       8767               252                 0                  0        0         0
41   Brazil 2020-02-08     8271            8685       9099               261                 0                  0        0         0
42   Brazil 2020-02-09     8584            9014       9444               271                 0                  0        0         0
43   Brazil 2020-02-10     8910            9356       9802               281                 0                  0        0         0
44   Brazil 2020-02-11     9247            9710      10173               292                 0                  0        0         0
45   Brazil 2020-02-12     9598           10078      10558               303                 0                  0        0         0
46   Brazil 2020-02-13     9961           10460      10959               315                 0                  0        0         0
47   Brazil 2020-02-14    10338           10856      11374               327                 0                  0        0         0
48   Brazil 2020-02-15    10730           11267      11804               339                 0                  0        0         0
49   Brazil 2020-02-16    11137           11694      12251               352                 0                  0        0         0
50   Brazil 2020-02-17    11558           12137      12716               365                 0                  0        0         0
51   Brazil 2020-02-18    11996           12596      13196               379                 0                  0        0         0
52   Brazil 2020-02-19    12450           13073      13696               393                 0                  0        0         0
53   Brazil 2020-02-20    12921           13568      14215               408                 0                  0        0         0
54   Brazil 2020-02-21    13411           14082      14753               424                 0                  0        0         0
55   Brazil 2020-02-22    13918           14615      15312               440                 0                  0        0         0
56   Brazil 2020-02-23    14445           15168      15891               456                 0                  0        0         0
57   Brazil 2020-02-24    14992           15742      16492               473                 0                  0        0         0
58   Brazil 2020-02-25    15558           16337      17116               491                 1                  0        0         0
59   Brazil 2020-02-26    16147           16955      17763               510                 1                  0        0         0
60   Brazil 2020-02-27    16758           17597      18436               529                 1                  0        0         0
61   Brazil 2020-02-28    17391           18262      19133               549                 1                  0        0         0
62   Brazil 2020-02-29    18049           18953      19857               570                 2                  0        0         0
63   Brazil 2020-03-01    18732           19670      20608               592                 2                  0        0         0
64   Brazil 2020-03-02    19440           20413      21386               614                 2                  0        0         0
65   Brazil 2020-03-03    20175           21185      22195               637                 2                  0        0         0
66   Brazil 2020-03-04    20938           21986      23034               661                 3                  0        0         0
67   Brazil 2020-03-05    21729           22817      23905               686                 8                  0        0         0
68   Brazil 2020-03-06    22550           23679      24808               712                13                  0        0         0
69   Brazil 2020-03-07    23402           24573      25744               739                13                  0        0         0
70   Brazil 2020-03-08    24285           25501      26717               767                25                  0        0         0
71   Brazil 2020-03-09    25202           26464      27726               796                25                  0        0         0
72   Brazil 2020-03-10    26154           27463      28772               826                34                  0        0         0
73   Brazil 2020-03-11    27141           28500      29859               857                52                  0        0         0
74   Brazil 2020-03-12    28165           29575      30985               890                77                  0        0         0
75   Brazil 2020-03-13    29228           30691      32154               923                98                  0        0         0
76   Brazil 2020-03-14    30331           31849      33367               958               121                  0        0         0
77   Brazil 2020-03-15    31474           33050      34626               994               200                  0        0         0
78   Brazil 2020-03-16    32661           34296      35931              1032               234                  1        0         0
79   Brazil 2020-03-17    33892           35589      37286              1070               291                  4        0         0
80   Brazil 2020-03-18    35170           36930      38690              1111               428                  6        0         0
81   Brazil 2020-03-19    36494           38321      40148              1153               621                 11        0         0
82   Brazil 2020-03-20    37869           39765      41661              1196               904                 18        0         0
83   Brazil 2020-03-21    39295           41262      43229              1241              1128                 25        0         0
84   Brazil 2020-03-22    40774           42815      44856              1288              1546                 34        0         0
85   Brazil 2020-03-23    42308           44426      46544              1336              1891                 46        0         0
86   Brazil 2020-03-24    43900           46097      48294              1387              2201                 57        0         0
87   Brazil 2020-03-25    45550           47830      50110              1439              2433                 77        0         0
88   Brazil 2020-03-26    47262           49628      51994              1493              2915                 92        0         0
89   Brazil 2020-03-27    49037           51492      53947              1549              3417                114        0         0
90   Brazil 2020-03-28    50879           53426      55973              1607              3904                136        0         0
91   Brazil 2020-03-29    52790           55432      58074              1667              4256                159        0         0
92   Brazil 2020-03-30    54771           57513      60255              1730              4579                201        0         0
93   Brazil 2020-03-31    56825           59670      62515              1795              5717                241        0         0
94   Brazil 2020-04-01    58956           61907      64858              1862              6836                299        0         0
95   Brazil 2020-04-02    61165           64227      67289              1932              7910                359        0         0
96   Brazil 2020-04-03    63457           66633      69809              2004              9056                432        0         0
97   Brazil 2020-04-04    65833           69128      72423              2079             10278                486        0         0
98   Brazil 2020-04-05    68296           71715      75134              2157             11130                553        0         0
99   Brazil 2020-04-06    70850           74397      77944              2238             12056                667        0         0
100  Brazil 2020-04-07    73499           77178      80857              2321             13717                800        0         0
101  Brazil 2020-04-08    76244           80061      83878              2408             15927                941        0         0
102  Brazil 2020-04-09    79091           83050      87009              2498             17857               1056        0         0
103  Brazil 2020-04-10    82042           86149      90256              2591             19638               1124        0         0
104  Brazil 2020-04-11    85101           89361      93621              2688             20727               1223        0         0
105  Brazil 2020-04-12    88272           92691      97110              2788             22169               1328        0         0
106  Brazil 2020-04-13    91560           96143     100726              2892             23430               1532        0         0
107  Brazil 2020-04-14    94966           99720     104474              2999             25262               1736        0         0
108  Brazil 2020-04-15    98497          103428     108359              3111             28320               1924        0         0
109  Brazil 2020-04-16   102157          107271     112385              3227             30425               2141        0         0
110  Brazil 2020-04-17   105949          111253     116557              3346             33682               2347        0         0
111  Brazil 2020-04-18   109880          115380     120880              3470             36599               2462        0         0
112  Brazil 2020-04-19   113952          119656     125360              3599             38654               2575        0         0
113  Brazil 2020-04-20   118171          124086     130001              3732             40581               2741        0         0
114  Brazil 2020-04-21   122543          128677     134811              3870             43079               2906        0         0
115  Brazil 2020-04-22   127071          133432     139793              4013             45757               3313        0         0
116  Brazil 2020-04-23   131762          138358     144954              4162             49492               3670        0         0
117  Brazil 2020-04-24   136622          143461     150300              4315             52995               4016        0         0
118  Brazil 2020-04-25   141655          148746     155837              4474             58509               4205        0         0
119  Brazil 2020-04-26   146868          154220     161572              4639             61888               4543        0         0
120  Brazil 2020-04-27   152267          159889     167511              4809             66501               5017        0         0
121  Brazil 2020-04-28   157857          165759     173661              4986             71886               5466        0         0
122  Brazil 2020-04-29   163645          171837     180029              5169             78162               5901        0         0
123  Brazil 2020-04-30   169637          178129     186621              5358             85380               6329        0         0
124  Brazil 2020-05-01   175842          184644     193446              5554             91589               6750        0         0
125  Brazil 2020-05-02   182263          191387     200511              5757             96559               7025        0         0
126  Brazil 2020-05-03   188910          198366     207822              5967            101147               7321        0         0
127  Brazil 2020-05-04   195789          205590     215391              6184            107780               7921        0         0
128  Brazil 2020-05-05   202907          213064     223221              6409            114715               8536        0         0
129  Brazil 2020-05-06   210272          220798     231324              6641            125218               9146        0         0
130  Brazil 2020-05-07   217893          228800     239707              6882            135106               9897        0         0
131  Brazil 2020-05-08   225775          237077     248379              7131            145328              10627        0         0
132  Brazil 2020-05-09   233928          245638     257348              7388            155939              11123        0         0
133  Brazil 2020-05-10   242360          254492     266624              7655            162699              11519        0         0
134  Brazil 2020-05-11   251080          263648     276216              7930            168331              12400        0         0
135  Brazil 2020-05-12   260094          273114     286134              8215            177589              13149        0         0
136  Brazil 2020-05-13   269414          282900     296386              8509            188974              13993        0         0
137  Brazil 2020-05-14   279047          293015     306983              8813            202918              14817        0         0
138  Brazil 2020-05-15   289002          303469     317936              9128            218223              15633        0         0
139  Brazil 2020-05-16   299289          314271     329253              9453            233142              16118        0         0
140  Brazil 2020-05-17   309917          325431     340945              9788            241080              16792        0         0
141  Brazil 2020-05-18   320896          336959     353022             10135            254220              17971        0         0
142  Brazil 2020-05-19   332235          348866     365497             10493            271628              18859        0         0
143  Brazil 2020-05-20   343944          361161     378378             10863            291579              20047        0         0
144  Brazil 2020-05-21   356032          373854     391676             11245            310087              21048        0         0
145  Brazil 2020-05-22   368510          386957     405404             11639            330890              22013        0         0
146  Brazil 2020-05-23   381389          400480     419571             12046            347398              22666        0         0
147  Brazil 2020-05-24   394677          414433     434189             12465            363211              23473        0         0
148  Brazil 2020-05-25   408384          428827     449270             12898            374898              24512        0         0
149  Brazil 2020-05-26   422524          443674     464824             13345            391222              25598        0         0
150  Brazil 2020-05-27   437103          458983     480863             13805            411821              26754        0         0
151  Brazil 2020-05-28   452133          474766     497399             14280            438238              27878        0         0
152  Brazil 2020-05-29   467626          491034     514442             14770            465166              28834        0         0
153  Brazil 2020-05-30   483590          507797     532004             15274            498440              29314        0         0
154  Brazil 2020-05-31   500037          525067     550097             15793            514849              29937        0         0
155  Brazil 2020-06-01   516975          542853     568731             16328            526447              31199        0         0
156  Brazil 2020-06-02   534416          561167     587918             16879            555383              32548        0         0
157  Brazil 2020-06-03   552370          580020     607670             17446            584016              34021        0         0
158  Brazil 2020-06-04   570846          599421     627996             18030            614932              35026        0         0
159  Brazil 2020-06-05   589854          619380     648906             18630            645762              35930        0         0
160  Brazil 2020-06-06   609404          639909     670414             19247            672837              36455        0         0
161  Brazil 2020-06-07   629506          661017     692528             19882            691758              37134        0         0
162  Brazil 2020-06-08   650167          682713     715259             20535            707412              38406        0         0
163  Brazil 2020-06-09   671398          705006     738614             21205            739503              39680        0         0
164  Brazil 2020-06-10   693206          727906     762606             21894            772416              40919        0         0
165  Brazil 2020-06-11   715599          751420     787241             22601            802828              41828        0         0
166  Brazil 2020-06-12   738586          775558     812530             23328            828810              42720        0         0
167  Brazil 2020-06-13   762175          800327     838479             24073            850514              43332        0         0
168  Brazil 2020-06-14   786370          825734     865098             24837            867624              43959        0         0
169  Brazil 2020-06-15   811180          851785     892390             25620            888271              45241        0         0
170  Brazil 2020-06-16   836609          878487     920365             26423            923189              46510        0         0
171  Brazil 2020-06-17   862662          905845     949028             27246            955377              47748        0         0
172  Brazil 2020-06-18   889346          933864     978382             28089            978142              48954        0         0
173  Brazil 2020-06-19   916662          962548    1008434             28952           1032913              49976        0         0
174  Brazil 2020-06-20   944615          991900    1039185             29835           1067579              50617        0         0
175  Brazil 2020-06-21   973208         1021924    1070640             30738           1085038              51271        0         0
176  Brazil 2020-06-22  1002441         1052620    1102799             31661           1106470              52645        0         0
177  Brazil 2020-06-23  1032314         1083989    1135664             32605           1145906              53830        0         0
178  Brazil 2020-06-24  1062830         1116032    1169234             33568           1188631              54971        0         0
179  Brazil 2020-06-25  1093986         1148748    1203510             34552           1228114              55961        0         0
180  Brazil 2020-06-26  1125780         1182133    1238486             35557           1274974              57070        0         0
181  Brazil 2020-06-27  1158209         1216186    1274163             36581           1313667              57622        0         0
182  Brazil 2020-06-28  1191270         1250902    1310534             37625           1344143              58314        0         0
183  Brazil 2020-06-29  1224958         1286276    1347594             38689           1368195              59594        0         0
184  Brazil 2020-06-30  1259266         1322301    1385336             39773           1402041              60632        0         0
185  Brazil 2020-07-01  1294187         1358971    1423755             40876           1448753              61884        0         0
186  Brazil 2020-07-02  1329714         1396276    1462838             41998           1496858              63174        0         0
187  Brazil 2020-07-03  1365836         1434206    1502576             43139           1539081              64265        0         0
188  Brazil 2020-07-04  1402543         1472750    1542957             44298           1577004              64867        0         0
189  Brazil 2020-07-05  1439822         1511896    1583970             45475           1603055              65487        0         0
190  Brazil 2020-07-06  1477663         1551631    1625599             46671           1623284              66741        0         0
191  Brazil 2020-07-07  1516050         1591939    1667828             47883           1668589              67964        0         0
192  Brazil 2020-07-08  1554968         1632805    1710642             49112           1713160              69184        0         0
193  Brazil 2020-07-09  1594399         1674210    1754021             50358           1755779              70398        0         0
194  Brazil 2020-07-10  1634328         1716138    1797948             51619           1800827              71469        0         0
195  Brazil 2020-07-11  1674734         1758567    1842400             52895           1839850              72100        0         0
196  Brazil 2020-07-12  1715599         1801477    1887355             54186           1864681              72833        0         0
197  Brazil 2020-07-13  1756900         1844846    1932792             55490           1884967              74133        0         0
198  Brazil 2020-07-14  1798617         1888651    1978685             56808           1926824              75366        0         0
199  Brazil 2020-07-15  1840726         1932868    2025010             58138           1966748              76688        0         0
200  Brazil 2020-07-16  1883202         1977470    2071738             59479           2012151              77851        0         0
201  Brazil 2020-07-17  1926022         2022433    2118844             60832           2046328              78772        0         0
202  Brazil 2020-07-18  1969158         2067729    2166300             62194           2074860              79488        0         0
203  Brazil 2020-07-19  2012584         2113329    2214074             63566           2098389              80120        0         0
204  Brazil 2020-07-20  2056274         2159205    2262136             64945           2118646              81487        0         0
205  Brazil 2020-07-21  2100197         2205327    2310457             66333           2159654              82771        0         0
206  Brazil 2020-07-22  2144327         2251666    2359005             67726           2227514              84082        0         0
207  Brazil 2020-07-23  2188632         2298189    2407746             69126           2287475              85238        0         0
208  Brazil 2020-07-24  2233085         2344867    2456649             70530           2343366              86449        0         0
209  Brazil 2020-07-25  2277653         2391666    2505679             71937           2394513              87004        0         0
210  Brazil 2020-07-26  2322307         2438555    2554803             73348           2419091              87618        0         0
211  Brazil 2020-07-27  2367016         2485502    2603988             74760           2442375              88539        0         0
212  Brazil 2020-07-28  2411748         2532474    2653200             76173           2483191              90134        0         0
213  Brazil 2020-07-29  2456474         2579438    2702402             77585           2552265              91263        0         0
214  Brazil 2020-07-30  2501161         2626362    2751563             78997           2610102              92475        0         0
215  Brazil 2020-07-31  2545778         2673213    2800648             80406           2662485              93563        0         0
216  Brazil 2020-08-01  2590297         2719960    2849623             81812           2707877              94104        0         0
217  Brazil 2020-08-02  2634685         2766570    2898455             83214           2733677              94665        0         0
218  Brazil 2020-08-03  2678912         2813011    2947110             84611           2750318              95819        0         0
219  Brazil 2020-08-04  2722950         2859253    2995556             86002           2801921              97256        0         0
220  Brazil 2020-08-05  2766768         2905265    3043762             87386           2859073              98493        0         0
221  Brazil 2020-08-06  2810338         2951016    3091694             88762           2912212              99572        0         0
222  Brazil 2020-08-07  2853634         2996479    3139324             90129           2962442             100477        0         0
223  Brazil 2020-08-08  2896626         3041623    3186620             91487           3012412             101049        0         0
224  Brazil 2020-08-09  2939289         3086422    3233555             92835           3035422             101752        0         0
225  Brazil 2020-08-10  2981598         3130849    3280100             94171           3057470             103026        0         0
226  Brazil 2020-08-11  3023527         3174877    3326227             95495           3109630             104201        0         0
227  Brazil 2020-08-12  3065055         3218483    3371911             96807           3164785             105463        0         0
228  Brazil 2020-08-13  3106155         3261641    3417127             98105           3224876             106523        0         0
229  Brazil 2020-08-14  3146810         3304331    3461852             99389           3275520             107232        0         0
230  Brazil 2020-08-15  3186998         3346530    3506062            100658           3317096             107852        0         0
231  Brazil 2020-08-16  3226697         3388217    3549737            101912           3340197             108536        0         0
232  Brazil 2020-08-17  3265892         3429374    3592856            103150           3359570             109888        0         0
233  Brazil 2020-08-18  3304565         3469983    3635401            104371           3407354             111100        0         0
234  Brazil 2020-08-19  3342700         3510027    3677354            105576           3456652             112304        0         0
235  Brazil 2020-08-20  3380282         3549490    3718698            106763           3501975             113358        0         0
236  Brazil 2020-08-21  3417298         3588359    3759420            107932           3532330             114250        0         0
237  Brazil 2020-08-22  3453734         3626619    3799504            109083           3582362             114744        0         0
238  Brazil 2020-08-23  3489581         3664260    3838939            110215           3605783             115309        0         0
239  Brazil 2020-08-24  3524828         3701271    3877714            111328           3622861             116580        0         0
240  Brazil 2020-08-25  3559466         3737643    3915820            112422           3669995             117665        0         0
241  Brazil 2020-08-26  3593486         3773366    3953246            113497           3717156             118649        0         0
242  Brazil 2020-08-27  3626883         3808435    3989987            114552           3761391             119504        0         0
243  Brazil 2020-08-28  3659652         3842844    4026036            115587           3804803             120462        0         0
244  Brazil 2020-08-29  3691787         3876588    4061389            116601           3846153             120828        0         0
245  Brazil 2020-08-30  3723284         3909662    4096040            117596           3862311             121381        0         0
246  Brazil 2020-08-31  3754143         3942065    4129987            118571           3908272             122596        0         0
247  Brazil 2020-09-01  3784361         3973796    4163231            119525           3950931             123780        0         0
248  Brazil 2020-09-02  3813938         4004853    4195768            120459           3997865             124614        0         0
249  Brazil 2020-09-03  3842872         4035236    4227600            121373           4041638             125521        0         0
250  Brazil 2020-09-04  3871168         4064948    4258728            122267           4092832             126203        0         0
251  Brazil 2020-09-05  3898824         4093989    4289154            123141           4123000             126650        0         0
252  Brazil 2020-09-06  3925847         4122364    4318881            123994           4137521             126960        0         0
253  Brazil 2020-09-07  3952238         4150076    4347914            124828           4147794             127464        0         0
254  Brazil 2020-09-08  3978001         4177129    4376257            125641           4162073             128539        0         0
255  Brazil 2020-09-09  4003142         4203528    4403914            126435           4197889             129522        0         0
256  Brazil 2020-09-10  4027665         4229279    4430893            127210           4238446             130396        0         0
257  Brazil 2020-09-11  4051577         4254388    4457199            127965           4282164             131210        0         0
258  Brazil 2020-09-12  4074885         4278863    4482841            128701           4315687             131625        0         0
259  Brazil 2020-09-13  4097596         4302711    4507826            129419           4330455             132006        0         0
260  Brazil 2020-09-14  4119717         4325939    4532161            130117           4345610             133119        0         0
261  Brazil 2020-09-15  4141256         4348556    4555856            130798           4382263             134106        0         0
262  Brazil 2020-09-16  4162221         4370571    4578921            131460           4419083             134935        0         0
263  Brazil 2020-09-17  4182621         4391992    4601363            132104           4455386             135793        0         0
264  Brazil 2020-09-18  4202466         4412830    4623194            132731           4495183             136532        0         0
265  Brazil 2020-09-19  4221763         4433093    4644423            133340           4528240             136895        0         0
266  Brazil 2020-09-20  4240523         4452792    4665061            133933           4544629             137272        0         0
267  Brazil 2020-09-21  4258755         4471937    4685119            134509           4558068             138108        0         0
268  Brazil 2020-09-22  4276469         4490538    4704607            135068           4591604             138108        0         0
269  Brazil 2020-09-23  4293676         4508606    4723536            135612                NA                 NA        0         0
270  Brazil 2020-09-24  4310385         4526151    4741917            136139                NA                 NA        0         0
271  Brazil 2020-09-25  4326606         4543184    4759762            136652                NA                 NA        0         0
272  Brazil 2020-09-26  4342350         4559716    4777082            137149                NA                 NA        0         0
273  Brazil 2020-09-27  4357626         4575757    4793888            137631                NA                 NA        0         0
274  Brazil 2020-09-28  4372446         4591319    4810192            138099                NA                 NA        0         0
275  Brazil 2020-09-29  4386820         4606412    4826004            138553                NA                 NA        0         0
276  Brazil 2020-09-30  4400757         4621047    4841337            138994                NA                 NA        0         0
277  Brazil 2020-10-01  4414270         4635236    4856202            139420                NA                 NA        0         0
278  Brazil 2020-10-02  4427366         4648988    4870610            139834                NA                 NA        0         0

Fontes:
	OMS - https://ourworldindata.org/coronavirus-source-data
	Worldometers - https://www.worldometers.info/coronavirus