
 Brazil 
Projecao:  7  dias
Gerado em:  2020-06-05 20:58:42
RMSE(%):  4 , BIAS(%): 1.06

Taxa de Mortalidade 5.43 %

    country       dias otimista casos_estimados pessimista estimativa_mortes casos_confirmados mortes_confirmadas latitude longitude
147  Brazil 2020-05-24   347031          361372     375713             19615            363211              23473        0         0
148  Brazil 2020-05-25   365931          381053     396175             20683            374898              24512        0         0
149  Brazil 2020-05-26   385479          401409     417339             21788            391222              25598        0         0
150  Brazil 2020-05-27   405660          422424     439188             22928            411821              26754        0         0
151  Brazil 2020-05-28   426448          444071     461694             24103            438238              27878        0         0
152  Brazil 2020-05-29   447817          466324     484831             25311            465166              28834        0         0
153  Brazil 2020-05-30   469738          489150     508562             26550            498440              29314        0         0
154  Brazil 2020-05-31   492170          512509     532848             27818            514849              29937        0         0
155  Brazil 2020-06-01   515075          536361     557647             29113            526447              31199        0         0
156  Brazil 2020-06-02   538408          560658     582908             30431            555383              32548        0         0
157  Brazil 2020-06-03   562120          585350     608580             31772            584016              34021        0         0
158  Brazil 2020-06-04   586158          610382     634606             33130            614941              35033        0         0
159  Brazil 2020-06-05   610468          635696     660924             34504            645438              35033        0         0
160  Brazil 2020-06-06   634990          661232     687474             35890                NA                 NA        0         0
161  Brazil 2020-06-07   659666          686927     714188             37285                NA                 NA        0         0
162  Brazil 2020-06-08   684432          712717     741002             38685                NA                 NA        0         0
163  Brazil 2020-06-09   709226          738536     767846             40086                NA                 NA        0         0
164  Brazil 2020-06-10   733987          764320     794653             41486                NA                 NA        0         0
165  Brazil 2020-06-11   758651          790003     821355             42880                NA                 NA        0         0
166  Brazil 2020-06-12   783155          815520     847885             44265                NA                 NA        0         0

Total de casos no mundo:  6826342 2211525 1071682 2062121 1292123 179309 8861 721 6826342

Estimados a partir dos dados da OMS:
    day       date      x   xest
1     1 2019-12-30      0     15
2     2 2019-12-31      0     16
3     3 2020-01-01      0     17
4     4 2020-01-02      0     18
5     5 2020-01-03      0     19
6     6 2020-01-04      0     21
7     7 2020-01-05      0     22
8     8 2020-01-06      0     24
9     9 2020-01-07      0     26
10   10 2020-01-08      0     28
11   11 2020-01-09      0     30
12   12 2020-01-10      0     32
13   13 2020-01-11      0     34
14   14 2020-01-12      0     37
15   15 2020-01-13      0     39
16   16 2020-01-14      0     42
17   17 2020-01-15      0     45
18   18 2020-01-16      0     49
19   19 2020-01-17      0     52
20   20 2020-01-18      0     56
21   21 2020-01-19      0     60
22   22 2020-01-20      0     65
23   23 2020-01-21      0     70
24   24 2020-01-22      0     75
25   25 2020-01-23      0     80
26   26 2020-01-24      0     86
27   27 2020-01-25      0     93
28   28 2020-01-26      0    100
29   29 2020-01-27      0    107
30   30 2020-01-28      0    115
31   31 2020-01-29      0    123
32   32 2020-01-30      0    132
33   33 2020-01-31      0    142
34   34 2020-02-01      0    153
35   35 2020-02-02      0    164
36   36 2020-02-03      0    176
37   37 2020-02-04      0    189
38   38 2020-02-05      0    203
39   39 2020-02-06      0    218
40   40 2020-02-07      0    234
41   41 2020-02-08      0    251
42   42 2020-02-09      0    270
43   43 2020-02-10      0    290
44   44 2020-02-11      0    311
45   45 2020-02-12      0    334
46   46 2020-02-13      0    359
47   47 2020-02-14      0    386
48   48 2020-02-15      0    414
49   49 2020-02-16      0    445
50   50 2020-02-17      0    478
51   51 2020-02-18      0    513
52   52 2020-02-19      0    551
53   53 2020-02-20      0    591
54   54 2020-02-21      0    635
55   55 2020-02-22      0    682
56   56 2020-02-23      0    732
57   57 2020-02-24      0    786
58   58 2020-02-25      1    845
59   59 2020-02-26      1    907
60   60 2020-02-27      1    974
61   61 2020-02-28      1   1046
62   62 2020-02-29      2   1123
63   63 2020-03-01      2   1206
64   64 2020-03-02      2   1295
65   65 2020-03-03      2   1391
66   66 2020-03-04      3   1493
67   67 2020-03-05      8   1604
68   68 2020-03-06     13   1722
69   69 2020-03-07     13   1849
70   70 2020-03-08     25   1985
71   71 2020-03-09     25   2132
72   72 2020-03-10     34   2289
73   73 2020-03-11     52   2458
74   74 2020-03-12     77   2639
75   75 2020-03-13     98   2834
76   76 2020-03-14    121   3043
77   77 2020-03-15    200   3267
78   78 2020-03-16    234   3508
79   79 2020-03-17    291   3767
80   80 2020-03-18    428   4044
81   81 2020-03-19    621   4342
82   82 2020-03-20    904   4662
83   83 2020-03-21   1128   5006
84   84 2020-03-22   1546   5374
85   85 2020-03-23   1891   5770
86   86 2020-03-24   2201   6194
87   87 2020-03-25   2433   6650
88   88 2020-03-26   2915   7139
89   89 2020-03-27   3417   7664
90   90 2020-03-28   3904   8227
91   91 2020-03-29   4256   8831
92   92 2020-03-30   4579   9479
93   93 2020-03-31   5717  10175
94   94 2020-04-01   6836  10921
95   95 2020-04-02   7910  11721
96   96 2020-04-03   9056  12580
97   97 2020-04-04  10278  13501
98   98 2020-04-05  11130  14489
99   99 2020-04-06  12056  15548
100 100 2020-04-07  13717  16684
101 101 2020-04-08  15927  17901
102 102 2020-04-09  17857  19207
103 103 2020-04-10  19638  20606
104 104 2020-04-11  20727  22105
105 105 2020-04-12  22169  23712
106 106 2020-04-13  23430  25433
107 107 2020-04-14  25262  27277
108 108 2020-04-15  28320  29253
109 109 2020-04-16  30425  31367
110 110 2020-04-17  33682  33632
111 111 2020-04-18  36599  36055
112 112 2020-04-19  38654  38648
113 113 2020-04-20  40581  41423
114 114 2020-04-21  43079  44390
115 115 2020-04-22  45757  47562
116 116 2020-04-23  49492  50953
117 117 2020-04-24  52995  54577
118 118 2020-04-25  58509  58447
119 119 2020-04-26  61888  62580
120 120 2020-04-27  66501  66990
121 121 2020-04-28  71886  71696
122 122 2020-04-29  78162  76713
123 123 2020-04-30  85380  82061
124 124 2020-05-01  91589  87758
125 125 2020-05-02  96559  93823
126 126 2020-05-03 101147 100276
127 127 2020-05-04 107780 107139
128 128 2020-05-05 114715 114430
129 129 2020-05-06 125218 122173
130 130 2020-05-07 135106 130389
131 131 2020-05-08 145328 139099
132 132 2020-05-09 155939 148326
133 133 2020-05-10 162699 158091
134 134 2020-05-11 168331 168415
135 135 2020-05-12 177589 179320
136 136 2020-05-13 188974 190826
137 137 2020-05-14 202918 202952
138 138 2020-05-15 218223 215717
139 139 2020-05-16 233142 229136
140 140 2020-05-17 241080 243226
141 141 2020-05-18 254220 257999
142 142 2020-05-19 271628 273466
143 143 2020-05-20 291579 289634
144 144 2020-05-21 310087 306509
145 145 2020-05-22 330890 324092
146 146 2020-05-23 347398 342382
147 147 2020-05-24 363211 361372
148 148 2020-05-25 374898 381053
149 149 2020-05-26 391222 401409
150 150 2020-05-27 411821 422424
151 151 2020-05-28 438238 444071
152 152 2020-05-29 465166 466324
153 153 2020-05-30 498440 489150
154 154 2020-05-31 514849 512509
155 155 2020-06-01 526447 536361
156 156 2020-06-02 555383 560658
157 157 2020-06-03 584016 585350
158 158 2020-06-04 614941 610382
159 159 2020-06-05 645438 635696

Intervalo de Confianca
              2.5%         97.5%
Asym 1378462.27417 1528534.76811
xmid     161.24829     163.74430
scal      13.80769      14.24938


Formula: x ~ SSlogis(day, Asym, xmid, scal)

Parameters:
         Estimate   Std. Error t value            Pr(>|t|)    
Asym 1448783.9739   38243.1572   37.88 <0.0000000000000002 ***
xmid     162.4522       0.6391  254.21 <0.0000000000000002 ***
scal      14.0264       0.1143  122.75 <0.0000000000000002 ***
---
Signif. codes:  0 ‘***’ 0.001 ‘**’ 0.01 ‘*’ 0.05 ‘.’ 0.1 ‘ ’ 1

Residual standard error: 3007 on 156 degrees of freedom

Number of iterations to convergence: 16 
Achieved convergence tolerance: 0.0000000149


Brazil: o primeiro caso foi registrado em 25/02/2020 na data 05/06/2020 temos 101 dias desde o primeiro caso. A data de pico prevista pelo modelo logístico é 05/08/2020 (dia 162 desde os primeiros casos relatados).
Em 05/08/2020 o modelo estima 1448784+/-38243 casos. De acordo com o modelo ajustado temos 61 de infecçao pela frente.

Todos os dados gerados
    country       dias otimista casos_estimados pessimista estimativa_mortes casos_confirmados mortes_confirmadas latitude longitude
1    Brazil 2019-12-30       14              15         16                 1                 0                  0        0         0
2    Brazil 2019-12-31       15              16         17                 1                 0                  0        0         0
3    Brazil 2020-01-01       16              17         18                 1                 0                  0        0         0
4    Brazil 2020-01-02       17              18         19                 1                 0                  0        0         0
5    Brazil 2020-01-03       18              19         20                 1                 0                  0        0         0
6    Brazil 2020-01-04       20              21         22                 1                 0                  0        0         0
7    Brazil 2020-01-05       21              22         23                 1                 0                  0        0         0
8    Brazil 2020-01-06       23              24         25                 1                 0                  0        0         0
9    Brazil 2020-01-07       25              26         27                 1                 0                  0        0         0
10   Brazil 2020-01-08       27              28         29                 2                 0                  0        0         0
11   Brazil 2020-01-09       29              30         31                 2                 0                  0        0         0
12   Brazil 2020-01-10       31              32         33                 2                 0                  0        0         0
13   Brazil 2020-01-11       33              34         35                 2                 0                  0        0         0
14   Brazil 2020-01-12       36              37         38                 2                 0                  0        0         0
15   Brazil 2020-01-13       37              39         41                 2                 0                  0        0         0
16   Brazil 2020-01-14       40              42         44                 2                 0                  0        0         0
17   Brazil 2020-01-15       43              45         47                 2                 0                  0        0         0
18   Brazil 2020-01-16       47              49         51                 3                 0                  0        0         0
19   Brazil 2020-01-17       50              52         54                 3                 0                  0        0         0
20   Brazil 2020-01-18       54              56         58                 3                 0                  0        0         0
21   Brazil 2020-01-19       58              60         62                 3                 0                  0        0         0
22   Brazil 2020-01-20       62              65         68                 4                 0                  0        0         0
23   Brazil 2020-01-21       67              70         73                 4                 0                  0        0         0
24   Brazil 2020-01-22       72              75         78                 4                 0                  0        0         0
25   Brazil 2020-01-23       77              80         83                 4                 0                  0        0         0
26   Brazil 2020-01-24       83              86         89                 5                 0                  0        0         0
27   Brazil 2020-01-25       89              93         97                 5                 0                  0        0         0
28   Brazil 2020-01-26       96             100        104                 5                 0                  0        0         0
29   Brazil 2020-01-27      103             107        111                 6                 0                  0        0         0
30   Brazil 2020-01-28      110             115        120                 6                 0                  0        0         0
31   Brazil 2020-01-29      118             123        128                 7                 0                  0        0         0
32   Brazil 2020-01-30      127             132        137                 7                 0                  0        0         0
33   Brazil 2020-01-31      136             142        148                 8                 0                  0        0         0
34   Brazil 2020-02-01      147             153        159                 8                 0                  0        0         0
35   Brazil 2020-02-02      157             164        171                 9                 0                  0        0         0
36   Brazil 2020-02-03      169             176        183                10                 0                  0        0         0
37   Brazil 2020-02-04      181             189        197                10                 0                  0        0         0
38   Brazil 2020-02-05      195             203        211                11                 0                  0        0         0
39   Brazil 2020-02-06      209             218        227                12                 0                  0        0         0
40   Brazil 2020-02-07      225             234        243                13                 0                  0        0         0
41   Brazil 2020-02-08      241             251        261                14                 0                  0        0         0
42   Brazil 2020-02-09      259             270        281                15                 0                  0        0         0
43   Brazil 2020-02-10      278             290        302                16                 0                  0        0         0
44   Brazil 2020-02-11      299             311        323                17                 0                  0        0         0
45   Brazil 2020-02-12      321             334        347                18                 0                  0        0         0
46   Brazil 2020-02-13      345             359        373                19                 0                  0        0         0
47   Brazil 2020-02-14      371             386        401                21                 0                  0        0         0
48   Brazil 2020-02-15      398             414        430                22                 0                  0        0         0
49   Brazil 2020-02-16      427             445        463                24                 0                  0        0         0
50   Brazil 2020-02-17      459             478        497                26                 0                  0        0         0
51   Brazil 2020-02-18      493             513        533                28                 0                  0        0         0
52   Brazil 2020-02-19      529             551        573                30                 0                  0        0         0
53   Brazil 2020-02-20      568             591        614                32                 0                  0        0         0
54   Brazil 2020-02-21      610             635        660                34                 0                  0        0         0
55   Brazil 2020-02-22      655             682        709                37                 0                  0        0         0
56   Brazil 2020-02-23      703             732        761                40                 0                  0        0         0
57   Brazil 2020-02-24      755             786        817                43                 0                  0        0         0
58   Brazil 2020-02-25      811             845        879                46                 1                  0        0         0
59   Brazil 2020-02-26      871             907        943                49                 1                  0        0         0
60   Brazil 2020-02-27      935             974       1013                53                 1                  0        0         0
61   Brazil 2020-02-28     1004            1046       1088                57                 1                  0        0         0
62   Brazil 2020-02-29     1078            1123       1168                61                 2                  0        0         0
63   Brazil 2020-03-01     1158            1206       1254                65                 2                  0        0         0
64   Brazil 2020-03-02     1244            1295       1346                70                 2                  0        0         0
65   Brazil 2020-03-03     1336            1391       1446                76                 2                  0        0         0
66   Brazil 2020-03-04     1434            1493       1552                81                 3                  0        0         0
67   Brazil 2020-03-05     1540            1604       1668                87                 8                  0        0         0
68   Brazil 2020-03-06     1654            1722       1790                93                13                  0        0         0
69   Brazil 2020-03-07     1776            1849       1922               100                13                  0        0         0
70   Brazil 2020-03-08     1906            1985       2064               108                25                  0        0         0
71   Brazil 2020-03-09     2047            2132       2217               116                25                  0        0         0
72   Brazil 2020-03-10     2198            2289       2380               124                34                  0        0         0
73   Brazil 2020-03-11     2360            2458       2556               133                52                  0        0         0
74   Brazil 2020-03-12     2534            2639       2744               143                77                  0        0         0
75   Brazil 2020-03-13     2722            2834       2946               154                98                  0        0         0
76   Brazil 2020-03-14     2922            3043       3164               165               121                  0        0         0
77   Brazil 2020-03-15     3137            3267       3397               177               200                  0        0         0
78   Brazil 2020-03-16     3369            3508       3647               190               234                  1        0         0
79   Brazil 2020-03-17     3618            3767       3916               204               291                  4        0         0
80   Brazil 2020-03-18     3884            4044       4204               219               428                  6        0         0
81   Brazil 2020-03-19     4170            4342       4514               236               621                 11        0         0
82   Brazil 2020-03-20     4477            4662       4847               253               904                 18        0         0
83   Brazil 2020-03-21     4807            5006       5205               272              1128                 25        0         0
84   Brazil 2020-03-22     5161            5374       5587               292              1546                 34        0         0
85   Brazil 2020-03-23     5541            5770       5999               313              1891                 46        0         0
86   Brazil 2020-03-24     5948            6194       6440               336              2201                 57        0         0
87   Brazil 2020-03-25     6386            6650       6914               361              2433                 77        0         0
88   Brazil 2020-03-26     6856            7139       7422               387              2915                 92        0         0
89   Brazil 2020-03-27     7360            7664       7968               416              3417                114        0         0
90   Brazil 2020-03-28     7901            8227       8553               447              3904                136        0         0
91   Brazil 2020-03-29     8481            8831       9181               479              4256                159        0         0
92   Brazil 2020-03-30     9103            9479       9855               514              4579                201        0         0
93   Brazil 2020-03-31     9771           10175      10579               552              5717                241        0         0
94   Brazil 2020-04-01    10488           10921      11354               593              6836                299        0         0
95   Brazil 2020-04-02    11256           11721      12186               636              7910                359        0         0
96   Brazil 2020-04-03    12081           12580      13079               683              9056                432        0         0
97   Brazil 2020-04-04    12965           13501      14037               733             10278                486        0         0
98   Brazil 2020-04-05    13914           14489      15064               786             11130                553        0         0
99   Brazil 2020-04-06    14931           15548      16165               844             12056                667        0         0
100  Brazil 2020-04-07    16022           16684      17346               906             13717                800        0         0
101  Brazil 2020-04-08    17191           17901      18611               972             15927                941        0         0
102  Brazil 2020-04-09    18445           19207      19969              1043             17857               1056        0         0
103  Brazil 2020-04-10    19788           20606      21424              1118             19638               1124        0         0
104  Brazil 2020-04-11    21228           22105      22982              1200             20727               1223        0         0
105  Brazil 2020-04-12    22771           23712      24653              1287             22169               1328        0         0
106  Brazil 2020-04-13    24424           25433      26442              1380             23430               1532        0         0
107  Brazil 2020-04-14    26194           27277      28360              1481             25262               1736        0         0
108  Brazil 2020-04-15    28092           29253      30414              1588             28320               1924        0         0
109  Brazil 2020-04-16    30122           31367      32612              1703             30425               2141        0         0
110  Brazil 2020-04-17    32297           33632      34967              1825             33682               2347        0         0
111  Brazil 2020-04-18    34624           36055      37486              1957             36599               2462        0         0
112  Brazil 2020-04-19    37114           38648      40182              2098             38654               2575        0         0
113  Brazil 2020-04-20    39779           41423      43067              2248             40581               2741        0         0
114  Brazil 2020-04-21    42628           44390      46152              2409             43079               2906        0         0
115  Brazil 2020-04-22    45674           47562      49450              2582             45757               3313        0         0
116  Brazil 2020-04-23    48931           50953      52975              2766             49492               3670        0         0
117  Brazil 2020-04-24    52411           54577      56743              2962             52995               4016        0         0
118  Brazil 2020-04-25    56127           58447      60767              3172             58509               4205        0         0
119  Brazil 2020-04-26    60096           62580      65064              3397             61888               4543        0         0
120  Brazil 2020-04-27    64331           66990      69649              3636             66501               5017        0         0
121  Brazil 2020-04-28    68851           71696      74541              3892             71886               5466        0         0
122  Brazil 2020-04-29    73669           76713      79757              4164             78162               5901        0         0
123  Brazil 2020-04-30    78804           82061      85318              4454             85380               6329        0         0
124  Brazil 2020-05-01    84275           87758      91241              4763             91589               6750        0         0
125  Brazil 2020-05-02    90100           93823      97546              5093             96559               7025        0         0
126  Brazil 2020-05-03    96296          100276     104256              5443            101147               7321        0         0
127  Brazil 2020-05-04   102887          107139     111391              5815            107780               7921        0         0
128  Brazil 2020-05-05   109889          114430     118971              6211            114715               8536        0         0
129  Brazil 2020-05-06   117324          122173     127022              6631            125218               9146        0         0
130  Brazil 2020-05-07   125214          130389     135564              7077            135106               9897        0         0
131  Brazil 2020-05-08   133579          139099     144619              7550            145328              10627        0         0
132  Brazil 2020-05-09   142440          148326     154212              8051            155939              11123        0         0
133  Brazil 2020-05-10   151817          158091     164365              8581            162699              11519        0         0
134  Brazil 2020-05-11   161731          168415     175099              9141            168331              12400        0         0
135  Brazil 2020-05-12   172204          179320     186436              9733            177589              13149        0         0
136  Brazil 2020-05-13   183253          190826     198399             10358            188974              13993        0         0
137  Brazil 2020-05-14   194898          202952     211006             11016            202918              14817        0         0
138  Brazil 2020-05-15   207156          215717     224278             11709            218223              15633        0         0
139  Brazil 2020-05-16   220043          229136     238229             12437            233142              16118        0         0
140  Brazil 2020-05-17   233573          243226     252879             13202            241080              16792        0         0
141  Brazil 2020-05-18   247760          257999     268238             14004            254220              17971        0         0
142  Brazil 2020-05-19   262613          273466     284319             14843            271628              18859        0         0
143  Brazil 2020-05-20   278140          289634     301128             15721            291579              20047        0         0
144  Brazil 2020-05-21   294345          306509     318673             16637            310087              21048        0         0
145  Brazil 2020-05-22   311230          324092     336954             17591            330890              22013        0         0
146  Brazil 2020-05-23   328794          342382     355970             18584            347398              22666        0         0
147  Brazil 2020-05-24   347031          361372     375713             19615            363211              23473        0         0
148  Brazil 2020-05-25   365931          381053     396175             20683            374898              24512        0         0
149  Brazil 2020-05-26   385479          401409     417339             21788            391222              25598        0         0
150  Brazil 2020-05-27   405660          422424     439188             22928            411821              26754        0         0
151  Brazil 2020-05-28   426448          444071     461694             24103            438238              27878        0         0
152  Brazil 2020-05-29   447817          466324     484831             25311            465166              28834        0         0
153  Brazil 2020-05-30   469738          489150     508562             26550            498440              29314        0         0
154  Brazil 2020-05-31   492170          512509     532848             27818            514849              29937        0         0
155  Brazil 2020-06-01   515075          536361     557647             29113            526447              31199        0         0
156  Brazil 2020-06-02   538408          560658     582908             30431            555383              32548        0         0
157  Brazil 2020-06-03   562120          585350     608580             31772            584016              34021        0         0
158  Brazil 2020-06-04   586158          610382     634606             33130            614941              35033        0         0
159  Brazil 2020-06-05   610468          635696     660924             34504            645438              35033        0         0
160  Brazil 2020-06-06   634990          661232     687474             35890                NA                 NA        0         0
161  Brazil 2020-06-07   659666          686927     714188             37285                NA                 NA        0         0
162  Brazil 2020-06-08   684432          712717     741002             38685                NA                 NA        0         0
163  Brazil 2020-06-09   709226          738536     767846             40086                NA                 NA        0         0
164  Brazil 2020-06-10   733987          764320     794653             41486                NA                 NA        0         0
165  Brazil 2020-06-11   758651          790003     821355             42880                NA                 NA        0         0
166  Brazil 2020-06-12   783155          815520     847885             44265                NA                 NA        0         0

Fontes:
	OMS - https://ourworldindata.org/coronavirus-source-data
	Worldometers - https://www.worldometers.info/coronavirus