
 Brazil 
Projecao:  7  dias
Gerado em:  2020-05-24 13:52:37
RMSE(%):  5.2 , BIAS(%): 1.31

Taxa de Mortalidade 6.32 %

    country       dias otimista casos_estimados pessimista estimativa_mortes casos_confirmados mortes_confirmadas latitude longitude
135  Brazil 2020-05-12   172929          182374     191819             11530            177589              13149        0         0
136  Brazil 2020-05-13   183996          194046     204096             12268            188974              13993        0         0
137  Brazil 2020-05-14   195590          206273     216956             13041            202918              14817        0         0
138  Brazil 2020-05-15   207712          219057     230402             13850            218223              15633        0         0
139  Brazil 2020-05-16   220361          232397     244433             14693            233142              16118        0         0
140  Brazil 2020-05-17   233534          246289     259044             15571            241080              16792        0         0
141  Brazil 2020-05-18   247221          260724     274227             16484            254220              17971        0         0
142  Brazil 2020-05-19   261412          275690     289968             17430            271628              18859        0         0
143  Brazil 2020-05-20   276089          291169     306249             18409            291579              20047        0         0
144  Brazil 2020-05-21   291235          307142     323049             19419            310087              21048        0         0
145  Brazil 2020-05-22   306824          323582     340340             20458            330890              22013        0         0
146  Brazil 2020-05-23   322828          340461     358094             21525            347398              22288        0         0
147  Brazil 2020-05-24   339217          357745     376273             22618            352523              22288        0         0
148  Brazil 2020-05-25   355954          375396     394838             23734                NA                 NA        0         0
149  Brazil 2020-05-26   372999          393372     413745             24871                NA                 NA        0         0
150  Brazil 2020-05-27   390311          411629     432947             26025                NA                 NA        0         0
151  Brazil 2020-05-28   407841          430117     452393             27194                NA                 NA        0         0
152  Brazil 2020-05-29   425544          448787     472030             28374                NA                 NA        0         0
153  Brazil 2020-05-30   443369          467585     491801             29563                NA                 NA        0         0
154  Brazil 2020-05-31   461263          486457     511651             30756                NA                 NA        0         0

Total de casos no mundo:  5453119 1863477 610427 1900903 958386 110483 8722 721 5453119

Estimados a partir dos dados da OMS:
    day       date      x   xest
1     1 2019-12-30      0      8
2     2 2019-12-31      0      8
3     3 2020-01-01      0      9
4     4 2020-01-02      0     10
5     5 2020-01-03      0     10
6     6 2020-01-04      0     11
7     7 2020-01-05      0     12
8     8 2020-01-06      0     13
9     9 2020-01-07      0     14
10   10 2020-01-08      0     15
11   11 2020-01-09      0     17
12   12 2020-01-10      0     18
13   13 2020-01-11      0     19
14   14 2020-01-12      0     21
15   15 2020-01-13      0     23
16   16 2020-01-14      0     24
17   17 2020-01-15      0     26
18   18 2020-01-16      0     28
19   19 2020-01-17      0     31
20   20 2020-01-18      0     33
21   21 2020-01-19      0     36
22   22 2020-01-20      0     39
23   23 2020-01-21      0     42
24   24 2020-01-22      0     45
25   25 2020-01-23      0     49
26   26 2020-01-24      0     53
27   27 2020-01-25      0     57
28   28 2020-01-26      0     61
29   29 2020-01-27      0     66
30   30 2020-01-28      0     71
31   31 2020-01-29      0     77
32   32 2020-01-30      0     83
33   33 2020-01-31      0     90
34   34 2020-02-01      0     97
35   35 2020-02-02      0    105
36   36 2020-02-03      0    113
37   37 2020-02-04      0    122
38   38 2020-02-05      0    132
39   39 2020-02-06      0    142
40   40 2020-02-07      0    154
41   41 2020-02-08      0    166
42   42 2020-02-09      0    179
43   43 2020-02-10      0    193
44   44 2020-02-11      0    209
45   45 2020-02-12      0    225
46   46 2020-02-13      0    243
47   47 2020-02-14      0    263
48   48 2020-02-15      0    284
49   49 2020-02-16      0    306
50   50 2020-02-17      0    331
51   51 2020-02-18      0    357
52   52 2020-02-19      0    385
53   53 2020-02-20      0    416
54   54 2020-02-21      0    449
55   55 2020-02-22      0    485
56   56 2020-02-23      0    524
57   57 2020-02-24      0    565
58   58 2020-02-25      1    610
59   59 2020-02-26      1    659
60   60 2020-02-27      1    712
61   61 2020-02-28      1    768
62   62 2020-02-29      2    829
63   63 2020-03-01      2    895
64   64 2020-03-02      2    967
65   65 2020-03-03      2   1044
66   66 2020-03-04      3   1127
67   67 2020-03-05      8   1216
68   68 2020-03-06     13   1313
69   69 2020-03-07     13   1418
70   70 2020-03-08     25   1530
71   71 2020-03-09     25   1652
72   72 2020-03-10     34   1784
73   73 2020-03-11     52   1925
74   74 2020-03-12     77   2078
75   75 2020-03-13     98   2244
76   76 2020-03-14    121   2422
77   77 2020-03-15    200   2615
78   78 2020-03-16    234   2822
79   79 2020-03-17    291   3046
80   80 2020-03-18    428   3288
81   81 2020-03-19    621   3550
82   82 2020-03-20    904   3831
83   83 2020-03-21   1128   4135
84   84 2020-03-22   1546   4463
85   85 2020-03-23   1891   4817
86   86 2020-03-24   2201   5199
87   87 2020-03-25   2433   5611
88   88 2020-03-26   2915   6055
89   89 2020-03-27   3417   6535
90   90 2020-03-28   3904   7052
91   91 2020-03-29   4256   7609
92   92 2020-03-30   4579   8211
93   93 2020-03-31   5717   8859
94   94 2020-04-01   6836   9558
95   95 2020-04-02   7910  10312
96   96 2020-04-03   9056  11124
97   97 2020-04-04  10278  12000
98   98 2020-04-05  11130  12944
99   99 2020-04-06  12056  13961
100 100 2020-04-07  13717  15056
101 101 2020-04-08  15927  16236
102 102 2020-04-09  17857  17507
103 103 2020-04-10  19638  18875
104 104 2020-04-11  20727  20348
105 105 2020-04-12  22169  21934
106 106 2020-04-13  23430  23640
107 107 2020-04-14  25262  25475
108 108 2020-04-15  28320  27448
109 109 2020-04-16  30425  29570
110 110 2020-04-17  33682  31850
111 111 2020-04-18  36599  34300
112 112 2020-04-19  38654  36930
113 113 2020-04-20  40581  39755
114 114 2020-04-21  43079  42785
115 115 2020-04-22  45757  46035
116 116 2020-04-23  49492  49519
117 117 2020-04-24  52995  53252
118 118 2020-04-25  58509  57249
119 119 2020-04-26  61888  61526
120 120 2020-04-27  66501  66100
121 121 2020-04-28  71886  70988
122 122 2020-04-29  78162  76208
123 123 2020-04-30  85380  81777
124 124 2020-05-01  91589  87713
125 125 2020-05-02  96559  94036
126 126 2020-05-03 101147 100763
127 127 2020-05-04 107780 107914
128 128 2020-05-05 114715 115505
129 129 2020-05-06 125218 123556
130 130 2020-05-07 135106 132082
131 131 2020-05-08 145328 141101
132 132 2020-05-09 155939 150627
133 133 2020-05-10 162699 160673
134 134 2020-05-11 168331 171252
135 135 2020-05-12 177589 182374
136 136 2020-05-13 188974 194046
137 137 2020-05-14 202918 206273
138 138 2020-05-15 218223 219057
139 139 2020-05-16 233142 232397
140 140 2020-05-17 241080 246289
141 141 2020-05-18 254220 260724
142 142 2020-05-19 271628 275690
143 143 2020-05-20 291579 291169
144 144 2020-05-21 310087 307142
145 145 2020-05-22 330890 323582
146 146 2020-05-23 347398 340461
147 147 2020-05-24 352523 357745

Intervalo de Confianca
             2.5%         97.5%
Asym 905474.78712 1084841.50861
xmid    152.55033     156.34000
scal     12.77194      13.32079


Formula: x ~ SSlogis(day, Asym, xmid, scal)

Parameters:
        Estimate  Std. Error t value            Pr(>|t|)    
Asym 985721.5651  45797.2004   21.52 <0.0000000000000002 ***
xmid    154.3389      0.9775  157.90 <0.0000000000000002 ***
scal     13.0428      0.1435   90.91 <0.0000000000000002 ***
---
Signif. codes:  0 ‘***’ 0.001 ‘**’ 0.01 ‘*’ 0.05 ‘.’ 0.1 ‘ ’ 1

Residual standard error: 2100 on 144 degrees of freedom

Number of iterations to convergence: 9 
Achieved convergence tolerance: 0.0000000149


Brazil: o primeiro caso foi registrado em 25/02/2020 na data 24/05/2020 temos 89 dias desde o primeiro caso. A data de pico prevista pelo modelo logístico é 28/07/2020 (dia 154 desde os primeiros casos relatados).
Em 28/07/2020 o modelo estima 985722+/-45797 casos. De acordo com o modelo ajustado temos 65 de infecçao pela frente.

Todos os dados gerados
    country       dias otimista casos_estimados pessimista estimativa_mortes casos_confirmados mortes_confirmadas latitude longitude
1    Brazil 2019-12-30        8               8          8                 1                 0                  0        0         0
2    Brazil 2019-12-31        8               8          8                 1                 0                  0        0         0
3    Brazil 2020-01-01        9               9          9                 1                 0                  0        0         0
4    Brazil 2020-01-02        9              10         11                 1                 0                  0        0         0
5    Brazil 2020-01-03        9              10         11                 1                 0                  0        0         0
6    Brazil 2020-01-04       10              11         12                 1                 0                  0        0         0
7    Brazil 2020-01-05       11              12         13                 1                 0                  0        0         0
8    Brazil 2020-01-06       12              13         14                 1                 0                  0        0         0
9    Brazil 2020-01-07       13              14         15                 1                 0                  0        0         0
10   Brazil 2020-01-08       14              15         16                 1                 0                  0        0         0
11   Brazil 2020-01-09       16              17         18                 1                 0                  0        0         0
12   Brazil 2020-01-10       17              18         19                 1                 0                  0        0         0
13   Brazil 2020-01-11       18              19         20                 1                 0                  0        0         0
14   Brazil 2020-01-12       20              21         22                 1                 0                  0        0         0
15   Brazil 2020-01-13       22              23         24                 1                 0                  0        0         0
16   Brazil 2020-01-14       23              24         25                 2                 0                  0        0         0
17   Brazil 2020-01-15       25              26         27                 2                 0                  0        0         0
18   Brazil 2020-01-16       27              28         29                 2                 0                  0        0         0
19   Brazil 2020-01-17       29              31         33                 2                 0                  0        0         0
20   Brazil 2020-01-18       31              33         35                 2                 0                  0        0         0
21   Brazil 2020-01-19       34              36         38                 2                 0                  0        0         0
22   Brazil 2020-01-20       37              39         41                 2                 0                  0        0         0
23   Brazil 2020-01-21       40              42         44                 3                 0                  0        0         0
24   Brazil 2020-01-22       43              45         47                 3                 0                  0        0         0
25   Brazil 2020-01-23       46              49         52                 3                 0                  0        0         0
26   Brazil 2020-01-24       50              53         56                 3                 0                  0        0         0
27   Brazil 2020-01-25       54              57         60                 4                 0                  0        0         0
28   Brazil 2020-01-26       58              61         64                 4                 0                  0        0         0
29   Brazil 2020-01-27       63              66         69                 4                 0                  0        0         0
30   Brazil 2020-01-28       67              71         75                 4                 0                  0        0         0
31   Brazil 2020-01-29       73              77         81                 5                 0                  0        0         0
32   Brazil 2020-01-30       79              83         87                 5                 0                  0        0         0
33   Brazil 2020-01-31       85              90         95                 6                 0                  0        0         0
34   Brazil 2020-02-01       92              97        102                 6                 0                  0        0         0
35   Brazil 2020-02-02      100             105        110                 7                 0                  0        0         0
36   Brazil 2020-02-03      107             113        119                 7                 0                  0        0         0
37   Brazil 2020-02-04      116             122        128                 8                 0                  0        0         0
38   Brazil 2020-02-05      125             132        139                 8                 0                  0        0         0
39   Brazil 2020-02-06      135             142        149                 9                 0                  0        0         0
40   Brazil 2020-02-07      146             154        162                10                 0                  0        0         0
41   Brazil 2020-02-08      157             166        175                10                 0                  0        0         0
42   Brazil 2020-02-09      170             179        188                11                 0                  0        0         0
43   Brazil 2020-02-10      183             193        203                12                 0                  0        0         0
44   Brazil 2020-02-11      198             209        220                13                 0                  0        0         0
45   Brazil 2020-02-12      213             225        237                14                 0                  0        0         0
46   Brazil 2020-02-13      230             243        256                15                 0                  0        0         0
47   Brazil 2020-02-14      249             263        277                17                 0                  0        0         0
48   Brazil 2020-02-15      269             284        299                18                 0                  0        0         0
49   Brazil 2020-02-16      290             306        322                19                 0                  0        0         0
50   Brazil 2020-02-17      314             331        348                21                 0                  0        0         0
51   Brazil 2020-02-18      339             357        375                23                 0                  0        0         0
52   Brazil 2020-02-19      365             385        405                24                 0                  0        0         0
53   Brazil 2020-02-20      394             416        438                26                 0                  0        0         0
54   Brazil 2020-02-21      426             449        472                28                 0                  0        0         0
55   Brazil 2020-02-22      460             485        510                31                 0                  0        0         0
56   Brazil 2020-02-23      497             524        551                33                 0                  0        0         0
57   Brazil 2020-02-24      536             565        594                36                 0                  0        0         0
58   Brazil 2020-02-25      578             610        642                39                 1                  0        0         0
59   Brazil 2020-02-26      625             659        693                42                 1                  0        0         0
60   Brazil 2020-02-27      675             712        749                45                 1                  0        0         0
61   Brazil 2020-02-28      728             768        808                49                 1                  0        0         0
62   Brazil 2020-02-29      786             829        872                52                 2                  0        0         0
63   Brazil 2020-03-01      849             895        941                57                 2                  0        0         0
64   Brazil 2020-03-02      917             967       1017                61                 2                  0        0         0
65   Brazil 2020-03-03      990            1044       1098                66                 2                  0        0         0
66   Brazil 2020-03-04     1069            1127       1185                71                 3                  0        0         0
67   Brazil 2020-03-05     1153            1216       1279                77                 8                  0        0         0
68   Brazil 2020-03-06     1245            1313       1381                83                13                  0        0         0
69   Brazil 2020-03-07     1345            1418       1491                90                13                  0        0         0
70   Brazil 2020-03-08     1451            1530       1609                97                25                  0        0         0
71   Brazil 2020-03-09     1566            1652       1738               104                25                  0        0         0
72   Brazil 2020-03-10     1692            1784       1876               113                34                  0        0         0
73   Brazil 2020-03-11     1825            1925       2025               122                52                  0        0         0
74   Brazil 2020-03-12     1970            2078       2186               131                77                  0        0         0
75   Brazil 2020-03-13     2128            2244       2360               142                98                  0        0         0
76   Brazil 2020-03-14     2297            2422       2547               153               121                  0        0         0
77   Brazil 2020-03-15     2480            2615       2750               165               200                  0        0         0
78   Brazil 2020-03-16     2676            2822       2968               178               234                  1        0         0
79   Brazil 2020-03-17     2888            3046       3204               193               291                  4        0         0
80   Brazil 2020-03-18     3118            3288       3458               208               428                  6        0         0
81   Brazil 2020-03-19     3366            3550       3734               224               621                 11        0         0
82   Brazil 2020-03-20     3633            3831       4029               242               904                 18        0         0
83   Brazil 2020-03-21     3921            4135       4349               261              1128                 25        0         0
84   Brazil 2020-03-22     4232            4463       4694               282              1546                 34        0         0
85   Brazil 2020-03-23     4568            4817       5066               305              1891                 46        0         0
86   Brazil 2020-03-24     4930            5199       5468               329              2201                 57        0         0
87   Brazil 2020-03-25     5320            5611       5902               355              2433                 77        0         0
88   Brazil 2020-03-26     5741            6055       6369               383              2915                 92        0         0
89   Brazil 2020-03-27     6197            6535       6873               413              3417                114        0         0
90   Brazil 2020-03-28     6687            7052       7417               446              3904                136        0         0
91   Brazil 2020-03-29     7215            7609       8003               481              4256                159        0         0
92   Brazil 2020-03-30     7786            8211       8636               519              4579                201        0         0
93   Brazil 2020-03-31     8400            8859       9318               560              5717                241        0         0
94   Brazil 2020-04-01     9063            9558      10053               604              6836                299        0         0
95   Brazil 2020-04-02     9778           10312      10846               652              7910                359        0         0
96   Brazil 2020-04-03    10548           11124      11700               703              9056                432        0         0
97   Brazil 2020-04-04    11379           12000      12621               759             10278                486        0         0
98   Brazil 2020-04-05    12274           12944      13614               818             11130                553        0         0
99   Brazil 2020-04-06    13238           13961      14684               883             12056                667        0         0
100  Brazil 2020-04-07    14276           15056      15836               952             13717                800        0         0
101  Brazil 2020-04-08    15395           16236      17077              1027             15927                941        0         0
102  Brazil 2020-04-09    16600           17507      18414              1107             17857               1056        0         0
103  Brazil 2020-04-10    17897           18875      19853              1193             19638               1124        0         0
104  Brazil 2020-04-11    19294           20348      21402              1286             20727               1223        0         0
105  Brazil 2020-04-12    20798           21934      23070              1387             22169               1328        0         0
106  Brazil 2020-04-13    22416           23640      24864              1495             23430               1532        0         0
107  Brazil 2020-04-14    24156           25475      26794              1611             25262               1736        0         0
108  Brazil 2020-04-15    26026           27448      28870              1735             28320               1924        0         0
109  Brazil 2020-04-16    28039           29570      31101              1870             30425               2141        0         0
110  Brazil 2020-04-17    30200           31850      33500              2014             33682               2347        0         0
111  Brazil 2020-04-18    32524           34300      36076              2169             36599               2462        0         0
112  Brazil 2020-04-19    35017           36930      38843              2335             38654               2575        0         0
113  Brazil 2020-04-20    37696           39755      41814              2513             40581               2741        0         0
114  Brazil 2020-04-21    40569           42785      45001              2705             43079               2906        0         0
115  Brazil 2020-04-22    43651           46035      48419              2911             45757               3313        0         0
116  Brazil 2020-04-23    46954           49519      52084              3131             49492               3670        0         0
117  Brazil 2020-04-24    50494           53252      56010              3367             52995               4016        0         0
118  Brazil 2020-04-25    54284           57249      60214              3620             58509               4205        0         0
119  Brazil 2020-04-26    58340           61526      64712              3890             61888               4543        0         0
120  Brazil 2020-04-27    62677           66100      69523              4179             66501               5017        0         0
121  Brazil 2020-04-28    67312           70988      74664              4488             71886               5466        0         0
122  Brazil 2020-04-29    72261           76208      80155              4818             78162               5901        0         0
123  Brazil 2020-04-30    77542           81777      86012              5170             85380               6329        0         0
124  Brazil 2020-05-01    83170           87713      92256              5546             91589               6750        0         0
125  Brazil 2020-05-02    89166           94036      98906              5945             96559               7025        0         0
126  Brazil 2020-05-03    95544          100763     105982              6371            101147               7321        0         0
127  Brazil 2020-05-04   102325          107914     113503              6823            107780               7921        0         0
128  Brazil 2020-05-05   109523          115505     121487              7303            114715               8536        0         0
129  Brazil 2020-05-06   117157          123556     129955              7812            125218               9146        0         0
130  Brazil 2020-05-07   125241          132082     138923              8351            135106               9897        0         0
131  Brazil 2020-05-08   133793          141101     148409              8921            145328              10627        0         0
132  Brazil 2020-05-09   142826          150627     158428              9523            155939              11123        0         0
133  Brazil 2020-05-10   152352          160673     168994             10158            162699              11519        0         0
134  Brazil 2020-05-11   162383          171252     180121             10827            168331              12400        0         0
135  Brazil 2020-05-12   172929          182374     191819             11530            177589              13149        0         0
136  Brazil 2020-05-13   183996          194046     204096             12268            188974              13993        0         0
137  Brazil 2020-05-14   195590          206273     216956             13041            202918              14817        0         0
138  Brazil 2020-05-15   207712          219057     230402             13850            218223              15633        0         0
139  Brazil 2020-05-16   220361          232397     244433             14693            233142              16118        0         0
140  Brazil 2020-05-17   233534          246289     259044             15571            241080              16792        0         0
141  Brazil 2020-05-18   247221          260724     274227             16484            254220              17971        0         0
142  Brazil 2020-05-19   261412          275690     289968             17430            271628              18859        0         0
143  Brazil 2020-05-20   276089          291169     306249             18409            291579              20047        0         0
144  Brazil 2020-05-21   291235          307142     323049             19419            310087              21048        0         0
145  Brazil 2020-05-22   306824          323582     340340             20458            330890              22013        0         0
146  Brazil 2020-05-23   322828          340461     358094             21525            347398              22288        0         0
147  Brazil 2020-05-24   339217          357745     376273             22618            352523              22288        0         0
148  Brazil 2020-05-25   355954          375396     394838             23734                NA                 NA        0         0
149  Brazil 2020-05-26   372999          393372     413745             24871                NA                 NA        0         0
150  Brazil 2020-05-27   390311          411629     432947             26025                NA                 NA        0         0
151  Brazil 2020-05-28   407841          430117     452393             27194                NA                 NA        0         0
152  Brazil 2020-05-29   425544          448787     472030             28374                NA                 NA        0         0
153  Brazil 2020-05-30   443369          467585     491801             29563                NA                 NA        0         0
154  Brazil 2020-05-31   461263          486457     511651             30756                NA                 NA        0         0

Fontes:
	OMS - https://ourworldindata.org/coronavirus-source-data
	Worldometers - https://www.worldometers.info/coronavirus