
 Brazil 
Projecao:  10  dias
Gerado em:  2020-08-25 17:46:20
RMSE(%):  5.6 , BIAS(%): 1.65

Taxa de Mortalidade 3.18 %

    country       dias otimista casos_estimados pessimista estimativa_mortes casos_confirmados mortes_confirmadas latitude longitude
231  Brazil 2020-08-16  3127550         3314142    3500734            105404           3340197             108536        0         0
232  Brazil 2020-08-17  3158600         3347044    3535488            106451           3359570             109888        0         0
233  Brazil 2020-08-18  3188977         3379233    3569489            107474           3407354             111100        0         0
234  Brazil 2020-08-19  3218679         3410707    3602735            108475           3456652             112304        0         0
235  Brazil 2020-08-20  3247702         3441462    3635222            109454           3501975             113358        0         0
236  Brazil 2020-08-21  3276047         3471498    3666949            110409           3532330             114250        0         0
237  Brazil 2020-08-22  3303712         3500814    3697916            111341           3582362             114744        0         0
238  Brazil 2020-08-23  3330701         3529413    3728125            112251           3605783             115309        0         0
239  Brazil 2020-08-24  3357014         3557296    3757578            113138           3622861             115646        0         0
240  Brazil 2020-08-25  3382657         3584468    3786279            114002           3636167             115646        0         0
241  Brazil 2020-08-26  3407631         3610932    3814233            114843                NA                 NA        0         0
242  Brazil 2020-08-27  3431943         3636695    3841447            115663                NA                 NA        0         0
243  Brazil 2020-08-28  3455599         3661762    3867925            116460                NA                 NA        0         0
244  Brazil 2020-08-29  3478605         3686141    3893677            117235                NA                 NA        0         0
245  Brazil 2020-08-30  3500970         3709840    3918710            117989                NA                 NA        0         0
246  Brazil 2020-08-31  3522701         3732868    3943035            118722                NA                 NA        0         0
247  Brazil 2020-09-01  3543808         3755234    3966660            119433                NA                 NA        0         0
248  Brazil 2020-09-02  3564299         3776947    3989595            120123                NA                 NA        0         0
249  Brazil 2020-09-03  3584184         3798019    4011854            120794                NA                 NA        0         0
250  Brazil 2020-09-04  3603473         3818459    4033445            121444                NA                 NA        0         0

Total de casos no mundo:  23966926 7022848 5828382 6474383 3406628 1206379 27585 721 23966926

Estimados a partir dos dados da OMS:
    day       date       x    xest
1     1 2019-12-30       0    1014
2     2 2019-12-31       0    1057
3     3 2020-01-01       0    1101
4     4 2020-01-02       0    1148
5     5 2020-01-03       0    1196
6     6 2020-01-04       0    1247
7     7 2020-01-05       0    1299
8     8 2020-01-06       0    1354
9     9 2020-01-07       0    1411
10   10 2020-01-08       0    1471
11   11 2020-01-09       0    1533
12   12 2020-01-10       0    1598
13   13 2020-01-11       0    1665
14   14 2020-01-12       0    1735
15   15 2020-01-13       0    1808
16   16 2020-01-14       0    1885
17   17 2020-01-15       0    1964
18   18 2020-01-16       0    2047
19   19 2020-01-17       0    2133
20   20 2020-01-18       0    2223
21   21 2020-01-19       0    2317
22   22 2020-01-20       0    2415
23   23 2020-01-21       0    2517
24   24 2020-01-22       0    2623
25   25 2020-01-23       0    2734
26   26 2020-01-24       0    2849
27   27 2020-01-25       0    2969
28   28 2020-01-26       0    3094
29   29 2020-01-27       0    3225
30   30 2020-01-28       0    3361
31   31 2020-01-29       0    3502
32   32 2020-01-30       0    3650
33   33 2020-01-31       0    3804
34   34 2020-02-01       0    3964
35   35 2020-02-02       0    4132
36   36 2020-02-03       0    4306
37   37 2020-02-04       0    4487
38   38 2020-02-05       0    4677
39   39 2020-02-06       0    4874
40   40 2020-02-07       0    5079
41   41 2020-02-08       0    5293
42   42 2020-02-09       0    5516
43   43 2020-02-10       0    5749
44   44 2020-02-11       0    5991
45   45 2020-02-12       0    6244
46   46 2020-02-13       0    6507
47   47 2020-02-14       0    6781
48   48 2020-02-15       0    7067
49   49 2020-02-16       0    7364
50   50 2020-02-17       0    7675
51   51 2020-02-18       0    7998
52   52 2020-02-19       0    8335
53   53 2020-02-20       0    8686
54   54 2020-02-21       0    9052
55   55 2020-02-22       0    9433
56   56 2020-02-23       0    9830
57   57 2020-02-24       0   10244
58   58 2020-02-25       1   10675
59   59 2020-02-26       1   11125
60   60 2020-02-27       1   11593
61   61 2020-02-28       1   12081
62   62 2020-02-29       2   12589
63   63 2020-03-01       2   13119
64   64 2020-03-02       2   13671
65   65 2020-03-03       2   14246
66   66 2020-03-04       3   14845
67   67 2020-03-05       8   15469
68   68 2020-03-06      13   16120
69   69 2020-03-07      13   16797
70   70 2020-03-08      25   17503
71   71 2020-03-09      25   18239
72   72 2020-03-10      34   19005
73   73 2020-03-11      52   19804
74   74 2020-03-12      77   20636
75   75 2020-03-13      98   21502
76   76 2020-03-14     121   22405
77   77 2020-03-15     200   23346
78   78 2020-03-16     234   24326
79   79 2020-03-17     291   25346
80   80 2020-03-18     428   26409
81   81 2020-03-19     621   27517
82   82 2020-03-20     904   28671
83   83 2020-03-21    1128   29872
84   84 2020-03-22    1546   31124
85   85 2020-03-23    1891   32428
86   86 2020-03-24    2201   33786
87   87 2020-03-25    2433   35200
88   88 2020-03-26    2915   36674
89   89 2020-03-27    3417   38208
90   90 2020-03-28    3904   39806
91   91 2020-03-29    4256   41470
92   92 2020-03-30    4579   43202
93   93 2020-03-31    5717   45007
94   94 2020-04-01    6836   46886
95   95 2020-04-02    7910   48843
96   96 2020-04-03    9056   50880
97   97 2020-04-04   10278   53001
98   98 2020-04-05   11130   55210
99   99 2020-04-06   12056   57509
100 100 2020-04-07   13717   59903
101 101 2020-04-08   15927   62395
102 102 2020-04-09   17857   64990
103 103 2020-04-10   19638   67690
104 104 2020-04-11   20727   70501
105 105 2020-04-12   22169   73426
106 106 2020-04-13   23430   76471
107 107 2020-04-14   25262   79639
108 108 2020-04-15   28320   82937
109 109 2020-04-16   30425   86368
110 110 2020-04-17   33682   89938
111 111 2020-04-18   36599   93652
112 112 2020-04-19   38654   97517
113 113 2020-04-20   40581  101537
114 114 2020-04-21   43079  105719
115 115 2020-04-22   45757  110068
116 116 2020-04-23   49492  114592
117 117 2020-04-24   52995  119296
118 118 2020-04-25   58509  124188
119 119 2020-04-26   61888  129274
120 120 2020-04-27   66501  134562
121 121 2020-04-28   71886  140059
122 122 2020-04-29   78162  145773
123 123 2020-04-30   85380  151712
124 124 2020-05-01   91589  157884
125 125 2020-05-02   96559  164297
126 126 2020-05-03  101147  170960
127 127 2020-05-04  107780  177882
128 128 2020-05-05  114715  185072
129 129 2020-05-06  125218  192539
130 130 2020-05-07  135106  200293
131 131 2020-05-08  145328  208343
132 132 2020-05-09  155939  216701
133 133 2020-05-10  162699  225375
134 134 2020-05-11  168331  234377
135 135 2020-05-12  177589  243718
136 136 2020-05-13  188974  253408
137 137 2020-05-14  202918  263459
138 138 2020-05-15  218223  273882
139 139 2020-05-16  233142  284689
140 140 2020-05-17  241080  295891
141 141 2020-05-18  254220  307502
142 142 2020-05-19  271628  319532
143 143 2020-05-20  291579  331994
144 144 2020-05-21  310087  344901
145 145 2020-05-22  330890  358266
146 146 2020-05-23  347398  372100
147 147 2020-05-24  363211  386417
148 148 2020-05-25  374898  401230
149 149 2020-05-26  391222  416552
150 150 2020-05-27  411821  432395
151 151 2020-05-28  438238  448772
152 152 2020-05-29  465166  465697
153 153 2020-05-30  498440  483181
154 154 2020-05-31  514849  501237
155 155 2020-06-01  526447  519878
156 156 2020-06-02  555383  539116
157 157 2020-06-03  584016  558963
158 158 2020-06-04  614932  579429
159 159 2020-06-05  645762  600528
160 160 2020-06-06  672837  622269
161 161 2020-06-07  691758  644662
162 162 2020-06-08  707412  667718
163 163 2020-06-09  739503  691446
164 164 2020-06-10  772416  715854
165 165 2020-06-11  802828  740951
166 166 2020-06-12  828810  766743
167 167 2020-06-13  850514  793237
168 168 2020-06-14  867624  820439
169 169 2020-06-15  888271  848352
170 170 2020-06-16  923189  876981
171 171 2020-06-17  955377  906328
172 172 2020-06-18  978142  936394
173 173 2020-06-19 1032913  967180
174 174 2020-06-20 1067579  998684
175 175 2020-06-21 1085038 1030903
176 176 2020-06-22 1106470 1063835
177 177 2020-06-23 1145906 1097474
178 178 2020-06-24 1188631 1131813
179 179 2020-06-25 1228114 1166844
180 180 2020-06-26 1274974 1202558
181 181 2020-06-27 1313667 1238943
182 182 2020-06-28 1344143 1275986
183 183 2020-06-29 1368195 1313673
184 184 2020-06-30 1402041 1351987
185 185 2020-07-01 1448753 1390912
186 186 2020-07-02 1496858 1430427
187 187 2020-07-03 1539081 1470512
188 188 2020-07-04 1577004 1511145
189 189 2020-07-05 1603055 1552300
190 190 2020-07-06 1623284 1593952
191 191 2020-07-07 1668589 1636075
192 192 2020-07-08 1713160 1678639
193 193 2020-07-09 1755779 1721616
194 194 2020-07-10 1800827 1764972
195 195 2020-07-11 1839850 1808677
196 196 2020-07-12 1864681 1852696
197 197 2020-07-13 1884967 1896995
198 198 2020-07-14 1926824 1941538
199 199 2020-07-15 1966748 1986290
200 200 2020-07-16 2012151 2031212
201 201 2020-07-17 2046328 2076268
202 202 2020-07-18 2074860 2121419
203 203 2020-07-19 2098389 2166628
204 204 2020-07-20 2118646 2211855
205 205 2020-07-21 2159654 2257062
206 206 2020-07-22 2227514 2302210
207 207 2020-07-23 2287475 2347261
208 208 2020-07-24 2343366 2392177
209 209 2020-07-25 2394513 2436920
210 210 2020-07-26 2419091 2481454
211 211 2020-07-27 2442375 2525742
212 212 2020-07-28 2483191 2569748
213 213 2020-07-29 2552265 2613439
214 214 2020-07-30 2610102 2656780
215 215 2020-07-31 2662485 2699739
216 216 2020-08-01 2707877 2742286
217 217 2020-08-02 2733677 2784389
218 218 2020-08-03 2750318 2826021
219 219 2020-08-04 2801921 2867155
220 220 2020-08-05 2859073 2907764
221 221 2020-08-06 2912212 2947826
222 222 2020-08-07 2962442 2987316
223 223 2020-08-08 3012412 3026216
224 224 2020-08-09 3035422 3064504
225 225 2020-08-10 3057470 3102164
226 226 2020-08-11 3109630 3139180
227 227 2020-08-12 3164785 3175536
228 228 2020-08-13 3224876 3211221
229 229 2020-08-14 3275520 3246223
230 230 2020-08-15 3317096 3280533
231 231 2020-08-16 3340197 3314142
232 232 2020-08-17 3359570 3347044
233 233 2020-08-18 3407354 3379233
234 234 2020-08-19 3456652 3410707
235 235 2020-08-20 3501975 3441462
236 236 2020-08-21 3532330 3471498
237 237 2020-08-22 3582362 3500814
238 238 2020-08-23 3605783 3529413
239 239 2020-08-24 3622861 3557296
240 240 2020-08-25 3636167 3584468

Intervalo de Confianca
              2.5%         97.5%
Asym 4290571.85282 4468269.72845
xmid     202.30579     204.71093
scal      23.70115      24.69295


Formula: x ~ SSlogis(day, Asym, xmid, scal)

Parameters:
         Estimate   Std. Error t value            Pr(>|t|)    
Asym 4376569.4522   45117.6329   97.00 <0.0000000000000002 ***
xmid     203.4788       0.6091  334.04 <0.0000000000000002 ***
scal      24.1914       0.2620   92.35 <0.0000000000000002 ***
---
Signif. codes:  0 ‘***’ 0.001 ‘**’ 0.01 ‘*’ 0.05 ‘.’ 0.1 ‘ ’ 1

Residual standard error: 42440 on 237 degrees of freedom

Number of iterations to convergence: 7 
Achieved convergence tolerance: 0.0000000149


Brazil: o primeiro caso foi registrado em 25/02/2020 na data 25/08/2020 temos 182 dias desde o primeiro caso. A data de pico prevista pelo modelo logístico é 15/09/2020 (dia 203 desde os primeiros casos relatados).
Em 15/09/2020 o modelo estima 4376569+/-45118 casos. De acordo com o modelo ajustado temos 21 de infecçao pela frente.

Todos os dados gerados
    country       dias otimista casos_estimados pessimista estimativa_mortes casos_confirmados mortes_confirmadas latitude longitude
1    Brazil 2019-12-30      957            1014       1071                32                 0                  0        0         0
2    Brazil 2019-12-31      997            1057       1117                34                 0                  0        0         0
3    Brazil 2020-01-01     1039            1101       1163                35                 0                  0        0         0
4    Brazil 2020-01-02     1083            1148       1213                37                 0                  0        0         0
5    Brazil 2020-01-03     1129            1196       1263                38                 0                  0        0         0
6    Brazil 2020-01-04     1177            1247       1317                40                 0                  0        0         0
7    Brazil 2020-01-05     1226            1299       1372                41                 0                  0        0         0
8    Brazil 2020-01-06     1278            1354       1430                43                 0                  0        0         0
9    Brazil 2020-01-07     1332            1411       1490                45                 0                  0        0         0
10   Brazil 2020-01-08     1388            1471       1554                47                 0                  0        0         0
11   Brazil 2020-01-09     1447            1533       1619                49                 0                  0        0         0
12   Brazil 2020-01-10     1508            1598       1688                51                 0                  0        0         0
13   Brazil 2020-01-11     1571            1665       1759                53                 0                  0        0         0
14   Brazil 2020-01-12     1637            1735       1833                55                 0                  0        0         0
15   Brazil 2020-01-13     1706            1808       1910                58                 0                  0        0         0
16   Brazil 2020-01-14     1779            1885       1991                60                 0                  0        0         0
17   Brazil 2020-01-15     1853            1964       2075                62                 0                  0        0         0
18   Brazil 2020-01-16     1932            2047       2162                65                 0                  0        0         0
19   Brazil 2020-01-17     2013            2133       2253                68                 0                  0        0         0
20   Brazil 2020-01-18     2098            2223       2348                71                 0                  0        0         0
21   Brazil 2020-01-19     2187            2317       2447                74                 0                  0        0         0
22   Brazil 2020-01-20     2279            2415       2551                77                 0                  0        0         0
23   Brazil 2020-01-21     2375            2517       2659                80                 0                  0        0         0
24   Brazil 2020-01-22     2475            2623       2771                83                 0                  0        0         0
25   Brazil 2020-01-23     2580            2734       2888                87                 0                  0        0         0
26   Brazil 2020-01-24     2689            2849       3009                91                 0                  0        0         0
27   Brazil 2020-01-25     2802            2969       3136                94                 0                  0        0         0
28   Brazil 2020-01-26     2920            3094       3268                98                 0                  0        0         0
29   Brazil 2020-01-27     3043            3225       3407               103                 0                  0        0         0
30   Brazil 2020-01-28     3172            3361       3550               107                 0                  0        0         0
31   Brazil 2020-01-29     3305            3502       3699               111                 0                  0        0         0
32   Brazil 2020-01-30     3444            3650       3856               116                 0                  0        0         0
33   Brazil 2020-01-31     3590            3804       4018               121                 0                  0        0         0
34   Brazil 2020-02-01     3741            3964       4187               126                 0                  0        0         0
35   Brazil 2020-02-02     3899            4132       4365               131                 0                  0        0         0
36   Brazil 2020-02-03     4064            4306       4548               137                 0                  0        0         0
37   Brazil 2020-02-04     4234            4487       4740               143                 0                  0        0         0
38   Brazil 2020-02-05     4414            4677       4940               149                 0                  0        0         0
39   Brazil 2020-02-06     4600            4874       5148               155                 0                  0        0         0
40   Brazil 2020-02-07     4793            5079       5365               162                 0                  0        0         0
41   Brazil 2020-02-08     4995            5293       5591               168                 0                  0        0         0
42   Brazil 2020-02-09     5205            5516       5827               175                 0                  0        0         0
43   Brazil 2020-02-10     5425            5749       6073               183                 0                  0        0         0
44   Brazil 2020-02-11     5654            5991       6328               191                 0                  0        0         0
45   Brazil 2020-02-12     5892            6244       6596               199                 0                  0        0         0
46   Brazil 2020-02-13     6141            6507       6873               207                 0                  0        0         0
47   Brazil 2020-02-14     6399            6781       7163               216                 0                  0        0         0
48   Brazil 2020-02-15     6669            7067       7465               225                 0                  0        0         0
49   Brazil 2020-02-16     6949            7364       7779               234                 0                  0        0         0
50   Brazil 2020-02-17     7243            7675       8107               244                 0                  0        0         0
51   Brazil 2020-02-18     7548            7998       8448               254                 0                  0        0         0
52   Brazil 2020-02-19     7866            8335       8804               265                 0                  0        0         0
53   Brazil 2020-02-20     8197            8686       9175               276                 0                  0        0         0
54   Brazil 2020-02-21     8542            9052       9562               288                 0                  0        0         0
55   Brazil 2020-02-22     8902            9433       9964               300                 0                  0        0         0
56   Brazil 2020-02-23     9277            9830      10383               313                 0                  0        0         0
57   Brazil 2020-02-24     9667           10244      10821               326                 0                  0        0         0
58   Brazil 2020-02-25    10074           10675      11276               340                 1                  0        0         0
59   Brazil 2020-02-26    10499           11125      11751               354                 1                  0        0         0
60   Brazil 2020-02-27    10940           11593      12246               369                 1                  0        0         0
61   Brazil 2020-02-28    11401           12081      12761               384                 1                  0        0         0
62   Brazil 2020-02-29    11880           12589      13298               400                 2                  0        0         0
63   Brazil 2020-03-01    12380           13119      13858               417                 2                  0        0         0
64   Brazil 2020-03-02    12901           13671      14441               435                 2                  0        0         0
65   Brazil 2020-03-03    13444           14246      15048               453                 2                  0        0         0
66   Brazil 2020-03-04    14009           14845      15681               472                 3                  0        0         0
67   Brazil 2020-03-05    14598           15469      16340               492                 8                  0        0         0
68   Brazil 2020-03-06    15212           16120      17028               513                13                  0        0         0
69   Brazil 2020-03-07    15851           16797      17743               534                13                  0        0         0
70   Brazil 2020-03-08    16518           17503      18488               557                25                  0        0         0
71   Brazil 2020-03-09    17212           18239      19266               580                25                  0        0         0
72   Brazil 2020-03-10    17935           19005      20075               604                34                  0        0         0
73   Brazil 2020-03-11    18689           19804      20919               630                52                  0        0         0
74   Brazil 2020-03-12    19474           20636      21798               656                77                  0        0         0
75   Brazil 2020-03-13    20291           21502      22713               684                98                  0        0         0
76   Brazil 2020-03-14    21144           22405      23666               713               121                  0        0         0
77   Brazil 2020-03-15    22032           23346      24660               743               200                  0        0         0
78   Brazil 2020-03-16    22956           24326      25696               774               234                  1        0         0
79   Brazil 2020-03-17    23919           25346      26773               806               291                  4        0         0
80   Brazil 2020-03-18    24922           26409      27896               840               428                  6        0         0
81   Brazil 2020-03-19    25968           27517      29066               875               621                 11        0         0
82   Brazil 2020-03-20    27057           28671      30285               912               904                 18        0         0
83   Brazil 2020-03-21    28190           29872      31554               950              1128                 25        0         0
84   Brazil 2020-03-22    29372           31124      32876               990              1546                 34        0         0
85   Brazil 2020-03-23    30602           32428      34254              1031              1891                 46        0         0
86   Brazil 2020-03-24    31884           33786      35688              1075              2201                 57        0         0
87   Brazil 2020-03-25    33218           35200      37182              1120              2433                 77        0         0
88   Brazil 2020-03-26    34609           36674      38739              1166              2915                 92        0         0
89   Brazil 2020-03-27    36057           38208      40359              1215              3417                114        0         0
90   Brazil 2020-03-28    37565           39806      42047              1266              3904                136        0         0
91   Brazil 2020-03-29    39135           41470      43805              1319              4256                159        0         0
92   Brazil 2020-03-30    40770           43202      45634              1374              4579                201        0         0
93   Brazil 2020-03-31    42473           45007      47541              1431              5717                241        0         0
94   Brazil 2020-04-01    44246           46886      49526              1491              6836                299        0         0
95   Brazil 2020-04-02    46093           48843      51593              1553              7910                359        0         0
96   Brazil 2020-04-03    48015           50880      53745              1618              9056                432        0         0
97   Brazil 2020-04-04    50017           53001      55985              1686             10278                486        0         0
98   Brazil 2020-04-05    52102           55210      58318              1756             11130                553        0         0
99   Brazil 2020-04-06    54271           57509      60747              1829             12056                667        0         0
100  Brazil 2020-04-07    56530           59903      63276              1905             13717                800        0         0
101  Brazil 2020-04-08    58882           62395      65908              1984             15927                941        0         0
102  Brazil 2020-04-09    61331           64990      68649              2067             17857               1056        0         0
103  Brazil 2020-04-10    63879           67690      71501              2153             19638               1124        0         0
104  Brazil 2020-04-11    66532           70501      74470              2242             20727               1223        0         0
105  Brazil 2020-04-12    69292           73426      77560              2335             22169               1328        0         0
106  Brazil 2020-04-13    72166           76471      80776              2432             23430               1532        0         0
107  Brazil 2020-04-14    75155           79639      84123              2533             25262               1736        0         0
108  Brazil 2020-04-15    78268           82937      87606              2638             28320               1924        0         0
109  Brazil 2020-04-16    81505           86368      91231              2747             30425               2141        0         0
110  Brazil 2020-04-17    84874           89938      95002              2860             33682               2347        0         0
111  Brazil 2020-04-18    88379           93652      98925              2979             36599               2462        0         0
112  Brazil 2020-04-19    92027           97517     103007              3101             38654               2575        0         0
113  Brazil 2020-04-20    95820          101537     107254              3229             40581               2741        0         0
114  Brazil 2020-04-21    99767          105719     111671              3362             43079               2906        0         0
115  Brazil 2020-04-22   103871          110068     116265              3501             45757               3313        0         0
116  Brazil 2020-04-23   108140          114592     121044              3645             49492               3670        0         0
117  Brazil 2020-04-24   112579          119296     126013              3794             52995               4016        0         0
118  Brazil 2020-04-25   117196          124188     131180              3950             58509               4205        0         0
119  Brazil 2020-04-26   121996          129274     136552              4111             61888               4543        0         0
120  Brazil 2020-04-27   126986          134562     142138              4280             66501               5017        0         0
121  Brazil 2020-04-28   132173          140059     147945              4454             71886               5466        0         0
122  Brazil 2020-04-29   137566          145773     153980              4636             78162               5901        0         0
123  Brazil 2020-04-30   143170          151712     160254              4825             85380               6329        0         0
124  Brazil 2020-05-01   148995          157884     166773              5021             91589               6750        0         0
125  Brazil 2020-05-02   155047          164297     173547              5225             96559               7025        0         0
126  Brazil 2020-05-03   161335          170960     180585              5437            101147               7321        0         0
127  Brazil 2020-05-04   167867          177882     187897              5657            107780               7921        0         0
128  Brazil 2020-05-05   174652          185072     195492              5886            114715               8536        0         0
129  Brazil 2020-05-06   181699          192539     203379              6124            125218               9146        0         0
130  Brazil 2020-05-07   189016          200293     211570              6370            135106               9897        0         0
131  Brazil 2020-05-08   196613          208343     220073              6626            145328              10627        0         0
132  Brazil 2020-05-09   204500          216701     228902              6892            155939              11123        0         0
133  Brazil 2020-05-10   212686          225375     238064              7168            162699              11519        0         0
134  Brazil 2020-05-11   221181          234377     247573              7454            168331              12400        0         0
135  Brazil 2020-05-12   229996          243718     257440              7751            177589              13149        0         0
136  Brazil 2020-05-13   239141          253408     267675              8059            188974              13993        0         0
137  Brazil 2020-05-14   248626          263459     278292              8379            202918              14817        0         0
138  Brazil 2020-05-15   258462          273882     289302              8711            218223              15633        0         0
139  Brazil 2020-05-16   268661          284689     300717              9054            233142              16118        0         0
140  Brazil 2020-05-17   279232          295891     312550              9411            241080              16792        0         0
141  Brazil 2020-05-18   290189          307502     324815              9780            254220              17971        0         0
142  Brazil 2020-05-19   301542          319532     337522             10163            271628              18859        0         0
143  Brazil 2020-05-20   313302          331994     350686             10559            291579              20047        0         0
144  Brazil 2020-05-21   325483          344901     364319             10969            310087              21048        0         0
145  Brazil 2020-05-22   338095          358266     378437             11394            330890              22013        0         0
146  Brazil 2020-05-23   351150          372100     393050             11834            347398              22666        0         0
147  Brazil 2020-05-24   364661          386417     408173             12290            363211              23473        0         0
148  Brazil 2020-05-25   378640          401230     423820             12761            374898              24512        0         0
149  Brazil 2020-05-26   393099          416552     440005             13248            391222              25598        0         0
150  Brazil 2020-05-27   408050          432395     456740             13752            411821              26754        0         0
151  Brazil 2020-05-28   423505          448772     474039             14273            438238              27878        0         0
152  Brazil 2020-05-29   439477          465697     491917             14811            465166              28834        0         0
153  Brazil 2020-05-30   455977          483181     510385             15367            498440              29314        0         0
154  Brazil 2020-05-31   473017          501237     529457             15942            514849              29937        0         0
155  Brazil 2020-06-01   490608          519878     549148             16534            526447              31199        0         0
156  Brazil 2020-06-02   508763          539116     569469             17146            555383              32548        0         0
157  Brazil 2020-06-03   527492          558963     590434             17777            584016              34021        0         0
158  Brazil 2020-06-04   546806          579429     612052             18428            614932              35026        0         0
159  Brazil 2020-06-05   566717          600528     634339             19099            645762              35930        0         0
160  Brazil 2020-06-06   587234          622269     657304             19791            672837              36455        0         0
161  Brazil 2020-06-07   608366          644662     680958             20503            691758              37134        0         0
162  Brazil 2020-06-08   630124          667718     705312             21236            707412              38406        0         0
163  Brazil 2020-06-09   652516          691446     730376             21991            739503              39680        0         0
164  Brazil 2020-06-10   675550          715854     756158             22767            772416              40919        0         0
165  Brazil 2020-06-11   699234          740951     782668             23565            802828              41828        0         0
166  Brazil 2020-06-12   723574          766743     809912             24386            828810              42720        0         0
167  Brazil 2020-06-13   748576          793237     837898             25228            850514              43332        0         0
168  Brazil 2020-06-14   774247          820439     866631             26094            867624              43959        0         0
169  Brazil 2020-06-15   800588          848352     896116             26981            888271              45241        0         0
170  Brazil 2020-06-16   827606          876981     926356             27892            923189              46510        0         0
171  Brazil 2020-06-17   855300          906328     957356             28825            955377              47748        0         0
172  Brazil 2020-06-18   883673          936394     989115             29781            978142              48954        0         0
173  Brazil 2020-06-19   912726          967180    1021634             30761           1032913              49976        0         0
174  Brazil 2020-06-20   942456          998684    1054912             31763           1067579              50617        0         0
175  Brazil 2020-06-21   972861         1030903    1088945             32787           1085038              51271        0         0
176  Brazil 2020-06-22  1003939         1063835    1123731             33835           1106470              52645        0         0
177  Brazil 2020-06-23  1035684         1097474    1159264             34904           1145906              53830        0         0
178  Brazil 2020-06-24  1068090         1131813    1195536             35997           1188631              54971        0         0
179  Brazil 2020-06-25  1101149         1166844    1232539             37111           1228114              55961        0         0
180  Brazil 2020-06-26  1134852         1202558    1270264             38247           1274974              57070        0         0
181  Brazil 2020-06-27  1169188         1238943    1308698             39404           1313667              57622        0         0
182  Brazil 2020-06-28  1204146         1275986    1347826             40582           1344143              58314        0         0
183  Brazil 2020-06-29  1239711         1313673    1387635             41781           1368195              59594        0         0
184  Brazil 2020-06-30  1275868         1351987    1428106             42999           1402041              60632        0         0
185  Brazil 2020-07-01  1312601         1390912    1469223             44237           1448753              61884        0         0
186  Brazil 2020-07-02  1349892         1430427    1510962             45494           1496858              63174        0         0
187  Brazil 2020-07-03  1387720         1470512    1553304             46769           1539081              64265        0         0
188  Brazil 2020-07-04  1426065         1511145    1596225             48061           1577004              64867        0         0
189  Brazil 2020-07-05  1464903         1552300    1639697             49370           1603055              65487        0         0
190  Brazil 2020-07-06  1504210         1593952    1683694             50695           1623284              66741        0         0
191  Brazil 2020-07-07  1543961         1636075    1728189             52034           1668589              67964        0         0
192  Brazil 2020-07-08  1584129         1678639    1773149             53388           1713160              69184        0         0
193  Brazil 2020-07-09  1624686         1721616    1818546             54755           1755779              70398        0         0
194  Brazil 2020-07-10  1665601         1764972    1864343             56134           1800827              71469        0         0
195  Brazil 2020-07-11  1706846         1808677    1910508             57524           1839850              72100        0         0
196  Brazil 2020-07-12  1748386         1852696    1957006             58924           1864681              72833        0         0
197  Brazil 2020-07-13  1790191         1896995    2003799             60333           1884967              74133        0         0
198  Brazil 2020-07-14  1832226         1941538    2050850             61749           1926824              75366        0         0
199  Brazil 2020-07-15  1874459         1986290    2098121             63173           1966748              76688        0         0
200  Brazil 2020-07-16  1916851         2031212    2145573             64601           2012151              77851        0         0
201  Brazil 2020-07-17  1959371         2076268    2193165             66034           2046328              78772        0         0
202  Brazil 2020-07-18  2001980         2121419    2240858             67470           2074860              79488        0         0
203  Brazil 2020-07-19  2044643         2166628    2288613             68908           2098389              80120        0         0
204  Brazil 2020-07-20  2087324         2211855    2336386             70347           2118646              81487        0         0
205  Brazil 2020-07-21  2129986         2257062    2384138             71784           2159654              82771        0         0
206  Brazil 2020-07-22  2172592         2302210    2431828             73220           2227514              84082        0         0
207  Brazil 2020-07-23  2215106         2347261    2479416             74653           2287475              85238        0         0
208  Brazil 2020-07-24  2257494         2392177    2526860             76082           2343366              86449        0         0
209  Brazil 2020-07-25  2299717         2436920    2574123             77505           2394513              87004        0         0
210  Brazil 2020-07-26  2341744         2481454    2621164             78921           2419091              87618        0         0
211  Brazil 2020-07-27  2383539         2525742    2667945             80330           2442375              88539        0         0
212  Brazil 2020-07-28  2425067         2569748    2714429             81729           2483191              90134        0         0
213  Brazil 2020-07-29  2466298         2613439    2760580             83119           2552265              91263        0         0
214  Brazil 2020-07-30  2507199         2656780    2806361             84497           2610102              92475        0         0
215  Brazil 2020-07-31  2547739         2699739    2851739             85863           2662485              93563        0         0
216  Brazil 2020-08-01  2587891         2742286    2896681             87217           2707877              94104        0         0
217  Brazil 2020-08-02  2627623         2784389    2941155             88556           2733677              94665        0         0
218  Brazil 2020-08-03  2666911         2826021    2985131             89880           2750318              95819        0         0
219  Brazil 2020-08-04  2705729         2867155    3028581             91188           2801921              97256        0         0
220  Brazil 2020-08-05  2744052         2907764    3071476             92480           2859073              98493        0         0
221  Brazil 2020-08-06  2781859         2947826    3113793             93754           2912212              99572        0         0
222  Brazil 2020-08-07  2819125         2987316    3155507             95010           2962442             100477        0         0
223  Brazil 2020-08-08  2855835         3026216    3196597             96247           3012412             101049        0         0
224  Brazil 2020-08-09  2891967         3064504    3237041             97465           3035422             101752        0         0
225  Brazil 2020-08-10  2927507         3102164    3276821             98662           3057470             103026        0         0
226  Brazil 2020-08-11  2962439         3139180    3315921             99840           3109630             104201        0         0
227  Brazil 2020-08-12  2996748         3175536    3354324            100996           3164785             105463        0         0
228  Brazil 2020-08-13  3030424         3211221    3392018            102131           3224876             106523        0         0
229  Brazil 2020-08-14  3063455         3246223    3428991            103244           3275520             107232        0         0
230  Brazil 2020-08-15  3095834         3280533    3465232            104335           3317096             107852        0         0
231  Brazil 2020-08-16  3127550         3314142    3500734            105404           3340197             108536        0         0
232  Brazil 2020-08-17  3158600         3347044    3535488            106451           3359570             109888        0         0
233  Brazil 2020-08-18  3188977         3379233    3569489            107474           3407354             111100        0         0
234  Brazil 2020-08-19  3218679         3410707    3602735            108475           3456652             112304        0         0
235  Brazil 2020-08-20  3247702         3441462    3635222            109454           3501975             113358        0         0
236  Brazil 2020-08-21  3276047         3471498    3666949            110409           3532330             114250        0         0
237  Brazil 2020-08-22  3303712         3500814    3697916            111341           3582362             114744        0         0
238  Brazil 2020-08-23  3330701         3529413    3728125            112251           3605783             115309        0         0
239  Brazil 2020-08-24  3357014         3557296    3757578            113138           3622861             115646        0         0
240  Brazil 2020-08-25  3382657         3584468    3786279            114002           3636167             115646        0         0
241  Brazil 2020-08-26  3407631         3610932    3814233            114843                NA                 NA        0         0
242  Brazil 2020-08-27  3431943         3636695    3841447            115663                NA                 NA        0         0
243  Brazil 2020-08-28  3455599         3661762    3867925            116460                NA                 NA        0         0
244  Brazil 2020-08-29  3478605         3686141    3893677            117235                NA                 NA        0         0
245  Brazil 2020-08-30  3500970         3709840    3918710            117989                NA                 NA        0         0
246  Brazil 2020-08-31  3522701         3732868    3943035            118722                NA                 NA        0         0
247  Brazil 2020-09-01  3543808         3755234    3966660            119433                NA                 NA        0         0
248  Brazil 2020-09-02  3564299         3776947    3989595            120123                NA                 NA        0         0
249  Brazil 2020-09-03  3584184         3798019    4011854            120794                NA                 NA        0         0
250  Brazil 2020-09-04  3603473         3818459    4033445            121444                NA                 NA        0         0

Fontes:
	OMS - https://ourworldindata.org/coronavirus-source-data
	Worldometers - https://www.worldometers.info/coronavirus