
 Brazil 
Projecao:  10  dias
Gerado em:  2020-08-22 20:41:16
RMSE(%):  5.8 , BIAS(%): 1.69

Taxa de Mortalidade 3.19 %

    country       dias otimista casos_estimados pessimista estimativa_mortes casos_confirmados mortes_confirmadas latitude longitude
228  Brazil 2020-08-13  3011313         3197761    3384209            101999           3224876             106523        0         0
229  Brazil 2020-08-14  3043306         3231735    3420164            103082           3275520             107232        0         0
230  Brazil 2020-08-15  3074636         3265004    3455372            104144           3317096             107852        0         0
231  Brazil 2020-08-16  3105294         3297561    3489828            105182           3340197             108536        0         0
232  Brazil 2020-08-17  3135279         3329402    3523525            106198           3359570             109888        0         0
233  Brazil 2020-08-18  3164584         3360522    3556460            107190           3407354             111100        0         0
234  Brazil 2020-08-19  3193210         3390920    3588630            108160           3456652             112304        0         0
235  Brazil 2020-08-20  3221155         3420595    3620035            109106           3501975             113358        0         0
236  Brazil 2020-08-21  3248420         3449548    3650676            110030           3532330             114277        0         0
237  Brazil 2020-08-22  3275006         3477780    3680554            110930           3582698             114277        0         0
238  Brazil 2020-08-23  3300915         3505294    3709673            111808                NA                 NA        0         0
239  Brazil 2020-08-24  3326153         3532094    3738035            112663                NA                 NA        0         0
240  Brazil 2020-08-25  3350723         3558185    3765647            113495                NA                 NA        0         0
241  Brazil 2020-08-26  3374630         3583573    3792516            114305                NA                 NA        0         0
242  Brazil 2020-08-27  3397882         3608264    3818646            115092                NA                 NA        0         0
243  Brazil 2020-08-28  3420485         3632267    3844049            115858                NA                 NA        0         0
244  Brazil 2020-08-29  3442447         3655589    3868731            116602                NA                 NA        0         0
245  Brazil 2020-08-30  3463778         3678240    3892702            117324                NA                 NA        0         0
246  Brazil 2020-08-31  3484485         3700229    3915973            118026                NA                 NA        0         0
247  Brazil 2020-09-01  3504578         3721566    3938554            118706                NA                 NA        0         0

Total de casos no mundo:  23357445 6892816 5704482 6214847 3334730 1182866 26983 721 23357445

Estimados a partir dos dados da OMS:
    day       date       x    xest
1     1 2019-12-30       0     945
2     2 2019-12-31       0     985
3     3 2020-01-01       0    1027
4     4 2020-01-02       0    1071
5     5 2020-01-03       0    1116
6     6 2020-01-04       0    1164
7     7 2020-01-05       0    1214
8     8 2020-01-06       0    1266
9     9 2020-01-07       0    1320
10   10 2020-01-08       0    1376
11   11 2020-01-09       0    1435
12   12 2020-01-10       0    1496
13   13 2020-01-11       0    1560
14   14 2020-01-12       0    1626
15   15 2020-01-13       0    1695
16   16 2020-01-14       0    1768
17   17 2020-01-15       0    1843
18   18 2020-01-16       0    1922
19   19 2020-01-17       0    2004
20   20 2020-01-18       0    2089
21   21 2020-01-19       0    2178
22   22 2020-01-20       0    2271
23   23 2020-01-21       0    2368
24   24 2020-01-22       0    2469
25   25 2020-01-23       0    2574
26   26 2020-01-24       0    2684
27   27 2020-01-25       0    2799
28   28 2020-01-26       0    2918
29   29 2020-01-27       0    3042
30   30 2020-01-28       0    3172
31   31 2020-01-29       0    3307
32   32 2020-01-30       0    3448
33   33 2020-01-31       0    3595
34   34 2020-02-01       0    3749
35   35 2020-02-02       0    3909
36   36 2020-02-03       0    4075
37   37 2020-02-04       0    4249
38   38 2020-02-05       0    4430
39   39 2020-02-06       0    4619
40   40 2020-02-07       0    4816
41   41 2020-02-08       0    5021
42   42 2020-02-09       0    5235
43   43 2020-02-10       0    5458
44   44 2020-02-11       0    5691
45   45 2020-02-12       0    5933
46   46 2020-02-13       0    6186
47   47 2020-02-14       0    6450
48   48 2020-02-15       0    6725
49   49 2020-02-16       0    7011
50   50 2020-02-17       0    7310
51   51 2020-02-18       0    7621
52   52 2020-02-19       0    7946
53   53 2020-02-20       0    8284
54   54 2020-02-21       0    8637
55   55 2020-02-22       0    9005
56   56 2020-02-23       0    9389
57   57 2020-02-24       0    9788
58   58 2020-02-25       1   10205
59   59 2020-02-26       1   10639
60   60 2020-02-27       1   11092
61   61 2020-02-28       1   11564
62   62 2020-02-29       2   12056
63   63 2020-03-01       2   12570
64   64 2020-03-02       2   13104
65   65 2020-03-03       2   13662
66   66 2020-03-04       3   14243
67   67 2020-03-05       8   14849
68   68 2020-03-06      13   15480
69   69 2020-03-07      13   16138
70   70 2020-03-08      25   16824
71   71 2020-03-09      25   17539
72   72 2020-03-10      34   18284
73   73 2020-03-11      52   19061
74   74 2020-03-12      77   19871
75   75 2020-03-13      98   20715
76   76 2020-03-14     121   21594
77   77 2020-03-15     200   22511
78   78 2020-03-16     234   23466
79   79 2020-03-17     291   24462
80   80 2020-03-18     428   25500
81   81 2020-03-19     621   26581
82   82 2020-03-20     904   27708
83   83 2020-03-21    1128   28883
84   84 2020-03-22    1546   30107
85   85 2020-03-23    1891   31382
86   86 2020-03-24    2201   32711
87   87 2020-03-25    2433   34096
88   88 2020-03-26    2915   35539
89   89 2020-03-27    3417   37043
90   90 2020-03-28    3904   38610
91   91 2020-03-29    4256   40242
92   92 2020-03-30    4579   41942
93   93 2020-03-31    5717   43714
94   94 2020-04-01    6836   45560
95   95 2020-04-02    7910   47483
96   96 2020-04-03    9056   49486
97   97 2020-04-04   10278   51572
98   98 2020-04-05   11130   53745
99   99 2020-04-06   12056   56009
100 100 2020-04-07   13717   58367
101 101 2020-04-08   15927   60822
102 102 2020-04-09   17857   63380
103 103 2020-04-10   19638   66043
104 104 2020-04-11   20727   68816
105 105 2020-04-12   22169   71704
106 106 2020-04-13   23430   74711
107 107 2020-04-14   25262   77842
108 108 2020-04-15   28320   81101
109 109 2020-04-16   30425   84494
110 110 2020-04-17   33682   88026
111 111 2020-04-18   36599   91702
112 112 2020-04-19   38654   95529
113 113 2020-04-20   40581   99511
114 114 2020-04-21   43079  103655
115 115 2020-04-22   45757  107968
116 116 2020-04-23   49492  112455
117 117 2020-04-24   52995  117123
118 118 2020-04-25   58509  121980
119 119 2020-04-26   61888  127032
120 120 2020-04-27   66501  132286
121 121 2020-04-28   71886  137751
122 122 2020-04-29   78162  143433
123 123 2020-04-30   85380  149342
124 124 2020-05-01   91589  155485
125 125 2020-05-02   96559  161870
126 126 2020-05-03  101147  168508
127 127 2020-05-04  107780  175406
128 128 2020-05-05  114715  182573
129 129 2020-05-06  125218  190021
130 130 2020-05-07  135106  197757
131 131 2020-05-08  145328  205793
132 132 2020-05-09  155939  214138
133 133 2020-05-10  162699  222803
134 134 2020-05-11  168331  231799
135 135 2020-05-12  177589  241136
136 136 2020-05-13  188974  250827
137 137 2020-05-14  202918  260882
138 138 2020-05-15  218223  271313
139 139 2020-05-16  233142  282132
140 140 2020-05-17  241080  293351
141 141 2020-05-18  254220  304983
142 142 2020-05-19  271628  317039
143 143 2020-05-20  291579  329533
144 144 2020-05-21  310087  342476
145 145 2020-05-22  330890  355882
146 146 2020-05-23  347398  369765
147 147 2020-05-24  363211  384135
148 148 2020-05-25  374898  399008
149 149 2020-05-26  391222  414396
150 150 2020-05-27  411821  430312
151 151 2020-05-28  438238  446769
152 152 2020-05-29  465166  463780
153 153 2020-05-30  498440  481357
154 154 2020-05-31  514849  499515
155 155 2020-06-01  526447  518264
156 156 2020-06-02  555383  537617
157 157 2020-06-03  584016  557587
158 158 2020-06-04  614932  578185
159 159 2020-06-05  645762  599422
160 160 2020-06-06  672837  621308
161 161 2020-06-07  691758  643855
162 162 2020-06-08  707412  667072
163 163 2020-06-09  739503  690968
164 164 2020-06-10  772416  715552
165 165 2020-06-11  802828  740831
166 166 2020-06-12  828810  766812
167 167 2020-06-13  850514  793501
168 168 2020-06-14  867624  820903
169 169 2020-06-15  888271  849023
170 170 2020-06-16  923189  877863
171 171 2020-06-17  955377  907426
172 172 2020-06-18  978142  937711
173 173 2020-06-19 1032913  968719
174 174 2020-06-20 1067579 1000448
175 175 2020-06-21 1085038 1032893
176 176 2020-06-22 1106470 1066052
177 177 2020-06-23 1145906 1099916
178 178 2020-06-24 1188631 1134480
179 179 2020-06-25 1228114 1169733
180 180 2020-06-26 1274974 1205664
181 181 2020-06-27 1313667 1242262
182 182 2020-06-28 1344143 1279512
183 183 2020-06-29 1368195 1317398
184 184 2020-06-30 1402041 1355902
185 185 2020-07-01 1448753 1395006
186 186 2020-07-02 1496858 1434689
187 187 2020-07-03 1539081 1474929
188 188 2020-07-04 1577004 1515700
189 189 2020-07-05 1603055 1556978
190 190 2020-07-06 1623284 1598735
191 191 2020-07-07 1668589 1640943
192 192 2020-07-08 1713160 1683572
193 193 2020-07-09 1755779 1726590
194 194 2020-07-10 1800827 1769964
195 195 2020-07-11 1839850 1813661
196 196 2020-07-12 1864681 1857646
197 197 2020-07-13 1884967 1901882
198 198 2020-07-14 1926824 1946333
199 199 2020-07-15 1966748 1990962
200 200 2020-07-16 2012151 2035730
201 201 2020-07-17 2046328 2080599
202 202 2020-07-18 2074860 2125529
203 203 2020-07-19 2098389 2170483
204 204 2020-07-20 2118646 2215420
205 205 2020-07-21 2159654 2260301
206 206 2020-07-22 2227514 2305087
207 207 2020-07-23 2287475 2349740
208 208 2020-07-24 2343366 2394221
209 209 2020-07-25 2394513 2438494
210 210 2020-07-26 2419091 2482520
211 211 2020-07-27 2442375 2526264
212 212 2020-07-28 2483191 2569691
213 213 2020-07-29 2552265 2612766
214 214 2020-07-30 2610102 2655458
215 215 2020-07-31 2662485 2697733
216 216 2020-08-01 2707877 2739563
217 217 2020-08-02 2733677 2780917
218 218 2020-08-03 2750318 2821770
219 219 2020-08-04 2801921 2862093
220 220 2020-08-05 2859073 2901865
221 221 2020-08-06 2912212 2941060
222 222 2020-08-07 2962442 2979660
223 223 2020-08-08 3012412 3017643
224 224 2020-08-09 3035422 3054993
225 225 2020-08-10 3057470 3091694
226 226 2020-08-11 3109630 3127730
227 227 2020-08-12 3164785 3163089
228 228 2020-08-13 3224876 3197761
229 229 2020-08-14 3275520 3231735
230 230 2020-08-15 3317096 3265004
231 231 2020-08-16 3340197 3297561
232 232 2020-08-17 3359570 3329402
233 233 2020-08-18 3407354 3360522
234 234 2020-08-19 3456652 3390920
235 235 2020-08-20 3501975 3420595
236 236 2020-08-21 3532330 3449548
237 237 2020-08-22 3582698 3477780

Intervalo de Confianca
              2.5%         97.5%
Asym 4211624.27925 4400939.17166
xmid     201.33883     203.88353
scal      23.42584      24.44538


Formula: x ~ SSlogis(day, Asym, xmid, scal)

Parameters:
         Estimate   Std. Error t value            Pr(>|t|)    
Asym 4303019.7770   47928.7830   89.78 <0.0000000000000002 ***
xmid     202.5779       0.6430  315.06 <0.0000000000000002 ***
scal      23.9295       0.2688   89.03 <0.0000000000000002 ***
---
Signif. codes:  0 ‘***’ 0.001 ‘**’ 0.01 ‘*’ 0.05 ‘.’ 0.1 ‘ ’ 1

Residual standard error: 41820 on 234 degrees of freedom

Number of iterations to convergence: 7 
Achieved convergence tolerance: 0.0000000149


Brazil: o primeiro caso foi registrado em 25/02/2020 na data 22/08/2020 temos 179 dias desde o primeiro caso. A data de pico prevista pelo modelo logístico é 15/09/2020 (dia 203 desde os primeiros casos relatados).
Em 15/09/2020 o modelo estima 4303020+/-47929 casos. De acordo com o modelo ajustado temos 24 de infecçao pela frente.

Todos os dados gerados
    country       dias otimista casos_estimados pessimista estimativa_mortes casos_confirmados mortes_confirmadas latitude longitude
1    Brazil 2019-12-30      890             945       1000                30                 0                  0        0         0
2    Brazil 2019-12-31      928             985       1042                31                 0                  0        0         0
3    Brazil 2020-01-01      967            1027       1087                33                 0                  0        0         0
4    Brazil 2020-01-02     1009            1071       1133                34                 0                  0        0         0
5    Brazil 2020-01-03     1051            1116       1181                36                 0                  0        0         0
6    Brazil 2020-01-04     1096            1164       1232                37                 0                  0        0         0
7    Brazil 2020-01-05     1143            1214       1285                39                 0                  0        0         0
8    Brazil 2020-01-06     1192            1266       1340                40                 0                  0        0         0
9    Brazil 2020-01-07     1243            1320       1397                42                 0                  0        0         0
10   Brazil 2020-01-08     1296            1376       1456                44                 0                  0        0         0
11   Brazil 2020-01-09     1351            1435       1519                46                 0                  0        0         0
12   Brazil 2020-01-10     1409            1496       1583                48                 0                  0        0         0
13   Brazil 2020-01-11     1469            1560       1651                50                 0                  0        0         0
14   Brazil 2020-01-12     1531            1626       1721                52                 0                  0        0         0
15   Brazil 2020-01-13     1596            1695       1794                54                 0                  0        0         0
16   Brazil 2020-01-14     1665            1768       1871                56                 0                  0        0         0
17   Brazil 2020-01-15     1736            1843       1950                59                 0                  0        0         0
18   Brazil 2020-01-16     1810            1922       2034                61                 0                  0        0         0
19   Brazil 2020-01-17     1887            2004       2121                64                 0                  0        0         0
20   Brazil 2020-01-18     1967            2089       2211                67                 0                  0        0         0
21   Brazil 2020-01-19     2051            2178       2305                69                 0                  0        0         0
22   Brazil 2020-01-20     2139            2271       2403                72                 0                  0        0         0
23   Brazil 2020-01-21     2230            2368       2506                76                 0                  0        0         0
24   Brazil 2020-01-22     2325            2469       2613                79                 0                  0        0         0
25   Brazil 2020-01-23     2424            2574       2724                82                 0                  0        0         0
26   Brazil 2020-01-24     2528            2684       2840                86                 0                  0        0         0
27   Brazil 2020-01-25     2636            2799       2962                89                 0                  0        0         0
28   Brazil 2020-01-26     2748            2918       3088                93                 0                  0        0         0
29   Brazil 2020-01-27     2865            3042       3219                97                 0                  0        0         0
30   Brazil 2020-01-28     2987            3172       3357               101                 0                  0        0         0
31   Brazil 2020-01-29     3114            3307       3500               105                 0                  0        0         0
32   Brazil 2020-01-30     3247            3448       3649               110                 0                  0        0         0
33   Brazil 2020-01-31     3385            3595       3805               115                 0                  0        0         0
34   Brazil 2020-02-01     3530            3749       3968               120                 0                  0        0         0
35   Brazil 2020-02-02     3681            3909       4137               125                 0                  0        0         0
36   Brazil 2020-02-03     3837            4075       4313               130                 0                  0        0         0
37   Brazil 2020-02-04     4001            4249       4497               136                 0                  0        0         0
38   Brazil 2020-02-05     4172            4430       4688               141                 0                  0        0         0
39   Brazil 2020-02-06     4350            4619       4888               147                 0                  0        0         0
40   Brazil 2020-02-07     4535            4816       5097               154                 0                  0        0         0
41   Brazil 2020-02-08     4728            5021       5314               160                 0                  0        0         0
42   Brazil 2020-02-09     4930            5235       5540               167                 0                  0        0         0
43   Brazil 2020-02-10     5140            5458       5776               174                 0                  0        0         0
44   Brazil 2020-02-11     5359            5691       6023               182                 0                  0        0         0
45   Brazil 2020-02-12     5587            5933       6279               189                 0                  0        0         0
46   Brazil 2020-02-13     5825            6186       6547               197                 0                  0        0         0
47   Brazil 2020-02-14     6074            6450       6826               206                 0                  0        0         0
48   Brazil 2020-02-15     6333            6725       7117               215                 0                  0        0         0
49   Brazil 2020-02-16     6602            7011       7420               224                 0                  0        0         0
50   Brazil 2020-02-17     6884            7310       7736               233                 0                  0        0         0
51   Brazil 2020-02-18     7177            7621       8065               243                 0                  0        0         0
52   Brazil 2020-02-19     7483            7946       8409               253                 0                  0        0         0
53   Brazil 2020-02-20     7801            8284       8767               264                 0                  0        0         0
54   Brazil 2020-02-21     8133            8637       9141               275                 0                  0        0         0
55   Brazil 2020-02-22     8480            9005       9530               287                 0                  0        0         0
56   Brazil 2020-02-23     8842            9389       9936               299                 0                  0        0         0
57   Brazil 2020-02-24     9217            9788      10359               312                 0                  0        0         0
58   Brazil 2020-02-25     9610           10205      10800               326                 1                  0        0         0
59   Brazil 2020-02-26    10019           10639      11259               339                 1                  0        0         0
60   Brazil 2020-02-27    10445           11092      11739               354                 1                  0        0         0
61   Brazil 2020-02-28    10890           11564      12238               369                 1                  0        0         0
62   Brazil 2020-02-29    11353           12056      12759               385                 2                  0        0         0
63   Brazil 2020-03-01    11837           12570      13303               401                 2                  0        0         0
64   Brazil 2020-03-02    12340           13104      13868               418                 2                  0        0         0
65   Brazil 2020-03-03    12865           13662      14459               436                 2                  0        0         0
66   Brazil 2020-03-04    13413           14243      15073               454                 3                  0        0         0
67   Brazil 2020-03-05    13983           14849      15715               474                 8                  0        0         0
68   Brazil 2020-03-06    14577           15480      16383               494                13                  0        0         0
69   Brazil 2020-03-07    15197           16138      17079               515                13                  0        0         0
70   Brazil 2020-03-08    15843           16824      17805               537                25                  0        0         0
71   Brazil 2020-03-09    16516           17539      18562               559                25                  0        0         0
72   Brazil 2020-03-10    17218           18284      19350               583                34                  0        0         0
73   Brazil 2020-03-11    17950           19061      20172               608                52                  0        0         0
74   Brazil 2020-03-12    18712           19871      21030               634                77                  0        0         0
75   Brazil 2020-03-13    19507           20715      21923               661                98                  0        0         0
76   Brazil 2020-03-14    20335           21594      22853               689               121                  0        0         0
77   Brazil 2020-03-15    21198           22511      23824               718               200                  0        0         0
78   Brazil 2020-03-16    22098           23466      24834               748               234                  1        0         0
79   Brazil 2020-03-17    23036           24462      25888               780               291                  4        0         0
80   Brazil 2020-03-18    24013           25500      26987               813               428                  6        0         0
81   Brazil 2020-03-19    25031           26581      28131               848               621                 11        0         0
82   Brazil 2020-03-20    26092           27708      29324               884               904                 18        0         0
83   Brazil 2020-03-21    27199           28883      30567               921              1128                 25        0         0
84   Brazil 2020-03-22    28352           30107      31862               960              1546                 34        0         0
85   Brazil 2020-03-23    29552           31382      33212              1001              1891                 46        0         0
86   Brazil 2020-03-24    30804           32711      34618              1043              2201                 57        0         0
87   Brazil 2020-03-25    32108           34096      36084              1088              2433                 77        0         0
88   Brazil 2020-03-26    33467           35539      37611              1134              2915                 92        0         0
89   Brazil 2020-03-27    34883           37043      39203              1182              3417                114        0         0
90   Brazil 2020-03-28    36359           38610      40861              1232              3904                136        0         0
91   Brazil 2020-03-29    37896           40242      42588              1284              4256                159        0         0
92   Brazil 2020-03-30    39497           41942      44387              1338              4579                201        0         0
93   Brazil 2020-03-31    41165           43714      46263              1394              5717                241        0         0
94   Brazil 2020-04-01    42904           45560      48216              1453              6836                299        0         0
95   Brazil 2020-04-02    44714           47483      50252              1515              7910                359        0         0
96   Brazil 2020-04-03    46601           49486      52371              1578              9056                432        0         0
97   Brazil 2020-04-04    48565           51572      54579              1645             10278                486        0         0
98   Brazil 2020-04-05    50611           53745      56879              1714             11130                553        0         0
99   Brazil 2020-04-06    52743           56009      59275              1787             12056                667        0         0
100  Brazil 2020-04-07    54964           58367      61770              1862             13717                800        0         0
101  Brazil 2020-04-08    57276           60822      64368              1940             15927                941        0         0
102  Brazil 2020-04-09    59685           63380      67075              2022             17857               1056        0         0
103  Brazil 2020-04-10    62192           66043      69894              2107             19638               1124        0         0
104  Brazil 2020-04-11    64804           68816      72828              2195             20727               1223        0         0
105  Brazil 2020-04-12    67523           71704      75885              2287             22169               1328        0         0
106  Brazil 2020-04-13    70355           74711      79067              2383             23430               1532        0         0
107  Brazil 2020-04-14    73303           77842      82381              2483             25262               1736        0         0
108  Brazil 2020-04-15    76372           81101      85830              2587             28320               1924        0         0
109  Brazil 2020-04-16    79568           84494      89420              2695             30425               2141        0         0
110  Brazil 2020-04-17    82894           88026      93158              2808             33682               2347        0         0
111  Brazil 2020-04-18    86355           91702      97049              2925             36599               2462        0         0
112  Brazil 2020-04-19    89959           95529     101099              3047             38654               2575        0         0
113  Brazil 2020-04-20    93709           99511     105313              3174             40581               2741        0         0
114  Brazil 2020-04-21    97611          103655     109699              3306             43079               2906        0         0
115  Brazil 2020-04-22   101673          107968     114263              3444             45757               3313        0         0
116  Brazil 2020-04-23   105898          112455     119012              3587             49492               3670        0         0
117  Brazil 2020-04-24   110294          117123     123952              3736             52995               4016        0         0
118  Brazil 2020-04-25   114868          121980     129092              3891             58509               4205        0         0
119  Brazil 2020-04-26   119625          127032     134439              4052             61888               4543        0         0
120  Brazil 2020-04-27   124573          132286     139999              4220             66501               5017        0         0
121  Brazil 2020-04-28   129719          137751     145783              4394             71886               5466        0         0
122  Brazil 2020-04-29   135070          143433     151796              4575             78162               5901        0         0
123  Brazil 2020-04-30   140635          149342     158049              4764             85380               6329        0         0
124  Brazil 2020-05-01   146419          155485     164551              4959             91589               6750        0         0
125  Brazil 2020-05-02   152432          161870     171308              5163             96559               7025        0         0
126  Brazil 2020-05-03   158683          168508     178333              5375            101147               7321        0         0
127  Brazil 2020-05-04   165179          175406     185633              5595            107780               7921        0         0
128  Brazil 2020-05-05   171928          182573     193218              5824            114715               8536        0         0
129  Brazil 2020-05-06   178942          190021     201100              6061            125218               9146        0         0
130  Brazil 2020-05-07   186227          197757     209287              6308            135106               9897        0         0
131  Brazil 2020-05-08   193794          205793     217792              6564            145328              10627        0         0
132  Brazil 2020-05-09   201653          214138     226623              6830            155939              11123        0         0
133  Brazil 2020-05-10   209812          222803     235794              7107            162699              11519        0         0
134  Brazil 2020-05-11   218284          231799     245314              7394            168331              12400        0         0
135  Brazil 2020-05-12   227076          241136     255196              7691            177589              13149        0         0
136  Brazil 2020-05-13   236202          250827     265452              8001            188974              13993        0         0
137  Brazil 2020-05-14   245671          260882     276093              8321            202918              14817        0         0
138  Brazil 2020-05-15   255494          271313     287132              8654            218223              15633        0         0
139  Brazil 2020-05-16   265682          282132     298582              8999            233142              16118        0         0
140  Brazil 2020-05-17   276247          293351     310455              9357            241080              16792        0         0
141  Brazil 2020-05-18   287201          304983     322765              9728            254220              17971        0         0
142  Brazil 2020-05-19   298554          317039     335524             10113            271628              18859        0         0
143  Brazil 2020-05-20   310319          329533     348747             10511            291579              20047        0         0
144  Brazil 2020-05-21   322508          342476     362444             10924            310087              21048        0         0
145  Brazil 2020-05-22   335132          355882     376632             11352            330890              22013        0         0
146  Brazil 2020-05-23   348206          369765     391324             11794            347398              22666        0         0
147  Brazil 2020-05-24   361738          384135     406532             12253            363211              23473        0         0
148  Brazil 2020-05-25   375744          399008     422272             12727            374898              24512        0         0
149  Brazil 2020-05-26   390234          414396     438558             13218            391222              25598        0         0
150  Brazil 2020-05-27   405222          430312     455402             13726            411821              26754        0         0
151  Brazil 2020-05-28   420720          446769     472818             14251            438238              27878        0         0
152  Brazil 2020-05-29   436739          463780     490821             14793            465166              28834        0         0
153  Brazil 2020-05-30   453291          481357     509423             15354            498440              29314        0         0
154  Brazil 2020-05-31   470390          499515     528640             15933            514849              29937        0         0
155  Brazil 2020-06-01   488046          518264     548482             16531            526447              31199        0         0
156  Brazil 2020-06-02   506271          537617     568963             17148            555383              32548        0         0
157  Brazil 2020-06-03   525077          557587     590097             17785            584016              34021        0         0
158  Brazil 2020-06-04   544474          578185     611896             18442            614932              35026        0         0
159  Brazil 2020-06-05   564472          599422     634372             19120            645762              35930        0         0
160  Brazil 2020-06-06   585082          621308     657534             19818            672837              36455        0         0
161  Brazil 2020-06-07   606315          643855     681395             20537            691758              37134        0         0
162  Brazil 2020-06-08   628178          667072     705966             21278            707412              38406        0         0
163  Brazil 2020-06-09   650681          690968     731255             22040            739503              39680        0         0
164  Brazil 2020-06-10   673831          715552     757273             22824            772416              40919        0         0
165  Brazil 2020-06-11   697636          740831     784026             23630            802828              41828        0         0
166  Brazil 2020-06-12   722103          766812     811521             24459            828810              42720        0         0
167  Brazil 2020-06-13   747235          793501     839767             25310            850514              43332        0         0
168  Brazil 2020-06-14   773040          820903     868766             26184            867624              43959        0         0
169  Brazil 2020-06-15   799520          849023     898526             27081            888271              45241        0         0
170  Brazil 2020-06-16   826679          877863     929047             28001            923189              46510        0         0
171  Brazil 2020-06-17   854518          907426     960334             28944            955377              47748        0         0
172  Brazil 2020-06-18   883037          937711     992385             29910            978142              48954        0         0
173  Brazil 2020-06-19   912237          968719    1025201             30899           1032913              49976        0         0
174  Brazil 2020-06-20   942116         1000448    1058780             31911           1067579              50617        0         0
175  Brazil 2020-06-21   972669         1032893    1093117             32946           1085038              51271        0         0
176  Brazil 2020-06-22  1003895         1066052    1128209             34004           1106470              52645        0         0
177  Brazil 2020-06-23  1035785         1099916    1164047             35084           1145906              53830        0         0
178  Brazil 2020-06-24  1068333         1134480    1200627             36186           1188631              54971        0         0
179  Brazil 2020-06-25  1101531         1169733    1237935             37311           1228114              55961        0         0
180  Brazil 2020-06-26  1135367         1205664    1275961             38457           1274974              57070        0         0
181  Brazil 2020-06-27  1169831         1242262    1314693             39624           1313667              57622        0         0
182  Brazil 2020-06-28  1204909         1279512    1354115             40812           1344143              58314        0         0
183  Brazil 2020-06-29  1240586         1317398    1394210             42021           1368195              59594        0         0
184  Brazil 2020-06-30  1276845         1355902    1434959             43249           1402041              60632        0         0
185  Brazil 2020-07-01  1313669         1395006    1476343             44496           1448753              61884        0         0
186  Brazil 2020-07-02  1351038         1434689    1518340             45762           1496858              63174        0         0
187  Brazil 2020-07-03  1388932         1474929    1560926             47046           1539081              64265        0         0
188  Brazil 2020-07-04  1427326         1515700    1604074             48346           1577004              64867        0         0
189  Brazil 2020-07-05  1466197         1556978    1647759             49663           1603055              65487        0         0
190  Brazil 2020-07-06  1505520         1598735    1691950             50995           1623284              66741        0         0
191  Brazil 2020-07-07  1545267         1640943    1736619             52341           1668589              67964        0         0
192  Brazil 2020-07-08  1585410         1683572    1781734             53701           1713160              69184        0         0
193  Brazil 2020-07-09  1625920         1726590    1827260             55073           1755779              70398        0         0
194  Brazil 2020-07-10  1666765         1769964    1873163             56456           1800827              71469        0         0
195  Brazil 2020-07-11  1707914         1813661    1919408             57850           1839850              72100        0         0
196  Brazil 2020-07-12  1749335         1857646    1965957             59253           1864681              72833        0         0
197  Brazil 2020-07-13  1790991         1901882    2012773             60664           1884967              74133        0         0
198  Brazil 2020-07-14  1832851         1946333    2059815             62082           1926824              75366        0         0
199  Brazil 2020-07-15  1874878         1990962    2107046             63506           1966748              76688        0         0
200  Brazil 2020-07-16  1917035         2035730    2154425             64933           2012151              77851        0         0
201  Brazil 2020-07-17  1959288         2080599    2201910             66365           2046328              78772        0         0
202  Brazil 2020-07-18  2001599         2125529    2249459             67798           2074860              79488        0         0
203  Brazil 2020-07-19  2043932         2170483    2297034             69232           2098389              80120        0         0
204  Brazil 2020-07-20  2086248         2215420    2344592             70665           2118646              81487        0         0
205  Brazil 2020-07-21  2128513         2260301    2392089             72097           2159654              82771        0         0
206  Brazil 2020-07-22  2170687         2305087    2439487             73525           2227514              84082        0         0
207  Brazil 2020-07-23  2212737         2349740    2486743             74949           2287475              85238        0         0
208  Brazil 2020-07-24  2254624         2394221    2533818             76368           2343366              86449        0         0
209  Brazil 2020-07-25  2296316         2438494    2580672             77780           2394513              87004        0         0
210  Brazil 2020-07-26  2337775         2482520    2627265             79185           2419091              87618        0         0
211  Brazil 2020-07-27  2378968         2526264    2673560             80580           2442375              88539        0         0
212  Brazil 2020-07-28  2419863         2569691    2719519             81965           2483191              90134        0         0
213  Brazil 2020-07-29  2460427         2612766    2765105             83339           2552265              91263        0         0
214  Brazil 2020-07-30  2500630         2655458    2810286             84701           2610102              92475        0         0
215  Brazil 2020-07-31  2540440         2697733    2855026             86049           2662485              93563        0         0
216  Brazil 2020-08-01  2579831         2739563    2899295             87384           2707877              94104        0         0
217  Brazil 2020-08-02  2618774         2780917    2943060             88703           2733677              94665        0         0
218  Brazil 2020-08-03  2657245         2821770    2986295             90006           2750318              95819        0         0
219  Brazil 2020-08-04  2695217         2862093    3028969             91292           2801921              97256        0         0
220  Brazil 2020-08-05  2732670         2901865    3071060             92561           2859073              98493        0         0
221  Brazil 2020-08-06  2769579         2941060    3112541             93811           2912212              99572        0         0
222  Brazil 2020-08-07  2805929         2979660    3153391             95042           2962442             100477        0         0
223  Brazil 2020-08-08  2841697         3017643    3193589             96253           3012412             101049        0         0
224  Brazil 2020-08-09  2876870         3054993    3233116             97445           3035422             101752        0         0
225  Brazil 2020-08-10  2911431         3091694    3271957             98615           3057470             103026        0         0
226  Brazil 2020-08-11  2945366         3127730    3310094             99765           3109630             104201        0         0
227  Brazil 2020-08-12  2978663         3163089    3347515            100893           3164785             105463        0         0
228  Brazil 2020-08-13  3011313         3197761    3384209            101999           3224876             106523        0         0
229  Brazil 2020-08-14  3043306         3231735    3420164            103082           3275520             107232        0         0
230  Brazil 2020-08-15  3074636         3265004    3455372            104144           3317096             107852        0         0
231  Brazil 2020-08-16  3105294         3297561    3489828            105182           3340197             108536        0         0
232  Brazil 2020-08-17  3135279         3329402    3523525            106198           3359570             109888        0         0
233  Brazil 2020-08-18  3164584         3360522    3556460            107190           3407354             111100        0         0
234  Brazil 2020-08-19  3193210         3390920    3588630            108160           3456652             112304        0         0
235  Brazil 2020-08-20  3221155         3420595    3620035            109106           3501975             113358        0         0
236  Brazil 2020-08-21  3248420         3449548    3650676            110030           3532330             114277        0         0
237  Brazil 2020-08-22  3275006         3477780    3680554            110930           3582698             114277        0         0
238  Brazil 2020-08-23  3300915         3505294    3709673            111808                NA                 NA        0         0
239  Brazil 2020-08-24  3326153         3532094    3738035            112663                NA                 NA        0         0
240  Brazil 2020-08-25  3350723         3558185    3765647            113495                NA                 NA        0         0
241  Brazil 2020-08-26  3374630         3583573    3792516            114305                NA                 NA        0         0
242  Brazil 2020-08-27  3397882         3608264    3818646            115092                NA                 NA        0         0
243  Brazil 2020-08-28  3420485         3632267    3844049            115858                NA                 NA        0         0
244  Brazil 2020-08-29  3442447         3655589    3868731            116602                NA                 NA        0         0
245  Brazil 2020-08-30  3463778         3678240    3892702            117324                NA                 NA        0         0
246  Brazil 2020-08-31  3484485         3700229    3915973            118026                NA                 NA        0         0
247  Brazil 2020-09-01  3504578         3721566    3938554            118706                NA                 NA        0         0

Fontes:
	OMS - https://ourworldindata.org/coronavirus-source-data
	Worldometers - https://www.worldometers.info/coronavirus