
 Brazil 
Projecao:  7  dias
Gerado em:  2020-04-25 17:51:32
RMSE(%):  9 , BIAS(%): 1.81

Taxa de Mortalidade 6.86 %

    country       dias otimista casos_estimados pessimista estimativa_mortes casos_confirmados mortes_confirmadas latitude longitude
106  Brazil 2020-04-13    21723           23877      26031              1639             23430               1532        0         0
107  Brazil 2020-04-14    23752           26108      28464              1792             25262               1736        0         0
108  Brazil 2020-04-15    25894           28462      31030              1954             28320               1924        0         0
109  Brazil 2020-04-16    28138           30929      33720              2123             30425               2141        0         0
110  Brazil 2020-04-17    30476           33498      36520              2299             33682               2347        0         0
111  Brazil 2020-04-18    32894           36156      39418              2482             36599               2462        0         0
112  Brazil 2020-04-19    35378           38886      42394              2669             38654               2575        0         0
113  Brazil 2020-04-20    37911           41671      45431              2860             40581               2741        0         0
114  Brazil 2020-04-21    40475           44489      48503              3054             43079               2906        0         0
115  Brazil 2020-04-22    43052           47322      51592              3248             45757               3313        0         0
116  Brazil 2020-04-23    45623           50147      54671              3442             49492               3670        0         0
117  Brazil 2020-04-24    48166           52943      57720              3634             52995               4016        0         0
118  Brazil 2020-04-25    50666           55691      60716              3823             58509               4016        0         0
119  Brazil 2020-04-26    53105           58372      63639              4007                NA                 NA        0         0
120  Brazil 2020-04-27    55469           60970      66471              4185                NA                 NA        0         0
121  Brazil 2020-04-28    57743           63469      69195              4356                NA                 NA        0         0
122  Brazil 2020-04-29    59915           65857      71799              4520                NA                 NA        0         0
123  Brazil 2020-04-30    61978           68125      74272              4676                NA                 NA        0         0
124  Brazil 2020-05-01    63927           70267      76607              4823                NA                 NA        0         0
125  Brazil 2020-05-02    65757           72278      78799              4961                NA                 NA        0         0

Total de casos no mundo:  2909780 1027854 1251740 460300 130023 8257 30885 721 2909780

Estimados a partir dos dados da OMS:
    day       date     x  xest
1     1 2019-12-30     0     0
2     2 2019-12-31     0     0
3     3 2020-01-01     0     0
4     4 2020-01-02     0     0
5     5 2020-01-03     0     0
6     6 2020-01-04     0     0
7     7 2020-01-05     0     0
8     8 2020-01-06     0     0
9     9 2020-01-07     0     0
10   10 2020-01-08     0     0
11   11 2020-01-09     0     0
12   12 2020-01-10     0     0
13   13 2020-01-11     0     0
14   14 2020-01-12     0     0
15   15 2020-01-13     0     0
16   16 2020-01-14     0     1
17   17 2020-01-15     0     1
18   18 2020-01-16     0     1
19   19 2020-01-17     0     1
20   20 2020-01-18     0     1
21   21 2020-01-19     0     1
22   22 2020-01-20     0     1
23   23 2020-01-21     0     1
24   24 2020-01-22     0     1
25   25 2020-01-23     0     2
26   26 2020-01-24     0     2
27   27 2020-01-25     0     2
28   28 2020-01-26     0     2
29   29 2020-01-27     0     3
30   30 2020-01-28     0     3
31   31 2020-01-29     0     3
32   32 2020-01-30     0     4
33   33 2020-01-31     0     4
34   34 2020-02-01     0     5
35   35 2020-02-02     0     5
36   36 2020-02-03     0     6
37   37 2020-02-04     0     7
38   38 2020-02-05     0     8
39   39 2020-02-06     0     9
40   40 2020-02-07     0    10
41   41 2020-02-08     0    11
42   42 2020-02-09     0    13
43   43 2020-02-10     0    14
44   44 2020-02-11     0    16
45   45 2020-02-12     0    18
46   46 2020-02-13     0    21
47   47 2020-02-14     0    24
48   48 2020-02-15     0    27
49   49 2020-02-16     0    30
50   50 2020-02-17     0    34
51   51 2020-02-18     0    38
52   52 2020-02-19     0    43
53   53 2020-02-20     0    49
54   54 2020-02-21     0    56
55   55 2020-02-22     0    63
56   56 2020-02-23     0    71
57   57 2020-02-24     0    80
58   58 2020-02-25     1    91
59   59 2020-02-26     1   102
60   60 2020-02-27     1   116
61   61 2020-02-28     1   131
62   62 2020-02-29     2   148
63   63 2020-03-01     2   167
64   64 2020-03-02     2   188
65   65 2020-03-03     2   213
66   66 2020-03-04     3   241
67   67 2020-03-05     8   272
68   68 2020-03-06    13   307
69   69 2020-03-07    13   347
70   70 2020-03-08    25   392
71   71 2020-03-09    25   442
72   72 2020-03-10    34   500
73   73 2020-03-11    52   564
74   74 2020-03-12    77   637
75   75 2020-03-13    98   720
76   76 2020-03-14   121   812
77   77 2020-03-15   200   917
78   78 2020-03-16   234  1035
79   79 2020-03-17   291  1168
80   80 2020-03-18   428  1318
81   81 2020-03-19   621  1487
82   82 2020-03-20   904  1677
83   83 2020-03-21  1128  1890
84   84 2020-03-22  1546  2131
85   85 2020-03-23  1891  2401
86   86 2020-03-24  2201  2704
87   87 2020-03-25  2433  3044
88   88 2020-03-26  2915  3426
89   89 2020-03-27  3417  3853
90   90 2020-03-28  3904  4331
91   91 2020-03-29  4256  4865
92   92 2020-03-30  4579  5461
93   93 2020-03-31  5717  6124
94   94 2020-04-01  6836  6862
95   95 2020-04-02  7910  7681
96   96 2020-04-03  9056  8588
97   97 2020-04-04 10278  9590
98   98 2020-04-05 11130 10694
99   99 2020-04-06 12056 11906
100 100 2020-04-07 13717 13234
101 101 2020-04-08 15927 14683
102 102 2020-04-09 17857 16259
103 103 2020-04-10 19638 17964
104 104 2020-04-11 20727 19802
105 105 2020-04-12 22169 21773
106 106 2020-04-13 23430 23877
107 107 2020-04-14 25262 26108
108 108 2020-04-15 28320 28462
109 109 2020-04-16 30425 30929
110 110 2020-04-17 33682 33498
111 111 2020-04-18 36599 36156
112 112 2020-04-19 38654 38886
113 113 2020-04-20 40581 41671
114 114 2020-04-21 43079 44489
115 115 2020-04-22 45757 47322
116 116 2020-04-23 49492 50147
117 117 2020-04-24 52995 52943
118 118 2020-04-25 58509 55691

Intervalo de Confianca
             2.5%        97.5%
Asym 86476.260071 100179.70975
xmid   113.528691    115.91919
scal     7.877512      8.48559


Formula: x ~ SSlogis(day, Asym, xmid, scal)

Parameters:
       Estimate Std. Error t value            Pr(>|t|)    
Asym 92650.6383  3426.7710   27.04 <0.0000000000000002 ***
xmid   114.6483     0.6035  189.97 <0.0000000000000002 ***
scal     8.1747     0.1588   51.48 <0.0000000000000002 ***
---
Signif. codes:  0 ‘***’ 0.001 ‘**’ 0.01 ‘*’ 0.05 ‘.’ 0.1 ‘ ’ 1

Residual standard error: 550.8 on 115 degrees of freedom

Number of iterations to convergence: 11 
Achieved convergence tolerance: 0.0000000149


Brazil: o primeiro caso foi registrado em 25/02/2020 na data 25/04/2020 temos 60 dias desde o primeiro caso. A data de pico prevista pelo modelo logístico é 19/06/2020 (dia 115 desde os primeiros casos relatados).
Em 19/06/2020 o modelo estima 92651+/-3427 casos. De acordo com o modelo ajustado temos 55 de infecçao pela frente.

Todos os dados gerados
    country       dias otimista casos_estimados pessimista estimativa_mortes casos_confirmados mortes_confirmadas latitude longitude
1    Brazil 2019-12-30        0               0          0                 0                 0                  0        0         0
2    Brazil 2019-12-31        0               0          0                 0                 0                  0        0         0
3    Brazil 2020-01-01        0               0          0                 0                 0                  0        0         0
4    Brazil 2020-01-02        0               0          0                 0                 0                  0        0         0
5    Brazil 2020-01-03        0               0          0                 0                 0                  0        0         0
6    Brazil 2020-01-04        0               0          0                 0                 0                  0        0         0
7    Brazil 2020-01-05        0               0          0                 0                 0                  0        0         0
8    Brazil 2020-01-06        0               0          0                 0                 0                  0        0         0
9    Brazil 2020-01-07        0               0          0                 0                 0                  0        0         0
10   Brazil 2020-01-08        0               0          0                 0                 0                  0        0         0
11   Brazil 2020-01-09        0               0          0                 0                 0                  0        0         0
12   Brazil 2020-01-10        0               0          0                 0                 0                  0        0         0
13   Brazil 2020-01-11        0               0          0                 0                 0                  0        0         0
14   Brazil 2020-01-12        0               0          0                 0                 0                  0        0         0
15   Brazil 2020-01-13        0               0          0                 0                 0                  0        0         0
16   Brazil 2020-01-14        1               1          1                 0                 0                  0        0         0
17   Brazil 2020-01-15        1               1          1                 0                 0                  0        0         0
18   Brazil 2020-01-16        1               1          1                 0                 0                  0        0         0
19   Brazil 2020-01-17        1               1          1                 0                 0                  0        0         0
20   Brazil 2020-01-18        1               1          1                 0                 0                  0        0         0
21   Brazil 2020-01-19        1               1          1                 0                 0                  0        0         0
22   Brazil 2020-01-20        1               1          1                 0                 0                  0        0         0
23   Brazil 2020-01-21        1               1          1                 0                 0                  0        0         0
24   Brazil 2020-01-22        1               1          1                 0                 0                  0        0         0
25   Brazil 2020-01-23        2               2          2                 0                 0                  0        0         0
26   Brazil 2020-01-24        2               2          2                 0                 0                  0        0         0
27   Brazil 2020-01-25        2               2          2                 0                 0                  0        0         0
28   Brazil 2020-01-26        2               2          2                 0                 0                  0        0         0
29   Brazil 2020-01-27        3               3          3                 0                 0                  0        0         0
30   Brazil 2020-01-28        3               3          3                 0                 0                  0        0         0
31   Brazil 2020-01-29        3               3          3                 0                 0                  0        0         0
32   Brazil 2020-01-30        4               4          4                 0                 0                  0        0         0
33   Brazil 2020-01-31        4               4          4                 0                 0                  0        0         0
34   Brazil 2020-02-01        5               5          5                 0                 0                  0        0         0
35   Brazil 2020-02-02        5               5          5                 0                 0                  0        0         0
36   Brazil 2020-02-03        5               6          7                 0                 0                  0        0         0
37   Brazil 2020-02-04        6               7          8                 0                 0                  0        0         0
38   Brazil 2020-02-05        7               8          9                 1                 0                  0        0         0
39   Brazil 2020-02-06        8               9         10                 1                 0                  0        0         0
40   Brazil 2020-02-07        9              10         11                 1                 0                  0        0         0
41   Brazil 2020-02-08       10              11         12                 1                 0                  0        0         0
42   Brazil 2020-02-09       12              13         14                 1                 0                  0        0         0
43   Brazil 2020-02-10       13              14         15                 1                 0                  0        0         0
44   Brazil 2020-02-11       15              16         17                 1                 0                  0        0         0
45   Brazil 2020-02-12       16              18         20                 1                 0                  0        0         0
46   Brazil 2020-02-13       19              21         23                 1                 0                  0        0         0
47   Brazil 2020-02-14       22              24         26                 2                 0                  0        0         0
48   Brazil 2020-02-15       25              27         29                 2                 0                  0        0         0
49   Brazil 2020-02-16       27              30         33                 2                 0                  0        0         0
50   Brazil 2020-02-17       31              34         37                 2                 0                  0        0         0
51   Brazil 2020-02-18       35              38         41                 3                 0                  0        0         0
52   Brazil 2020-02-19       39              43         47                 3                 0                  0        0         0
53   Brazil 2020-02-20       45              49         53                 3                 0                  0        0         0
54   Brazil 2020-02-21       51              56         61                 4                 0                  0        0         0
55   Brazil 2020-02-22       57              63         69                 4                 0                  0        0         0
56   Brazil 2020-02-23       65              71         77                 5                 0                  0        0         0
57   Brazil 2020-02-24       73              80         87                 5                 0                  0        0         0
58   Brazil 2020-02-25       83              91         99                 6                 1                  0        0         0
59   Brazil 2020-02-26       93             102        111                 7                 1                  0        0         0
60   Brazil 2020-02-27      106             116        126                 8                 1                  0        0         0
61   Brazil 2020-02-28      119             131        143                 9                 1                  0        0         0
62   Brazil 2020-02-29      135             148        161                10                 2                  0        0         0
63   Brazil 2020-03-01      152             167        182                11                 2                  0        0         0
64   Brazil 2020-03-02      171             188        205                13                 2                  0        0         0
65   Brazil 2020-03-03      194             213        232                15                 2                  0        0         0
66   Brazil 2020-03-04      219             241        263                17                 3                  0        0         0
67   Brazil 2020-03-05      247             272        297                19                 8                  0        0         0
68   Brazil 2020-03-06      279             307        335                21                13                  0        0         0
69   Brazil 2020-03-07      316             347        378                24                13                  0        0         0
70   Brazil 2020-03-08      357             392        427                27                25                  0        0         0
71   Brazil 2020-03-09      402             442        482                30                25                  0        0         0
72   Brazil 2020-03-10      455             500        545                34                34                  0        0         0
73   Brazil 2020-03-11      513             564        615                39                52                  0        0         0
74   Brazil 2020-03-12      580             637        694                44                77                  0        0         0
75   Brazil 2020-03-13      655             720        785                49                98                  0        0         0
76   Brazil 2020-03-14      739             812        885                56               121                  0        0         0
77   Brazil 2020-03-15      834             917       1000                63               200                  0        0         0
78   Brazil 2020-03-16      942            1035       1128                71               234                  1        0         0
79   Brazil 2020-03-17     1063            1168       1273                80               291                  4        0         0
80   Brazil 2020-03-18     1199            1318       1437                90               428                  6        0         0
81   Brazil 2020-03-19     1353            1487       1621               102               621                 11        0         0
82   Brazil 2020-03-20     1526            1677       1828               115               904                 18        0         0
83   Brazil 2020-03-21     1719            1890       2061               130              1128                 25        0         0
84   Brazil 2020-03-22     1939            2131       2323               146              1546                 34        0         0
85   Brazil 2020-03-23     2184            2401       2618               165              1891                 46        0         0
86   Brazil 2020-03-24     2460            2704       2948               186              2201                 57        0         0
87   Brazil 2020-03-25     2769            3044       3319               209              2433                 77        0         0
88   Brazil 2020-03-26     3117            3426       3735               235              2915                 92        0         0
89   Brazil 2020-03-27     3505            3853       4201               264              3417                114        0         0
90   Brazil 2020-03-28     3940            4331       4722               297              3904                136        0         0
91   Brazil 2020-03-29     4426            4865       5304               334              4256                159        0         0
92   Brazil 2020-03-30     4968            5461       5954               375              4579                201        0         0
93   Brazil 2020-03-31     5571            6124       6677               420              5717                241        0         0
94   Brazil 2020-04-01     6243            6862       7481               471              6836                299        0         0
95   Brazil 2020-04-02     6988            7681       8374               527              7910                359        0         0
96   Brazil 2020-04-03     7813            8588       9363               589              9056                432        0         0
97   Brazil 2020-04-04     8725            9590      10455               658             10278                486        0         0
98   Brazil 2020-04-05     9729           10694      11659               734             11130                553        0         0
99   Brazil 2020-04-06    10832           11906      12980               817             12056                667        0         0
100  Brazil 2020-04-07    12040           13234      14428               908             13717                800        0         0
101  Brazil 2020-04-08    13358           14683      16008              1008             15927                941        0         0
102  Brazil 2020-04-09    14792           16259      17726              1116             17857               1056        0         0
103  Brazil 2020-04-10    16343           17964      19585              1233             19638               1124        0         0
104  Brazil 2020-04-11    18015           19802      21589              1359             20727               1223        0         0
105  Brazil 2020-04-12    19809           21773      23737              1494             22169               1328        0         0
106  Brazil 2020-04-13    21723           23877      26031              1639             23430               1532        0         0
107  Brazil 2020-04-14    23752           26108      28464              1792             25262               1736        0         0
108  Brazil 2020-04-15    25894           28462      31030              1954             28320               1924        0         0
109  Brazil 2020-04-16    28138           30929      33720              2123             30425               2141        0         0
110  Brazil 2020-04-17    30476           33498      36520              2299             33682               2347        0         0
111  Brazil 2020-04-18    32894           36156      39418              2482             36599               2462        0         0
112  Brazil 2020-04-19    35378           38886      42394              2669             38654               2575        0         0
113  Brazil 2020-04-20    37911           41671      45431              2860             40581               2741        0         0
114  Brazil 2020-04-21    40475           44489      48503              3054             43079               2906        0         0
115  Brazil 2020-04-22    43052           47322      51592              3248             45757               3313        0         0
116  Brazil 2020-04-23    45623           50147      54671              3442             49492               3670        0         0
117  Brazil 2020-04-24    48166           52943      57720              3634             52995               4016        0         0
118  Brazil 2020-04-25    50666           55691      60716              3823             58509               4016        0         0
119  Brazil 2020-04-26    53105           58372      63639              4007                NA                 NA        0         0
120  Brazil 2020-04-27    55469           60970      66471              4185                NA                 NA        0         0
121  Brazil 2020-04-28    57743           63469      69195              4356                NA                 NA        0         0
122  Brazil 2020-04-29    59915           65857      71799              4520                NA                 NA        0         0
123  Brazil 2020-04-30    61978           68125      74272              4676                NA                 NA        0         0
124  Brazil 2020-05-01    63927           70267      76607              4823                NA                 NA        0         0
125  Brazil 2020-05-02    65757           72278      78799              4961                NA                 NA        0         0

Fontes:
	OMS - https://ourworldindata.org/coronavirus-source-data
	Worldometers - https://www.worldometers.info/coronavirus