
 Brazil 
Projecao:  7  dias
Gerado em:  2020-03-31 16:52:00
RMSE(%):  8.3 , BIAS(%): 0.69

Taxa de Mortalidade 3.62 %

    country       dias otimista casos_estimados pessimista estimativa_mortes casos_confirmados mortes_confirmadas latitude longitude
81   Brazil 2020-03-19      607             662        717                24               621                  6        0         0
82   Brazil 2020-03-20      790             862        934                31               904                 11        0         0
83   Brazil 2020-03-21     1018            1110       1202                40              1128                 18        0         0
84   Brazil 2020-03-22     1292            1409       1526                51              1546                 25        0         0
85   Brazil 2020-03-23     1612            1758       1904                64              1891                 34        0         0
86   Brazil 2020-03-24     1972            2151       2330                78              2201                 46        0         0
87   Brazil 2020-03-25     2362            2576       2790                93              2433                 57        0         0
88   Brazil 2020-03-26     2766            3016       3266               109              2915                 77        0         0
89   Brazil 2020-03-27     3164            3451       3738               125              3417                 92        0         0
90   Brazil 2020-03-28     3542            3863       4184               140              3904                114        0         0
91   Brazil 2020-03-29     3883            4235       4587               153              4256                136        0         0
92   Brazil 2020-03-30     4181            4559       4937               165              4579                159        0         0
93   Brazil 2020-03-31     4431            4832       5233               175              4830                175        0         0
94   Brazil 2020-04-01     4635            5055       5475               183                NA                 NA        0         0
95   Brazil 2020-04-02     4799            5234       5669               190                NA                 NA        0         0
96   Brazil 2020-04-03     4928            5374       5820               195                NA                 NA        0         0
97   Brazil 2020-04-04     5027            5482       5937               199                NA                 NA        0         0
98   Brazil 2020-04-05     5103            5565       6027               202                NA                 NA        0         0
99   Brazil 2020-04-06     5160            5627       6094               204                NA                 NA        0         0
100  Brazil 2020-04-07     5203            5674       6145               206                NA                 NA        0         0

Total de casos no mundo:  846251

Estimados a partir dos dados da OMS:
   day       date    x xest
1    1 2019-12-30    0    0
2    2 2019-12-31    0    0
3    3 2020-01-01    0    0
4    4 2020-01-02    0    0
5    5 2020-01-03    0    0
6    6 2020-01-04    0    0
7    7 2020-01-05    0    0
8    8 2020-01-06    0    0
9    9 2020-01-07    0    0
10  10 2020-01-08    0    0
11  11 2020-01-09    0    0
12  12 2020-01-10    0    0
13  13 2020-01-11    0    0
14  14 2020-01-12    0    0
15  15 2020-01-13    0    0
16  16 2020-01-14    0    0
17  17 2020-01-15    0    0
18  18 2020-01-16    0    0
19  19 2020-01-17    0    0
20  20 2020-01-18    0    0
21  21 2020-01-19    0    0
22  22 2020-01-20    0    0
23  23 2020-01-21    0    0
24  24 2020-01-22    0    0
25  25 2020-01-23    0    0
26  26 2020-01-24    0    0
27  27 2020-01-25    0    0
28  28 2020-01-26    0    0
29  29 2020-01-27    0    0
30  30 2020-01-28    0    0
31  31 2020-01-29    0    0
32  32 2020-01-30    0    0
33  33 2020-01-31    0    0
34  34 2020-02-01    0    0
35  35 2020-02-02    0    0
36  36 2020-02-03    0    0
37  37 2020-02-04    0    0
38  38 2020-02-05    0    0
39  39 2020-02-06    0    0
40  40 2020-02-07    0    0
41  41 2020-02-08    0    0
42  42 2020-02-09    0    0
43  43 2020-02-10    0    0
44  44 2020-02-11    0    0
45  45 2020-02-12    0    0
46  46 2020-02-13    0    0
47  47 2020-02-14    0    0
48  48 2020-02-15    0    0
49  49 2020-02-16    0    0
50  50 2020-02-17    0    0
51  51 2020-02-18    0    0
52  52 2020-02-19    0    0
53  53 2020-02-20    0    0
54  54 2020-02-21    0    0
55  55 2020-02-22    0    0
56  56 2020-02-23    0    0
57  57 2020-02-24    0    1
58  58 2020-02-25    1    1
59  59 2020-02-26    1    1
60  60 2020-02-27    1    1
61  61 2020-02-28    1    2
62  62 2020-02-29    2    2
63  63 2020-03-01    2    3
64  64 2020-03-02    0    4
65  65 2020-03-03    0    6
66  66 2020-03-04    3    8
67  67 2020-03-05    8   11
68  68 2020-03-06   13   14
69  69 2020-03-07   13   19
70  70 2020-03-08   25   26
71  71 2020-03-09    0   36
72  72 2020-03-10   34   48
73  73 2020-03-11   52   65
74  74 2020-03-12   77   88
75  75 2020-03-13   98  118
76  76 2020-03-14  121  159
77  77 2020-03-15  200  213
78  78 2020-03-16  234  285
79  79 2020-03-17  291  380
80  80 2020-03-18  428  504
81  81 2020-03-19  621  662
82  82 2020-03-20  904  862
83  83 2020-03-21 1128 1110
84  84 2020-03-22 1546 1409
85  85 2020-03-23 1891 1758
86  86 2020-03-24 2201 2151
87  87 2020-03-25 2433 2576
88  88 2020-03-26 2915 3016
89  89 2020-03-27 3417 3451
90  90 2020-03-28 3904 3863
91  91 2020-03-29 4256 4235
92  92 2020-03-30 4579 4559
93  93 2020-03-31 4830 4832


Todos os dados gerados
    country       dias otimista casos_estimados pessimista estimativa_mortes casos_confirmados mortes_confirmadas latitude longitude
1    Brazil 2019-12-30        0               0          0                 0                 0                  0        0         0
2    Brazil 2019-12-31        0               0          0                 0                 0                  0        0         0
3    Brazil 2020-01-01        0               0          0                 0                 0                  0        0         0
4    Brazil 2020-01-02        0               0          0                 0                 0                  0        0         0
5    Brazil 2020-01-03        0               0          0                 0                 0                  0        0         0
6    Brazil 2020-01-04        0               0          0                 0                 0                  0        0         0
7    Brazil 2020-01-05        0               0          0                 0                 0                  0        0         0
8    Brazil 2020-01-06        0               0          0                 0                 0                  0        0         0
9    Brazil 2020-01-07        0               0          0                 0                 0                  0        0         0
10   Brazil 2020-01-08        0               0          0                 0                 0                  0        0         0
11   Brazil 2020-01-09        0               0          0                 0                 0                  0        0         0
12   Brazil 2020-01-10        0               0          0                 0                 0                  0        0         0
13   Brazil 2020-01-11        0               0          0                 0                 0                  0        0         0
14   Brazil 2020-01-12        0               0          0                 0                 0                  0        0         0
15   Brazil 2020-01-13        0               0          0                 0                 0                  0        0         0
16   Brazil 2020-01-14        0               0          0                 0                 0                  0        0         0
17   Brazil 2020-01-15        0               0          0                 0                 0                  0        0         0
18   Brazil 2020-01-16        0               0          0                 0                 0                  0        0         0
19   Brazil 2020-01-17        0               0          0                 0                 0                  0        0         0
20   Brazil 2020-01-18        0               0          0                 0                 0                  0        0         0
21   Brazil 2020-01-19        0               0          0                 0                 0                  0        0         0
22   Brazil 2020-01-20        0               0          0                 0                 0                  0        0         0
23   Brazil 2020-01-21        0               0          0                 0                 0                  0        0         0
24   Brazil 2020-01-22        0               0          0                 0                 0                  0        0         0
25   Brazil 2020-01-23        0               0          0                 0                 0                  0        0         0
26   Brazil 2020-01-24        0               0          0                 0                 0                  0        0         0
27   Brazil 2020-01-25        0               0          0                 0                 0                  0        0         0
28   Brazil 2020-01-26        0               0          0                 0                 0                  0        0         0
29   Brazil 2020-01-27        0               0          0                 0                 0                  0        0         0
30   Brazil 2020-01-28        0               0          0                 0                 0                  0        0         0
31   Brazil 2020-01-29        0               0          0                 0                 0                  0        0         0
32   Brazil 2020-01-30        0               0          0                 0                 0                  0        0         0
33   Brazil 2020-01-31        0               0          0                 0                 0                  0        0         0
34   Brazil 2020-02-01        0               0          0                 0                 0                  0        0         0
35   Brazil 2020-02-02        0               0          0                 0                 0                  0        0         0
36   Brazil 2020-02-03        0               0          0                 0                 0                  0        0         0
37   Brazil 2020-02-04        0               0          0                 0                 0                  0        0         0
38   Brazil 2020-02-05        0               0          0                 0                 0                  0        0         0
39   Brazil 2020-02-06        0               0          0                 0                 0                  0        0         0
40   Brazil 2020-02-07        0               0          0                 0                 0                  0        0         0
41   Brazil 2020-02-08        0               0          0                 0                 0                  0        0         0
42   Brazil 2020-02-09        0               0          0                 0                 0                  0        0         0
43   Brazil 2020-02-10        0               0          0                 0                 0                  0        0         0
44   Brazil 2020-02-11        0               0          0                 0                 0                  0        0         0
45   Brazil 2020-02-12        0               0          0                 0                 0                  0        0         0
46   Brazil 2020-02-13        0               0          0                 0                 0                  0        0         0
47   Brazil 2020-02-14        0               0          0                 0                 0                  0        0         0
48   Brazil 2020-02-15        0               0          0                 0                 0                  0        0         0
49   Brazil 2020-02-16        0               0          0                 0                 0                  0        0         0
50   Brazil 2020-02-17        0               0          0                 0                 0                  0        0         0
51   Brazil 2020-02-18        0               0          0                 0                 0                  0        0         0
52   Brazil 2020-02-19        0               0          0                 0                 0                  0        0         0
53   Brazil 2020-02-20        0               0          0                 0                 0                  0        0         0
54   Brazil 2020-02-21        0               0          0                 0                 0                  0        0         0
55   Brazil 2020-02-22        0               0          0                 0                 0                  0        0         0
56   Brazil 2020-02-23        0               0          0                 0                 0                  0        0         0
57   Brazil 2020-02-24        1               1          1                 0                 0                  0        0         0
58   Brazil 2020-02-25        1               1          1                 0                 1                  0        0         0
59   Brazil 2020-02-26        1               1          1                 0                 1                  0        0         0
60   Brazil 2020-02-27        1               1          1                 0                 1                  0        0         0
61   Brazil 2020-02-28        2               2          2                 0                 1                  0        0         0
62   Brazil 2020-02-29        2               2          2                 0                 2                  0        0         0
63   Brazil 2020-03-01        3               3          3                 0                 2                  0        0         0
64   Brazil 2020-03-02        4               4          4                 0                 0                 NA        0         0
65   Brazil 2020-03-03        6               6          6                 0                 0                 NA        0         0
66   Brazil 2020-03-04        7               8          9                 0                 3                  0        0         0
67   Brazil 2020-03-05       10              11         12                 0                 8                  0        0         0
68   Brazil 2020-03-06       13              14         15                 1                13                  0        0         0
69   Brazil 2020-03-07       17              19         21                 1                13                  0        0         0
70   Brazil 2020-03-08       24              26         28                 1                25                  0        0         0
71   Brazil 2020-03-09       33              36         39                 1                 0                 NA        0         0
72   Brazil 2020-03-10       44              48         52                 2                34                  0        0         0
73   Brazil 2020-03-11       60              65         70                 2                52                  0        0         0
74   Brazil 2020-03-12       81              88         95                 3                77                  0        0         0
75   Brazil 2020-03-13      108             118        128                 4                98                  0        0         0
76   Brazil 2020-03-14      146             159        172                 6               121                  0        0         0
77   Brazil 2020-03-15      195             213        231                 8               200                  0        0         0
78   Brazil 2020-03-16      261             285        309                10               234                  0        0         0
79   Brazil 2020-03-17      348             380        412                14               291                  1        0         0
80   Brazil 2020-03-18      462             504        546                18               428                  4        0         0
81   Brazil 2020-03-19      607             662        717                24               621                  6        0         0
82   Brazil 2020-03-20      790             862        934                31               904                 11        0         0
83   Brazil 2020-03-21     1018            1110       1202                40              1128                 18        0         0
84   Brazil 2020-03-22     1292            1409       1526                51              1546                 25        0         0
85   Brazil 2020-03-23     1612            1758       1904                64              1891                 34        0         0
86   Brazil 2020-03-24     1972            2151       2330                78              2201                 46        0         0
87   Brazil 2020-03-25     2362            2576       2790                93              2433                 57        0         0
88   Brazil 2020-03-26     2766            3016       3266               109              2915                 77        0         0
89   Brazil 2020-03-27     3164            3451       3738               125              3417                 92        0         0
90   Brazil 2020-03-28     3542            3863       4184               140              3904                114        0         0
91   Brazil 2020-03-29     3883            4235       4587               153              4256                136        0         0
92   Brazil 2020-03-30     4181            4559       4937               165              4579                159        0         0
93   Brazil 2020-03-31     4431            4832       5233               175              4830                175        0         0
94   Brazil 2020-04-01     4635            5055       5475               183                NA                 NA        0         0
95   Brazil 2020-04-02     4799            5234       5669               190                NA                 NA        0         0
96   Brazil 2020-04-03     4928            5374       5820               195                NA                 NA        0         0
97   Brazil 2020-04-04     5027            5482       5937               199                NA                 NA        0         0
98   Brazil 2020-04-05     5103            5565       6027               202                NA                 NA        0         0
99   Brazil 2020-04-06     5160            5627       6094               204                NA                 NA        0         0
100  Brazil 2020-04-07     5203            5674       6145               206                NA                 NA        0         0

Fontes:
	OMS - https://ourworldindata.org/coronavirus-source-data
	Worldometers - https://www.worldometers.info/coronavirus