
 Italy 
Projecao:  7  dias
Gerado em:  2020-05-09 14:28:46
RMSE(%):  7.2 , BIAS(%): 1.6

Taxa de Mortalidade 13.93 %

    country       dias otimista casos_estimados pessimista estimativa_mortes casos_confirmados mortes_confirmadas latitude longitude
120   Italy 2020-04-27   185810          200277     214744             27890            199414              27359 41.87194  12.56738
121   Italy 2020-04-28   186987          201546     216105             28066            201505              27682 41.87194  12.56738
122   Italy 2020-04-29   188060          202702     217344             28227            203591              27967 41.87194  12.56738
123   Italy 2020-04-30   189036          203754     218472             28374            205463              28236 41.87194  12.56738
124   Italy 2020-05-01   189922          204710     219498             28507            207428              28710 41.87194  12.56738
125   Italy 2020-05-02   190729          205579     220429             28628            209328              28884 41.87194  12.56738
126   Italy 2020-05-03   191460          206367     221274             28738            210717              29079 41.87194  12.56738
127   Italy 2020-05-04   192122          207081     222040             28837            211938              29315 41.87194  12.56738
128   Italy 2020-05-05   192722          207728     222734             28927            213013              29684 41.87194  12.56738
129   Italy 2020-05-06   193266          208314     223362             29009            214457              29958 41.87194  12.56738
130   Italy 2020-05-07   193758          208844     223930             29083            215858              30201 41.87194  12.56738
131   Italy 2020-05-08   194203          209324     224445             29149            217185              30395 41.87194  12.56738
132   Italy 2020-05-09   194605          209757     224909             29210            218268              30395 41.87194  12.56738
133   Italy 2020-05-10   194969          210149     225329             29264                NA                 NA 41.87194  12.56738
134   Italy 2020-05-11   195297          210503     225709             29314                NA                 NA 41.87194  12.56738
135   Italy 2020-05-12   195594          210823     226052             29358                NA                 NA 41.87194  12.56738
136   Italy 2020-05-13   195861          211111     226361             29398                NA                 NA 41.87194  12.56738
137   Italy 2020-05-14   196102          211371     226640             29435                NA                 NA 41.87194  12.56738
138   Italy 2020-05-15   196320          211606     226892             29467                NA                 NA 41.87194  12.56738
139   Italy 2020-05-16   196517          211818     227119             29497                NA                 NA 41.87194  12.56738

Total de casos no mundo:  4065870 1456581 1604758 286385 648381 60519 8525 721 4065870

Estimados a partir dos dados da OMS:
    day       date      x   xest
1     1 2019-12-30      0     12
2     2 2019-12-31      0     13
3     3 2020-01-01      0     14
4     4 2020-01-02      0     16
5     5 2020-01-03      0     18
6     6 2020-01-04      0     19
7     7 2020-01-05      0     22
8     8 2020-01-06      0     24
9     9 2020-01-07      0     27
10   10 2020-01-08      0     30
11   11 2020-01-09      0     33
12   12 2020-01-10      0     37
13   13 2020-01-11      0     41
14   14 2020-01-12      0     45
15   15 2020-01-13      0     50
16   16 2020-01-14      0     56
17   17 2020-01-15      0     62
18   18 2020-01-16      0     69
19   19 2020-01-17      0     77
20   20 2020-01-18      0     85
21   21 2020-01-19      0     94
22   22 2020-01-20      0    105
23   23 2020-01-21      0    117
24   24 2020-01-22      0    130
25   25 2020-01-23      0    144
26   26 2020-01-24      0    160
27   27 2020-01-25      0    178
28   28 2020-01-26      0    197
29   29 2020-01-27      0    219
30   30 2020-01-28      0    244
31   31 2020-01-29      0    271
32   32 2020-01-30      3    301
33   33 2020-01-31      3    334
34   34 2020-02-01      3    371
35   35 2020-02-02      3    412
36   36 2020-02-03      3    458
37   37 2020-02-04      3    508
38   38 2020-02-05      3    565
39   39 2020-02-06      3    627
40   40 2020-02-07      3    697
41   41 2020-02-08      3    774
42   42 2020-02-09      3    859
43   43 2020-02-10      3    954
44   44 2020-02-11      3   1059
45   45 2020-02-12      3   1176
46   46 2020-02-13      3   1306
47   47 2020-02-14      3   1450
48   48 2020-02-15      3   1610
49   49 2020-02-16      3   1787
50   50 2020-02-17      3   1984
51   51 2020-02-18      3   2202
52   52 2020-02-19      3   2444
53   53 2020-02-20      3   2711
54   54 2020-02-21     17   3008
55   55 2020-02-22     79   3337
56   56 2020-02-23    132   3701
57   57 2020-02-24    229   4104
58   58 2020-02-25    322   4550
59   59 2020-02-26    400   5043
60   60 2020-02-27    650   5589
61   61 2020-02-28    888   6191
62   62 2020-02-29   1128   6856
63   63 2020-03-01   1689   7591
64   64 2020-03-02   2036   8400
65   65 2020-03-03   2502   9292
66   66 2020-03-04   3089  10275
67   67 2020-03-05   3858  11355
68   68 2020-03-06   4636  12541
69   69 2020-03-07   5883  13844
70   70 2020-03-08   7375  15271
71   71 2020-03-09   9172  16833
72   72 2020-03-10  10149  18539
73   73 2020-03-11  12462  20401
74   74 2020-03-12  15113  22429
75   75 2020-03-13  17660  24632
76   76 2020-03-14  21157  27021
77   77 2020-03-15  23980  29605
78   78 2020-03-16  27980  32394
79   79 2020-03-17  31506  35395
80   80 2020-03-18  35713  38615
81   81 2020-03-19  41035  42058
82   82 2020-03-20  47021  45729
83   83 2020-03-21  53578  49627
84   84 2020-03-22  59138  53751
85   85 2020-03-23  63927  58097
86   86 2020-03-24  69176  62656
87   87 2020-03-25  74386  67418
88   88 2020-03-26  80539  72369
89   89 2020-03-27  86498  77491
90   90 2020-03-28  92472  82763
91   91 2020-03-29  97689  88162
92   92 2020-03-30 101739  93661
93   93 2020-03-31 105792  99232
94   94 2020-04-01 110574 104845
95   95 2020-04-02 115242 110469
96   96 2020-04-03 119827 116074
97   97 2020-04-04 124632 121628
98   98 2020-04-05 128948 127102
99   99 2020-04-06 132547 132467
100 100 2020-04-07 135586 137700
101 101 2020-04-08 139422 142776
102 102 2020-04-09 143626 147676
103 103 2020-04-10 147577 152383
104 104 2020-04-11 152271 156883
105 105 2020-04-12 156363 161168
106 106 2020-04-13 159516 165229
107 107 2020-04-14 162488 169064
108 108 2020-04-15 165155 172671
109 109 2020-04-16 168941 176052
110 110 2020-04-17 172434 179210
111 111 2020-04-18 175925 182151
112 112 2020-04-19 178972 184882
113 113 2020-04-20 181228 187410
114 114 2020-04-21 183957 189747
115 115 2020-04-22 187327 191900
116 116 2020-04-23 189973 193880
117 117 2020-04-24 192994 195697
118 118 2020-04-25 195351 197363
119 119 2020-04-26 197675 198886
120 120 2020-04-27 199414 200277
121 121 2020-04-28 201505 201546
122 122 2020-04-29 203591 202702
123 123 2020-04-30 205463 203754
124 124 2020-05-01 207428 204710
125 125 2020-05-02 209328 205579
126 126 2020-05-03 210717 206367
127 127 2020-05-04 211938 207081
128 128 2020-05-05 213013 207728
129 129 2020-05-06 214457 208314
130 130 2020-05-07 215858 208844
131 131 2020-05-08 217185 209324
132 132 2020-05-09 218268 209757

Intervalo de Confianca
              2.5%         97.5%
Asym 210569.746037 217069.686347
xmid     93.825095     94.913730
scal      9.123267      9.885914


Formula: x ~ SSlogis(day, Asym, xmid, scal)

Parameters:
        Estimate  Std. Error t value            Pr(>|t|)    
Asym 213744.9052   1575.0308  135.71 <0.0000000000000002 ***
xmid     94.3604      0.2573  366.71 <0.0000000000000002 ***
scal      9.4983      0.1956   48.57 <0.0000000000000002 ***
---
Signif. codes:  0 ‘***’ 0.001 ‘**’ 0.01 ‘*’ 0.05 ‘.’ 0.1 ‘ ’ 1

Residual standard error: 4462 on 129 degrees of freedom

Number of iterations to convergence: 9 
Achieved convergence tolerance: 0.0000000149


Italy: o primeiro caso foi registrado em 30/01/2020 na data 09/05/2020 temos 100 dias desde o primeiro caso. A data de pico prevista pelo modelo logístico foi 03/05/2020 (dia 94 desde os primeiros casos relatados).
Em 03/05/2020 o modelo estimou 213745+/-1575 casos.

Todos os dados gerados
    country       dias otimista casos_estimados pessimista estimativa_mortes casos_confirmados mortes_confirmadas latitude longitude
1     Italy 2019-12-30       11              12         13                 2                 0                  0 41.87194  12.56738
2     Italy 2019-12-31       12              13         14                 2                 0                  0 41.87194  12.56738
3     Italy 2020-01-01       13              14         15                 2                 0                  0 41.87194  12.56738
4     Italy 2020-01-02       15              16         17                 2                 0                  0 41.87194  12.56738
5     Italy 2020-01-03       17              18         19                 3                 0                  0 41.87194  12.56738
6     Italy 2020-01-04       18              19         20                 3                 0                  0 41.87194  12.56738
7     Italy 2020-01-05       20              22         24                 3                 0                  0 41.87194  12.56738
8     Italy 2020-01-06       22              24         26                 3                 0                  0 41.87194  12.56738
9     Italy 2020-01-07       25              27         29                 4                 0                  0 41.87194  12.56738
10    Italy 2020-01-08       28              30         32                 4                 0                  0 41.87194  12.56738
11    Italy 2020-01-09       31              33         35                 5                 0                  0 41.87194  12.56738
12    Italy 2020-01-10       34              37         40                 5                 0                  0 41.87194  12.56738
13    Italy 2020-01-11       38              41         44                 6                 0                  0 41.87194  12.56738
14    Italy 2020-01-12       42              45         48                 6                 0                  0 41.87194  12.56738
15    Italy 2020-01-13       46              50         54                 7                 0                  0 41.87194  12.56738
16    Italy 2020-01-14       52              56         60                 8                 0                  0 41.87194  12.56738
17    Italy 2020-01-15       58              62         66                 9                 0                  0 41.87194  12.56738
18    Italy 2020-01-16       64              69         74                10                 0                  0 41.87194  12.56738
19    Italy 2020-01-17       71              77         83                11                 0                  0 41.87194  12.56738
20    Italy 2020-01-18       79              85         91                12                 0                  0 41.87194  12.56738
21    Italy 2020-01-19       87              94        101                13                 0                  0 41.87194  12.56738
22    Italy 2020-01-20       97             105        113                15                 0                  0 41.87194  12.56738
23    Italy 2020-01-21      109             117        125                16                 0                  0 41.87194  12.56738
24    Italy 2020-01-22      121             130        139                18                 0                  0 41.87194  12.56738
25    Italy 2020-01-23      134             144        154                20                 0                  0 41.87194  12.56738
26    Italy 2020-01-24      148             160        172                22                 0                  0 41.87194  12.56738
27    Italy 2020-01-25      165             178        191                25                 0                  0 41.87194  12.56738
28    Italy 2020-01-26      183             197        211                27                 0                  0 41.87194  12.56738
29    Italy 2020-01-27      203             219        235                30                 0                  0 41.87194  12.56738
30    Italy 2020-01-28      226             244        262                34                 0                  0 41.87194  12.56738
31    Italy 2020-01-29      251             271        291                38                 0                  0 41.87194  12.56738
32    Italy 2020-01-30      279             301        323                42                 3                  0 41.87194  12.56738
33    Italy 2020-01-31      310             334        358                47                 3                  0 41.87194  12.56738
34    Italy 2020-02-01      344             371        398                52                 3                  0 41.87194  12.56738
35    Italy 2020-02-02      382             412        442                57                 3                  0 41.87194  12.56738
36    Italy 2020-02-03      425             458        491                64                 3                  0 41.87194  12.56738
37    Italy 2020-02-04      471             508        545                71                 3                  0 41.87194  12.56738
38    Italy 2020-02-05      524             565        606                79                 3                  0 41.87194  12.56738
39    Italy 2020-02-06      582             627        672                87                 3                  0 41.87194  12.56738
40    Italy 2020-02-07      647             697        747                97                 3                  0 41.87194  12.56738
41    Italy 2020-02-08      718             774        830               108                 3                  0 41.87194  12.56738
42    Italy 2020-02-09      797             859        921               120                 3                  0 41.87194  12.56738
43    Italy 2020-02-10      885             954       1023               133                 3                  0 41.87194  12.56738
44    Italy 2020-02-11      983            1059       1135               147                 3                  0 41.87194  12.56738
45    Italy 2020-02-12     1091            1176       1261               164                 3                  0 41.87194  12.56738
46    Italy 2020-02-13     1212            1306       1400               182                 3                  0 41.87194  12.56738
47    Italy 2020-02-14     1345            1450       1555               202                 3                  0 41.87194  12.56738
48    Italy 2020-02-15     1494            1610       1726               224                 3                  0 41.87194  12.56738
49    Italy 2020-02-16     1658            1787       1916               249                 3                  0 41.87194  12.56738
50    Italy 2020-02-17     1841            1984       2127               276                 3                  0 41.87194  12.56738
51    Italy 2020-02-18     2043            2202       2361               307                 3                  0 41.87194  12.56738
52    Italy 2020-02-19     2267            2444       2621               340                 3                  0 41.87194  12.56738
53    Italy 2020-02-20     2515            2711       2907               378                 3                  0 41.87194  12.56738
54    Italy 2020-02-21     2791            3008       3225               419                17                  2 41.87194  12.56738
55    Italy 2020-02-22     3096            3337       3578               465                79                  2 41.87194  12.56738
56    Italy 2020-02-23     3434            3701       3968               515               132                  6 41.87194  12.56738
57    Italy 2020-02-24     3808            4104       4400               572               229                 11 41.87194  12.56738
58    Italy 2020-02-25     4221            4550       4879               634               322                 12 41.87194  12.56738
59    Italy 2020-02-26     4679            5043       5407               702               400                 17 41.87194  12.56738
60    Italy 2020-02-27     5185            5589       5993               778               650                 21 41.87194  12.56738
61    Italy 2020-02-28     5744            6191       6638               862               888                 29 41.87194  12.56738
62    Italy 2020-02-29     6361            6856       7351               955              1128                 35 41.87194  12.56738
63    Italy 2020-03-01     7043            7591       8139              1057              1689                 52 41.87194  12.56738
64    Italy 2020-03-02     7793            8400       9007              1170              2036                 80 41.87194  12.56738
65    Italy 2020-03-03     8621            9292       9963              1294              2502                107 41.87194  12.56738
66    Italy 2020-03-04     9533           10275      11017              1431              3089                148 41.87194  12.56738
67    Italy 2020-03-05    10535           11355      12175              1581              3858                197 41.87194  12.56738
68    Italy 2020-03-06    11635           12541      13447              1746              4636                233 41.87194  12.56738
69    Italy 2020-03-07    12844           13844      14844              1928              5883                366 41.87194  12.56738
70    Italy 2020-03-08    14168           15271      16374              2127              7375                464 41.87194  12.56738
71    Italy 2020-03-09    15617           16833      18049              2344              9172                631 41.87194  12.56738
72    Italy 2020-03-10    17200           18539      19878              2582             10149                827 41.87194  12.56738
73    Italy 2020-03-11    18927           20401      21875              2841             12462               1016 41.87194  12.56738
74    Italy 2020-03-12    20809           22429      24049              3123             15113               1268 41.87194  12.56738
75    Italy 2020-03-13    22853           24632      26411              3430             17660               1441 41.87194  12.56738
76    Italy 2020-03-14    25069           27021      28973              3763             21157               1811 41.87194  12.56738
77    Italy 2020-03-15    27466           29605      31744              4123             23980               2158 41.87194  12.56738
78    Italy 2020-03-16    30054           32394      34734              4511             27980               2505 41.87194  12.56738
79    Italy 2020-03-17    32838           35395      37952              4929             31506               2978 41.87194  12.56738
80    Italy 2020-03-18    35826           38615      41404              5377             35713               3407 41.87194  12.56738
81    Italy 2020-03-19    39020           42058      45096              5857             41035               4032 41.87194  12.56738
82    Italy 2020-03-20    42426           45729      49032              6368             47021               4827 41.87194  12.56738
83    Italy 2020-03-21    46042           49627      53212              6911             53578               5476 41.87194  12.56738
84    Italy 2020-03-22    49868           53751      57634              7485             59138               6077 41.87194  12.56738
85    Italy 2020-03-23    53900           58097      62294              8090             63927               6820 41.87194  12.56738
86    Italy 2020-03-24    58130           62656      67182              8725             69176               7505 41.87194  12.56738
87    Italy 2020-03-25    62548           67418      72288              9388             74386               8165 41.87194  12.56738
88    Italy 2020-03-26    67141           72369      77597             10078             80539               9136 41.87194  12.56738
89    Italy 2020-03-27    71893           77491      83089             10791             86498              10023 41.87194  12.56738
90    Italy 2020-03-28    76784           82763      88742             11525             92472              10781 41.87194  12.56738
91    Italy 2020-03-29    81793           88162      94531             12277             97689              11591 41.87194  12.56738
92    Italy 2020-03-30    86895           93661     100427             13043            101739              12430 41.87194  12.56738
93    Italy 2020-03-31    92064           99232     106400             13819            105792              13157 41.87194  12.56738
94    Italy 2020-04-01    97271          104845     112419             14600            110574              13917 41.87194  12.56738
95    Italy 2020-04-02   102489          110469     118449             15383            115242              14681 41.87194  12.56738
96    Italy 2020-04-03   107689          116074     124459             16164            119827              15362 41.87194  12.56738
97    Italy 2020-04-04   112842          121628     130414             16937            124632              15889 41.87194  12.56738
98    Italy 2020-04-05   117921          127102     136283             17700            128948              16525 41.87194  12.56738
99    Italy 2020-04-06   122898          132467     142036             18447            132547              17129 41.87194  12.56738
100   Italy 2020-04-07   127753          137700     147647             19175            135586              17669 41.87194  12.56738
101   Italy 2020-04-08   132462          142776     153090             19882            139422              18281 41.87194  12.56738
102   Italy 2020-04-09   137008          147676     158344             20565            143626              18851 41.87194  12.56738
103   Italy 2020-04-10   141375          152383     163391             21220            147577              19470 41.87194  12.56738
104   Italy 2020-04-11   145550          156883     168216             21847            152271              19901 41.87194  12.56738
105   Italy 2020-04-12   149526          161168     172810             22444            156363              20465 41.87194  12.56738
106   Italy 2020-04-13   153293          165229     177165             23009            159516              21069 41.87194  12.56738
107   Italy 2020-04-14   156851          169064     181277             23543            162488              21647 41.87194  12.56738
108   Italy 2020-04-15   160198          172671     185144             24045            165155              22172 41.87194  12.56738
109   Italy 2020-04-16   163335          176052     188769             24516            168941              22747 41.87194  12.56738
110   Italy 2020-04-17   166264          179210     192156             24956            172434              23227 41.87194  12.56738
111   Italy 2020-04-18   168993          182151     195309             25366            175925              23660 41.87194  12.56738
112   Italy 2020-04-19   171527          184882     198237             25746            178972              24114 41.87194  12.56738
113   Italy 2020-04-20   173872          187410     200948             26098            181228              24648 41.87194  12.56738
114   Italy 2020-04-21   176040          189747     203454             26423            183957              25085 41.87194  12.56738
115   Italy 2020-04-22   178038          191900     205762             26723            187327              25549 41.87194  12.56738
116   Italy 2020-04-23   179875          193880     207885             26999            189973              25969 41.87194  12.56738
117   Italy 2020-04-24   181561          195697     209833             27252            192994              26384 41.87194  12.56738
118   Italy 2020-04-25   183106          197363     211620             27484            195351              26644 41.87194  12.56738
119   Italy 2020-04-26   184519          198886     213253             27696            197675              26977 41.87194  12.56738
120   Italy 2020-04-27   185810          200277     214744             27890            199414              27359 41.87194  12.56738
121   Italy 2020-04-28   186987          201546     216105             28066            201505              27682 41.87194  12.56738
122   Italy 2020-04-29   188060          202702     217344             28227            203591              27967 41.87194  12.56738
123   Italy 2020-04-30   189036          203754     218472             28374            205463              28236 41.87194  12.56738
124   Italy 2020-05-01   189922          204710     219498             28507            207428              28710 41.87194  12.56738
125   Italy 2020-05-02   190729          205579     220429             28628            209328              28884 41.87194  12.56738
126   Italy 2020-05-03   191460          206367     221274             28738            210717              29079 41.87194  12.56738
127   Italy 2020-05-04   192122          207081     222040             28837            211938              29315 41.87194  12.56738
128   Italy 2020-05-05   192722          207728     222734             28927            213013              29684 41.87194  12.56738
129   Italy 2020-05-06   193266          208314     223362             29009            214457              29958 41.87194  12.56738
130   Italy 2020-05-07   193758          208844     223930             29083            215858              30201 41.87194  12.56738
131   Italy 2020-05-08   194203          209324     224445             29149            217185              30395 41.87194  12.56738
132   Italy 2020-05-09   194605          209757     224909             29210            218268              30395 41.87194  12.56738
133   Italy 2020-05-10   194969          210149     225329             29264                NA                 NA 41.87194  12.56738
134   Italy 2020-05-11   195297          210503     225709             29314                NA                 NA 41.87194  12.56738
135   Italy 2020-05-12   195594          210823     226052             29358                NA                 NA 41.87194  12.56738
136   Italy 2020-05-13   195861          211111     226361             29398                NA                 NA 41.87194  12.56738
137   Italy 2020-05-14   196102          211371     226640             29435                NA                 NA 41.87194  12.56738
138   Italy 2020-05-15   196320          211606     226892             29467                NA                 NA 41.87194  12.56738
139   Italy 2020-05-16   196517          211818     227119             29497                NA                 NA 41.87194  12.56738

Fontes:
	OMS - https://ourworldindata.org/coronavirus-source-data
	Worldometers - https://www.worldometers.info/coronavirus