
 Brazil 
Projecao:  7  dias
Gerado em:  2020-05-04 21:26:39
RMSE(%):  8.3 , BIAS(%): 1.98

Taxa de Mortalidade 6.8 %

    country       dias otimista casos_estimados pessimista estimativa_mortes casos_confirmados mortes_confirmadas latitude longitude
115  Brazil 2020-04-22    43390           47304      51218              3214             45757               3313        0         0
116  Brazil 2020-04-23    46884           51113      55342              3473             49492               3670        0         0
117  Brazil 2020-04-24    50588           55151      59714              3748             52995               4016        0         0
118  Brazil 2020-04-25    54505           59421      64337              4038             58509               4205        0         0
119  Brazil 2020-04-26    58632           63921      69210              4343             61888               4543        0         0
120  Brazil 2020-04-27    62970           68650      74330              4665             66501               5017        0         0
121  Brazil 2020-04-28    67513           73603      79693              5001             71886               5466        0         0
122  Brazil 2020-04-29    72254           78771      85288              5352             78162               5901        0         0
123  Brazil 2020-04-30    77183           84145      91107              5718             85380               6329        0         0
124  Brazil 2020-05-01    82288           89710      97132              6096             91589               6750        0         0
125  Brazil 2020-05-02    87556           95453     103350              6486             96559               7025        0         0
126  Brazil 2020-05-03    92967          101353     109739              6887            101147               7328        0         0
127  Brazil 2020-05-04    98506          107391     116276              7297            107844               7328        0         0
128  Brazil 2020-05-05   104148          113542     122936              7715                NA                 NA        0         0
129  Brazil 2020-05-06   109872          119782     129692              8139                NA                 NA        0         0
130  Brazil 2020-05-07   115652          126084     136516              8567                NA                 NA        0         0
131  Brazil 2020-05-08   121465          132421     143377              8998                NA                 NA        0         0
132  Brazil 2020-05-09   127282          138763     150244              9429                NA                 NA        0         0
133  Brazil 2020-05-10   133079          145083     157087              9858                NA                 NA        0         0
134  Brazil 2020-05-11   138830          151352     163874             10284                NA                 NA        0         0

Total de casos no mundo:  3641865 1318545 1469891 572638 223852 47804 8414 721 3641865

Estimados a partir dos dados da OMS:
    day       date      x   xest
1     1 2019-12-30      0      1
2     2 2019-12-31      0      1
3     3 2020-01-01      0      1
4     4 2020-01-02      0      2
5     5 2020-01-03      0      2
6     6 2020-01-04      0      2
7     7 2020-01-05      0      2
8     8 2020-01-06      0      2
9     9 2020-01-07      0      2
10   10 2020-01-08      0      3
11   11 2020-01-09      0      3
12   12 2020-01-10      0      3
13   13 2020-01-11      0      4
14   14 2020-01-12      0      4
15   15 2020-01-13      0      4
16   16 2020-01-14      0      5
17   17 2020-01-15      0      5
18   18 2020-01-16      0      6
19   19 2020-01-17      0      6
20   20 2020-01-18      0      7
21   21 2020-01-19      0      8
22   22 2020-01-20      0      8
23   23 2020-01-21      0      9
24   24 2020-01-22      0     10
25   25 2020-01-23      0     11
26   26 2020-01-24      0     12
27   27 2020-01-25      0     14
28   28 2020-01-26      0     15
29   29 2020-01-27      0     16
30   30 2020-01-28      0     18
31   31 2020-01-29      0     20
32   32 2020-01-30      0     22
33   33 2020-01-31      0     24
34   34 2020-02-01      0     26
35   35 2020-02-02      0     29
36   36 2020-02-03      0     32
37   37 2020-02-04      0     35
38   38 2020-02-05      0     39
39   39 2020-02-06      0     42
40   40 2020-02-07      0     47
41   41 2020-02-08      0     51
42   42 2020-02-09      0     56
43   43 2020-02-10      0     62
44   44 2020-02-11      0     68
45   45 2020-02-12      0     75
46   46 2020-02-13      0     82
47   47 2020-02-14      0     91
48   48 2020-02-15      0    100
49   49 2020-02-16      0    110
50   50 2020-02-17      0    120
51   51 2020-02-18      0    132
52   52 2020-02-19      0    146
53   53 2020-02-20      0    160
54   54 2020-02-21      0    176
55   55 2020-02-22      0    194
56   56 2020-02-23      0    213
57   57 2020-02-24      0    234
58   58 2020-02-25      1    257
59   59 2020-02-26      1    283
60   60 2020-02-27      1    311
61   61 2020-02-28      1    342
62   62 2020-02-29      2    376
63   63 2020-03-01      2    413
64   64 2020-03-02      2    454
65   65 2020-03-03      2    499
66   66 2020-03-04      3    549
67   67 2020-03-05      8    603
68   68 2020-03-06     13    663
69   69 2020-03-07     13    729
70   70 2020-03-08     25    801
71   71 2020-03-09     25    881
72   72 2020-03-10     34    968
73   73 2020-03-11     52   1064
74   74 2020-03-12     77   1170
75   75 2020-03-13     98   1286
76   76 2020-03-14    121   1413
77   77 2020-03-15    200   1553
78   78 2020-03-16    234   1706
79   79 2020-03-17    291   1875
80   80 2020-03-18    428   2060
81   81 2020-03-19    621   2263
82   82 2020-03-20    904   2486
83   83 2020-03-21   1128   2731
84   84 2020-03-22   1546   3000
85   85 2020-03-23   1891   3295
86   86 2020-03-24   2201   3619
87   87 2020-03-25   2433   3973
88   88 2020-03-26   2915   4362
89   89 2020-03-27   3417   4789
90   90 2020-03-28   3904   5256
91   91 2020-03-29   4256   5768
92   92 2020-03-30   4579   6328
93   93 2020-03-31   5717   6942
94   94 2020-04-01   6836   7613
95   95 2020-04-02   7910   8347
96   96 2020-04-03   9056   9150
97   97 2020-04-04  10278  10026
98   98 2020-04-05  11130  10983
99   99 2020-04-06  12056  12027
100 100 2020-04-07  13717  13165
101 101 2020-04-08  15927  14405
102 102 2020-04-09  17857  15754
103 103 2020-04-10  19638  17221
104 104 2020-04-11  20727  18814
105 105 2020-04-12  22169  20543
106 106 2020-04-13  23430  22416
107 107 2020-04-14  25262  24443
108 108 2020-04-15  28320  26634
109 109 2020-04-16  30425  28997
110 110 2020-04-17  33682  31543
111 111 2020-04-18  36599  34280
112 112 2020-04-19  38654  37217
113 113 2020-04-20  40581  40362
114 114 2020-04-21  43079  43722
115 115 2020-04-22  45757  47304
116 116 2020-04-23  49492  51113
117 117 2020-04-24  52995  55151
118 118 2020-04-25  58509  59421
119 119 2020-04-26  61888  63921
120 120 2020-04-27  66501  68650
121 121 2020-04-28  71886  73603
122 122 2020-04-29  78162  78771
123 123 2020-04-30  85380  84145
124 124 2020-05-01  91589  89710
125 125 2020-05-02  96559  95453
126 126 2020-05-03 101147 101353
127 127 2020-05-04 107844 107391

Intervalo de Confianca
             2.5%        97.5%
Asym 237957.36216 307599.61755
xmid    129.14613    133.64599
scal     10.18867     10.90613


Formula: x ~ SSlogis(day, Asym, xmid, scal)

Parameters:
        Estimate  Std. Error t value            Pr(>|t|)    
Asym 267490.3720  17836.0554   15.00 <0.0000000000000002 ***
xmid    131.2087      1.1762  111.55 <0.0000000000000002 ***
scal     10.5397      0.1926   54.73 <0.0000000000000002 ***
---
Signif. codes:  0 ‘***’ 0.001 ‘**’ 0.01 ‘*’ 0.05 ‘.’ 0.1 ‘ ’ 1

Residual standard error: 970.7 on 124 degrees of freedom

Number of iterations to convergence: 8 
Achieved convergence tolerance: 0.0000000149


Brazil: o primeiro caso foi registrado em 25/02/2020 na data 04/05/2020 temos 69 dias desde o primeiro caso. A data de pico prevista pelo modelo logístico é 05/07/2020 (dia 131 desde os primeiros casos relatados).
Em 05/07/2020 o modelo estima 267490+/-17836 casos. De acordo com o modelo ajustado temos 62 de infecçao pela frente.

Todos os dados gerados
    country       dias otimista casos_estimados pessimista estimativa_mortes casos_confirmados mortes_confirmadas latitude longitude
1    Brazil 2019-12-30        1               1          1                 0                 0                  0        0         0
2    Brazil 2019-12-31        1               1          1                 0                 0                  0        0         0
3    Brazil 2020-01-01        1               1          1                 0                 0                  0        0         0
4    Brazil 2020-01-02        2               2          2                 0                 0                  0        0         0
5    Brazil 2020-01-03        2               2          2                 0                 0                  0        0         0
6    Brazil 2020-01-04        2               2          2                 0                 0                  0        0         0
7    Brazil 2020-01-05        2               2          2                 0                 0                  0        0         0
8    Brazil 2020-01-06        2               2          2                 0                 0                  0        0         0
9    Brazil 2020-01-07        2               2          2                 0                 0                  0        0         0
10   Brazil 2020-01-08        3               3          3                 0                 0                  0        0         0
11   Brazil 2020-01-09        3               3          3                 0                 0                  0        0         0
12   Brazil 2020-01-10        3               3          3                 0                 0                  0        0         0
13   Brazil 2020-01-11        4               4          4                 0                 0                  0        0         0
14   Brazil 2020-01-12        4               4          4                 0                 0                  0        0         0
15   Brazil 2020-01-13        4               4          4                 0                 0                  0        0         0
16   Brazil 2020-01-14        5               5          5                 0                 0                  0        0         0
17   Brazil 2020-01-15        5               5          5                 0                 0                  0        0         0
18   Brazil 2020-01-16        6               6          6                 0                 0                  0        0         0
19   Brazil 2020-01-17        6               6          6                 0                 0                  0        0         0
20   Brazil 2020-01-18        6               7          8                 0                 0                  0        0         0
21   Brazil 2020-01-19        7               8          9                 1                 0                  0        0         0
22   Brazil 2020-01-20        7               8          9                 1                 0                  0        0         0
23   Brazil 2020-01-21        8               9         10                 1                 0                  0        0         0
24   Brazil 2020-01-22        9              10         11                 1                 0                  0        0         0
25   Brazil 2020-01-23       10              11         12                 1                 0                  0        0         0
26   Brazil 2020-01-24       11              12         13                 1                 0                  0        0         0
27   Brazil 2020-01-25       13              14         15                 1                 0                  0        0         0
28   Brazil 2020-01-26       14              15         16                 1                 0                  0        0         0
29   Brazil 2020-01-27       15              16         17                 1                 0                  0        0         0
30   Brazil 2020-01-28       17              18         19                 1                 0                  0        0         0
31   Brazil 2020-01-29       18              20         22                 1                 0                  0        0         0
32   Brazil 2020-01-30       20              22         24                 1                 0                  0        0         0
33   Brazil 2020-01-31       22              24         26                 2                 0                  0        0         0
34   Brazil 2020-02-01       24              26         28                 2                 0                  0        0         0
35   Brazil 2020-02-02       27              29         31                 2                 0                  0        0         0
36   Brazil 2020-02-03       29              32         35                 2                 0                  0        0         0
37   Brazil 2020-02-04       32              35         38                 2                 0                  0        0         0
38   Brazil 2020-02-05       36              39         42                 3                 0                  0        0         0
39   Brazil 2020-02-06       39              42         45                 3                 0                  0        0         0
40   Brazil 2020-02-07       43              47         51                 3                 0                  0        0         0
41   Brazil 2020-02-08       47              51         55                 3                 0                  0        0         0
42   Brazil 2020-02-09       51              56         61                 4                 0                  0        0         0
43   Brazil 2020-02-10       57              62         67                 4                 0                  0        0         0
44   Brazil 2020-02-11       62              68         74                 5                 0                  0        0         0
45   Brazil 2020-02-12       69              75         81                 5                 0                  0        0         0
46   Brazil 2020-02-13       75              82         89                 6                 0                  0        0         0
47   Brazil 2020-02-14       83              91         99                 6                 0                  0        0         0
48   Brazil 2020-02-15       92             100        108                 7                 0                  0        0         0
49   Brazil 2020-02-16      101             110        119                 7                 0                  0        0         0
50   Brazil 2020-02-17      110             120        130                 8                 0                  0        0         0
51   Brazil 2020-02-18      121             132        143                 9                 0                  0        0         0
52   Brazil 2020-02-19      134             146        158                10                 0                  0        0         0
53   Brazil 2020-02-20      147             160        173                11                 0                  0        0         0
54   Brazil 2020-02-21      161             176        191                12                 0                  0        0         0
55   Brazil 2020-02-22      178             194        210                13                 0                  0        0         0
56   Brazil 2020-02-23      195             213        231                14                 0                  0        0         0
57   Brazil 2020-02-24      215             234        253                16                 0                  0        0         0
58   Brazil 2020-02-25      236             257        278                17                 1                  0        0         0
59   Brazil 2020-02-26      260             283        306                19                 1                  0        0         0
60   Brazil 2020-02-27      285             311        337                21                 1                  0        0         0
61   Brazil 2020-02-28      314             342        370                23                 1                  0        0         0
62   Brazil 2020-02-29      345             376        407                26                 2                  0        0         0
63   Brazil 2020-03-01      379             413        447                28                 2                  0        0         0
64   Brazil 2020-03-02      416             454        492                31                 2                  0        0         0
65   Brazil 2020-03-03      458             499        540                34                 2                  0        0         0
66   Brazil 2020-03-04      504             549        594                37                 3                  0        0         0
67   Brazil 2020-03-05      553             603        653                41                 8                  0        0         0
68   Brazil 2020-03-06      608             663        718                45                13                  0        0         0
69   Brazil 2020-03-07      669             729        789                50                13                  0        0         0
70   Brazil 2020-03-08      735             801        867                54                25                  0        0         0
71   Brazil 2020-03-09      808             881        954                60                25                  0        0         0
72   Brazil 2020-03-10      888             968       1048                66                34                  0        0         0
73   Brazil 2020-03-11      976            1064       1152                72                52                  0        0         0
74   Brazil 2020-03-12     1073            1170       1267                80                77                  0        0         0
75   Brazil 2020-03-13     1180            1286       1392                87                98                  0        0         0
76   Brazil 2020-03-14     1296            1413       1530                96               121                  0        0         0
77   Brazil 2020-03-15     1425            1553       1681               106               200                  0        0         0
78   Brazil 2020-03-16     1565            1706       1847               116               234                  1        0         0
79   Brazil 2020-03-17     1720            1875       2030               127               291                  4        0         0
80   Brazil 2020-03-18     1890            2060       2230               140               428                  6        0         0
81   Brazil 2020-03-19     2076            2263       2450               154               621                 11        0         0
82   Brazil 2020-03-20     2280            2486       2692               169               904                 18        0         0
83   Brazil 2020-03-21     2505            2731       2957               186              1128                 25        0         0
84   Brazil 2020-03-22     2752            3000       3248               204              1546                 34        0         0
85   Brazil 2020-03-23     3022            3295       3568               224              1891                 46        0         0
86   Brazil 2020-03-24     3320            3619       3918               246              2201                 57        0         0
87   Brazil 2020-03-25     3644            3973       4302               270              2433                 77        0         0
88   Brazil 2020-03-26     4001            4362       4723               296              2915                 92        0         0
89   Brazil 2020-03-27     4393            4789       5185               325              3417                114        0         0
90   Brazil 2020-03-28     4821            5256       5691               357              3904                136        0         0
91   Brazil 2020-03-29     5291            5768       6245               392              4256                159        0         0
92   Brazil 2020-03-30     5804            6328       6852               430              4579                201        0         0
93   Brazil 2020-03-31     6368            6942       7516               472              5717                241        0         0
94   Brazil 2020-04-01     6983            7613       8243               517              6836                299        0         0
95   Brazil 2020-04-02     7656            8347       9038               567              7910                359        0         0
96   Brazil 2020-04-03     8393            9150       9907               622              9056                432        0         0
97   Brazil 2020-04-04     9196           10026      10856               681             10278                486        0         0
98   Brazil 2020-04-05    10074           10983      11892               746             11130                553        0         0
99   Brazil 2020-04-06    11032           12027      13022               817             12056                667        0         0
100  Brazil 2020-04-07    12076           13165      14254               895             13717                800        0         0
101  Brazil 2020-04-08    13213           14405      15597               979             15927                941        0         0
102  Brazil 2020-04-09    14451           15754      17057              1070             17857               1056        0         0
103  Brazil 2020-04-10    15796           17221      18646              1170             19638               1124        0         0
104  Brazil 2020-04-11    17257           18814      20371              1278             20727               1223        0         0
105  Brazil 2020-04-12    18843           20543      22243              1396             22169               1328        0         0
106  Brazil 2020-04-13    20561           22416      24271              1523             23430               1532        0         0
107  Brazil 2020-04-14    22421           24443      26465              1661             25262               1736        0         0
108  Brazil 2020-04-15    24430           26634      28838              1810             28320               1924        0         0
109  Brazil 2020-04-16    26598           28997      31396              1970             30425               2141        0         0
110  Brazil 2020-04-17    28933           31543      34153              2143             33682               2347        0         0
111  Brazil 2020-04-18    31444           34280      37116              2329             36599               2462        0         0
112  Brazil 2020-04-19    34138           37217      40296              2529             38654               2575        0         0
113  Brazil 2020-04-20    37023           40362      43701              2743             40581               2741        0         0
114  Brazil 2020-04-21    40105           43722      47339              2971             43079               2906        0         0
115  Brazil 2020-04-22    43390           47304      51218              3214             45757               3313        0         0
116  Brazil 2020-04-23    46884           51113      55342              3473             49492               3670        0         0
117  Brazil 2020-04-24    50588           55151      59714              3748             52995               4016        0         0
118  Brazil 2020-04-25    54505           59421      64337              4038             58509               4205        0         0
119  Brazil 2020-04-26    58632           63921      69210              4343             61888               4543        0         0
120  Brazil 2020-04-27    62970           68650      74330              4665             66501               5017        0         0
121  Brazil 2020-04-28    67513           73603      79693              5001             71886               5466        0         0
122  Brazil 2020-04-29    72254           78771      85288              5352             78162               5901        0         0
123  Brazil 2020-04-30    77183           84145      91107              5718             85380               6329        0         0
124  Brazil 2020-05-01    82288           89710      97132              6096             91589               6750        0         0
125  Brazil 2020-05-02    87556           95453     103350              6486             96559               7025        0         0
126  Brazil 2020-05-03    92967          101353     109739              6887            101147               7328        0         0
127  Brazil 2020-05-04    98506          107391     116276              7297            107844               7328        0         0
128  Brazil 2020-05-05   104148          113542     122936              7715                NA                 NA        0         0
129  Brazil 2020-05-06   109872          119782     129692              8139                NA                 NA        0         0
130  Brazil 2020-05-07   115652          126084     136516              8567                NA                 NA        0         0
131  Brazil 2020-05-08   121465          132421     143377              8998                NA                 NA        0         0
132  Brazil 2020-05-09   127282          138763     150244              9429                NA                 NA        0         0
133  Brazil 2020-05-10   133079          145083     157087              9858                NA                 NA        0         0
134  Brazil 2020-05-11   138830          151352     163874             10284                NA                 NA        0         0

Fontes:
	OMS - https://ourworldindata.org/coronavirus-source-data
	Worldometers - https://www.worldometers.info/coronavirus